0.00 	 0.100000 
0.01 	 0.104857 
0.02 	 0.109946 
0.03 	 0.115280 
0.04 	 0.120869 
0.05 	 0.126724 
0.06 	 0.132858 
0.07 	 0.139284 
0.08 	 0.146014 
0.09 	 0.153061 
0.10 	 0.160441 
0.11 	 0.168166 
0.12 	 0.176252 
0.13 	 0.184714 
0.14 	 0.193568 
0.15 	 0.202829 
0.16 	 0.212514 
0.17 	 0.222639 
0.18 	 0.233221 
0.19 	 0.244276 
0.20 	 0.255823 
0.21 	 0.267877 
0.22 	 0.280456 
0.23 	 0.293577 
0.24 	 0.307255 
0.25 	 0.321506 
0.26 	 0.336346 
0.27 	 0.351789 
0.28 	 0.367848 
0.29 	 0.384534 
0.30 	 0.401859 
0.31 	 0.419831 
0.32 	 0.438458 
0.33 	 0.457742 
0.34 	 0.477687 
0.35 	 0.498292 
0.36 	 0.519553 
0.37 	 0.541462 
0.38 	 0.564011 
0.39 	 0.587184 
0.40 	 0.610963 
0.41 	 0.635328 
0.42 	 0.660252 
0.43 	 0.685707 
0.44 	 0.711658 
0.45 	 0.738070 
0.46 	 0.764902 
0.47 	 0.792111 
0.48 	 0.819650 
0.49 	 0.847473 
0.50 	 0.875528 
0.51 	 0.903764 
0.52 	 0.932130 
0.53 	 0.960572 
0.54 	 0.989038 
0.55 	 1.017478 
0.56 	 1.045840 
0.57 	 1.074077 
0.58 	 1.102142 
0.59 	 1.129991 
0.60 	 1.157584 
0.61 	 1.184883 
0.62 	 1.211852 
0.63 	 1.238459 
0.64 	 1.264678 
0.65 	 1.290482 
0.66 	 1.315851 
0.67 	 1.340764 
0.68 	 1.365208 
0.69 	 1.389169 
0.70 	 1.412638 
0.71 	 1.435606 
0.72 	 1.458070 
0.73 	 1.480027 
0.74 	 1.501475 
0.75 	 1.522416 
0.76 	 1.542852 
0.77 	 1.562787 
0.78 	 1.582227 
0.79 	 1.601177 
0.80 	 1.619645 
0.81 	 1.637639 
0.82 	 1.655168 
0.83 	 1.672240 
0.84 	 1.688866 
0.85 	 1.705055 
0.86 	 1.720818 
0.87 	 1.736165 
0.88 	 1.751106 
0.89 	 1.765652 
0.90 	 1.779813 
0.91 	 1.793601 
0.92 	 1.807025 
0.93 	 1.820096 
0.94 	 1.832824 
0.95 	 1.845219 
0.96 	 1.857291 
0.97 	 1.869049 
0.98 	 1.880503 
0.99 	 1.891663 
1.00 	 1.902536 
1.01 	 1.913132 
1.02 	 1.923459 
1.03 	 1.933526 
1.04 	 1.943340 
1.05 	 1.952909 
1.06 	 1.962241 
1.07 	 1.971344 
1.08 	 1.980223 
1.09 	 1.988886 
1.10 	 1.997340 
1.11 	 2.005591 
1.12 	 2.013645 
1.13 	 2.021508 
1.14 	 2.029186 
1.15 	 2.036685 
1.16 	 2.044009 
1.17 	 2.051165 
1.18 	 2.058157 
1.19 	 2.064990 
1.20 	 2.071668 
1.21 	 2.078197 
1.22 	 2.084580 
1.23 	 2.090822 
1.24 	 2.096927 
1.25 	 2.102899 
1.26 	 2.108742 
1.27 	 2.114459 
1.28 	 2.120054 
1.29 	 2.125530 
1.30 	 2.130891 
1.31 	 2.136139 
1.32 	 2.141279 
1.33 	 2.146312 
1.34 	 2.151242 
1.35 	 2.156072 
1.36 	 2.160804 
1.37 	 2.165441 
1.38 	 2.169986 
1.39 	 2.174440 
1.40 	 2.178807 
1.41 	 2.183088 
1.42 	 2.187286 
1.43 	 2.191403 
1.44 	 2.195440 
1.45 	 2.199401 
1.46 	 2.203287 
1.47 	 2.207099 
1.48 	 2.210840 
1.49 	 2.214511 
1.50 	 2.218115 
1.51 	 2.221652 
1.52 	 2.225124 
1.53 	 2.228534 
1.54 	 2.231882 
1.55 	 2.235169 
1.56 	 2.238398 
1.57 	 2.241570 
1.58 	 2.244686 
1.59 	 2.247747 
1.60 	 2.250754 
1.61 	 2.253710 
1.62 	 2.256614 
1.63 	 2.259468 
1.64 	 2.262274 
1.65 	 2.265032 
1.66 	 2.267744 
1.67 	 2.270410 
1.68 	 2.273031 
1.69 	 2.275609 
1.70 	 2.278144 
1.71 	 2.280637 
1.72 	 2.283090 
1.73 	 2.285503 
1.74 	 2.287876 
1.75 	 2.290211 
1.76 	 2.292509 
1.77 	 2.294770 
1.78 	 2.296995 
1.79 	 2.299184 
1.80 	 2.301340 
1.81 	 2.303461 
1.82 	 2.305549 
1.83 	 2.307605 
1.84 	 2.309629 
1.85 	 2.311622 
1.86 	 2.313584 
1.87 	 2.315516 
1.88 	 2.317419 
1.89 	 2.319293 
1.90 	 2.321139 
1.91 	 2.322957 
1.92 	 2.324748 
1.93 	 2.326513 
1.94 	 2.328251 
1.95 	 2.329963 
1.96 	 2.331651 
1.97 	 2.333313 
1.98 	 2.334951 
1.99 	 2.336566 
2.00 	 2.338157 
2.01 	 2.339725 
2.02 	 2.341271 
2.03 	 2.342794 
2.04 	 2.344296 
2.05 	 2.345776 
2.06 	 2.347236 
2.07 	 2.348675 
2.08 	 2.350093 
2.09 	 2.351492 
2.10 	 2.352871 
2.11 	 2.354231 
2.12 	 2.355572 
2.13 	 2.356895 
2.14 	 2.358199 
2.15 	 2.359486 
2.16 	 2.360755 
2.17 	 2.362006 
2.18 	 2.363241 
2.19 	 2.364459 
2.20 	 2.365660 
2.21 	 2.366845 
2.22 	 2.368015 
2.23 	 2.369168 
2.24 	 2.370307 
2.25 	 2.371430 
2.26 	 2.372538 
2.27 	 2.373632 
2.28 	 2.374711 
2.29 	 2.375776 
2.30 	 2.376827 
2.31 	 2.377864 
2.32 	 2.378888 
2.33 	 2.379898 
2.34 	 2.380896 
2.35 	 2.381880 
2.36 	 2.382852 
2.37 	 2.383811 
2.38 	 2.384758 
2.39 	 2.385693 
2.40 	 2.386616 
2.41 	 2.387527 
2.42 	 2.388427 
2.43 	 2.389315 
2.44 	 2.390192 
2.45 	 2.391058 
2.46 	 2.391913 
2.47 	 2.392758 
2.48 	 2.393592 
2.49 	 2.394415 
2.50 	 2.395228 
2.51 	 2.396031 
2.52 	 2.396824 
2.53 	 2.397608 
2.54 	 2.398381 
2.55 	 2.399145 
2.56 	 2.399900 
2.57 	 2.400646 
2.58 	 2.401382 
2.59 	 2.402110 
2.60 	 2.402828 
2.61 	 2.403538 
2.62 	 2.404239 
2.63 	 2.404932 
2.64 	 2.405616 
2.65 	 2.406292 
2.66 	 2.406960 
2.67 	 2.407620 
2.68 	 2.408273 
2.69 	 2.408917 
2.70 	 2.409553 
2.71 	 2.410182 
2.72 	 2.410804 
2.73 	 2.411418 
2.74 	 2.412025 
2.75 	 2.412625 
2.76 	 2.413218 
2.77 	 2.413803 
2.78 	 2.414382 
2.79 	 2.414954 
2.80 	 2.415519 
2.81 	 2.416078 
2.82 	 2.416630 
2.83 	 2.417176 
2.84 	 2.417715 
2.85 	 2.418248 
2.86 	 2.418775 
2.87 	 2.419296 
2.88 	 2.419811 
2.89 	 2.420320 
2.90 	 2.420823 
2.91 	 2.421320 
2.92 	 2.421812 
2.93 	 2.422298 
2.94 	 2.422778 
2.95 	 2.423253 
2.96 	 2.423722 
2.97 	 2.424186 
2.98 	 2.424645 
2.99 	 2.425099 
3.00 	 2.425547 
3.01 	 2.425990 
3.02 	 2.426429 
3.03 	 2.426862 
3.04 	 2.427290 
3.05 	 2.427714 
3.06 	 2.428133 
3.07 	 2.428547 
3.08 	 2.428957 
3.09 	 2.429362 
3.10 	 2.429762 
3.11 	 2.430158 
3.12 	 2.430549 
3.13 	 2.430936 
3.14 	 2.431319 
3.15 	 2.431698 
3.16 	 2.432072 
3.17 	 2.432442 
3.18 	 2.432808 
3.19 	 2.433170 
3.20 	 2.433528 
3.21 	 2.433883 
3.22 	 2.434233 
3.23 	 2.434579 
3.24 	 2.434921 
3.25 	 2.435260 
3.26 	 2.435595 
3.27 	 2.435927 
3.28 	 2.436254 
3.29 	 2.436578 
3.30 	 2.436899 
3.31 	 2.437216 
3.32 	 2.437530 
3.33 	 2.437840 
3.34 	 2.438147 
3.35 	 2.438450 
3.36 	 2.438750 
3.37 	 2.439047 
3.38 	 2.439341 
3.39 	 2.439631 
3.40 	 2.439919 
3.41 	 2.440203 
3.42 	 2.440484 
3.43 	 2.440762 
3.44 	 2.441037 
3.45 	 2.441309 
3.46 	 2.441579 
3.47 	 2.441845 
3.48 	 2.442109 
3.49 	 2.442369 
3.50 	 2.442627 
3.51 	 2.442882 
3.52 	 2.443134 
3.53 	 2.443384 
3.54 	 2.443631 
3.55 	 2.443875 
3.56 	 2.444117 
3.57 	 2.444356 
3.58 	 2.444593 
3.59 	 2.444827 
3.60 	 2.445059 
3.61 	 2.445288 
3.62 	 2.445515 
3.63 	 2.445739 
3.64 	 2.445961 
3.65 	 2.446180 
3.66 	 2.446398 
3.67 	 2.446613 
3.68 	 2.446825 
3.69 	 2.447036 
3.70 	 2.447244 
3.71 	 2.447450 
3.72 	 2.447654 
3.73 	 2.447855 
3.74 	 2.448055 
3.75 	 2.448252 
3.76 	 2.448448 
3.77 	 2.448641 
3.78 	 2.448832 
3.79 	 2.449022 
3.80 	 2.449209 
3.81 	 2.449394 
3.82 	 2.449578 
3.83 	 2.449759 
3.84 	 2.449939 
3.85 	 2.450116 
3.86 	 2.450292 
3.87 	 2.450466 
3.88 	 2.450638 
3.89 	 2.450809 
3.90 	 2.450977 
3.91 	 2.451144 
3.92 	 2.451309 
3.93 	 2.451473 
3.94 	 2.451635 
3.95 	 2.451795 
3.96 	 2.451953 
3.97 	 2.452110 
3.98 	 2.452265 
3.99 	 2.452418 
4.00 	 2.452570 
4.01 	 2.452720 
4.02 	 2.452869 
4.03 	 2.453016 
4.04 	 2.453162 
4.05 	 2.453306 
4.06 	 2.453449 
4.07 	 2.453590 
4.08 	 2.453730 
4.09 	 2.453868 
4.10 	 2.454005 
4.11 	 2.454141 
4.12 	 2.454275 
4.13 	 2.454407 
4.14 	 2.454539 
4.15 	 2.454669 
4.16 	 2.454797 
4.17 	 2.454925 
4.18 	 2.455051 
4.19 	 2.455175 
4.20 	 2.455299 
4.21 	 2.455421 
4.22 	 2.455542 
4.23 	 2.455662 
4.24 	 2.455780 
4.25 	 2.455897 
4.26 	 2.456013 
4.27 	 2.456128 
4.28 	 2.456242 
4.29 	 2.456354 
4.30 	 2.456466 
4.31 	 2.456576 
4.32 	 2.456685 
4.33 	 2.456793 
4.34 	 2.456900 
4.35 	 2.457006 
4.36 	 2.457110 
4.37 	 2.457214 
4.38 	 2.457317 
4.39 	 2.457418 
4.40 	 2.457519 
4.41 	 2.457618 
4.42 	 2.457717 
4.43 	 2.457814 
4.44 	 2.457911 
4.45 	 2.458006 
4.46 	 2.458101 
4.47 	 2.458194 
4.48 	 2.458287 
4.49 	 2.458379 
4.50 	 2.458469 
4.51 	 2.458559 
4.52 	 2.458648 
4.53 	 2.458736 
4.54 	 2.458823 
4.55 	 2.458909 
4.56 	 2.458995 
4.57 	 2.459079 
4.58 	 2.459163 
4.59 	 2.459246 
4.60 	 2.459328 
4.61 	 2.459409 
4.62 	 2.459489 
4.63 	 2.459568 
4.64 	 2.459647 
4.65 	 2.459725 
4.66 	 2.459802 
4.67 	 2.459878 
4.68 	 2.459954 
4.69 	 2.460029 
4.70 	 2.460103 
4.71 	 2.460176 
4.72 	 2.460249 
4.73 	 2.460321 
4.74 	 2.460392 
4.75 	 2.460462 
4.76 	 2.460532 
4.77 	 2.460601 
4.78 	 2.460669 
4.79 	 2.460736 
4.80 	 2.460803 
4.81 	 2.460870 
4.82 	 2.460935 
4.83 	 2.461000 
4.84 	 2.461064 
4.85 	 2.461128 
4.86 	 2.461191 
4.87 	 2.461253 
4.88 	 2.461315 
4.89 	 2.461376 
4.90 	 2.461436 
4.91 	 2.461496 
4.92 	 2.461556 
4.93 	 2.461614 
4.94 	 2.461672 
4.95 	 2.461730 
4.96 	 2.461787 
4.97 	 2.461843 
4.98 	 2.461899 
4.99 	 2.461954 
5.00 	 2.462009 
5.01 	 2.462063 
5.02 	 2.462116 
5.03 	 2.462170 
5.04 	 2.462222 
5.05 	 2.462274 
5.06 	 2.462325 
5.07 	 2.462376 
5.08 	 2.462427 
5.09 	 2.462477 
5.10 	 2.462526 
5.11 	 2.462575 
5.12 	 2.462624 
5.13 	 2.462672 
5.14 	 2.462719 
5.15 	 2.462766 
5.16 	 2.462813 
5.17 	 2.462859 
5.18 	 2.462904 
5.19 	 2.462950 
5.20 	 2.462994 
5.21 	 2.463038 
5.22 	 2.463082 
5.23 	 2.463126 
5.24 	 2.463169 
5.25 	 2.463211 
5.26 	 2.463253 
5.27 	 2.463295 
5.28 	 2.463336 
5.29 	 2.463377 
5.30 	 2.463417 
5.31 	 2.463458 
5.32 	 2.463497 
5.33 	 2.463536 
5.34 	 2.463575 
5.35 	 2.463614 
5.36 	 2.463652 
5.37 	 2.463690 
5.38 	 2.463727 
5.39 	 2.463764 
5.40 	 2.463800 
5.41 	 2.463837 
5.42 	 2.463872 
5.43 	 2.463908 
5.44 	 2.463943 
5.45 	 2.463978 
5.46 	 2.464012 
5.47 	 2.464047 
5.48 	 2.464080 
5.49 	 2.464114 
5.50 	 2.464147 
5.51 	 2.464180 
5.52 	 2.464212 
5.53 	 2.464244 
5.54 	 2.464276 
5.55 	 2.464307 
5.56 	 2.464339 
5.57 	 2.464370 
5.58 	 2.464400 
5.59 	 2.464430 
5.60 	 2.464460 
5.61 	 2.464490 
5.62 	 2.464519 
5.63 	 2.464548 
5.64 	 2.464577 
5.65 	 2.464606 
5.66 	 2.464634 
5.67 	 2.464662 
5.68 	 2.464690 
5.69 	 2.464717 
5.70 	 2.464744 
5.71 	 2.464771 
5.72 	 2.464797 
5.73 	 2.464824 
5.74 	 2.464850 
5.75 	 2.464876 
5.76 	 2.464901 
5.77 	 2.464926 
5.78 	 2.464951 
5.79 	 2.464976 
5.80 	 2.465001 
5.81 	 2.465025 
5.82 	 2.465049 
5.83 	 2.465073 
5.84 	 2.465097 
5.85 	 2.465120 
5.86 	 2.465143 
5.87 	 2.465166 
5.88 	 2.465189 
5.89 	 2.465211 
5.90 	 2.465233 
5.91 	 2.465255 
5.92 	 2.465277 
5.93 	 2.465298 
5.94 	 2.465320 
5.95 	 2.465341 
5.96 	 2.465362 
5.97 	 2.465383 
5.98 	 2.465403 
5.99 	 2.465423 
6.00 	 2.465444 
6.01 	 2.465463 
6.02 	 2.465483 
6.03 	 2.465503 
6.04 	 2.465522 
6.05 	 2.465541 
6.06 	 2.465560 
6.07 	 2.465579 
6.08 	 2.465597 
6.09 	 2.465616 
6.10 	 2.465634 
6.11 	 2.465652 
6.12 	 2.465670 
6.13 	 2.465688 
6.14 	 2.465705 
6.15 	 2.465722 
6.16 	 2.465740 
6.17 	 2.465756 
6.18 	 2.465773 
6.19 	 2.465790 
6.20 	 2.465806 
6.21 	 2.465823 
6.22 	 2.465839 
6.23 	 2.465855 
6.24 	 2.465871 
6.25 	 2.465886 
6.26 	 2.465902 
6.27 	 2.465917 
6.28 	 2.465933 
6.29 	 2.465948 
6.30 	 2.465963 
6.31 	 2.465977 
6.32 	 2.465992 
6.33 	 2.466006 
6.34 	 2.466021 
6.35 	 2.466035 
6.36 	 2.466049 
6.37 	 2.466063 
6.38 	 2.466077 
6.39 	 2.466090 
6.40 	 2.466104 
6.41 	 2.466117 
6.42 	 2.466131 
6.43 	 2.466144 
6.44 	 2.466157 
6.45 	 2.466170 
6.46 	 2.466182 
6.47 	 2.466195 
6.48 	 2.466207 
6.49 	 2.466220 
6.50 	 2.466232 
6.51 	 2.466244 
6.52 	 2.466256 
6.53 	 2.466268 
6.54 	 2.466280 
6.55 	 2.466291 
6.56 	 2.466303 
6.57 	 2.466314 
6.58 	 2.466326 
6.59 	 2.466337 
6.60 	 2.466348 
6.61 	 2.466359 
6.62 	 2.466370 
6.63 	 2.466380 
6.64 	 2.466391 
6.65 	 2.466402 
6.66 	 2.466412 
6.67 	 2.466422 
6.68 	 2.466433 
6.69 	 2.466443 
6.70 	 2.466453 
6.71 	 2.466463 
6.72 	 2.466473 
6.73 	 2.466482 
6.74 	 2.466492 
6.75 	 2.466502 
6.76 	 2.466511 
6.77 	 2.466520 
6.78 	 2.466530 
6.79 	 2.466539 
6.80 	 2.466548 
6.81 	 2.466557 
6.82 	 2.466566 
6.83 	 2.466575 
6.84 	 2.466583 
6.85 	 2.466592 
6.86 	 2.466601 
6.87 	 2.466609 
6.88 	 2.466617 
6.89 	 2.466626 
6.90 	 2.466634 
6.91 	 2.466642 
6.92 	 2.466650 
6.93 	 2.466658 
6.94 	 2.466666 
6.95 	 2.466674 
6.96 	 2.466682 
6.97 	 2.466689 
6.98 	 2.466697 
6.99 	 2.466705 
7.00 	 2.466712 
7.01 	 2.466719 
7.02 	 2.466727 
7.03 	 2.466734 
7.04 	 2.466741 
7.05 	 2.466748 
7.06 	 2.466755 
7.07 	 2.466762 
7.08 	 2.466769 
7.09 	 2.466776 
7.10 	 2.466783 
7.11 	 2.466789 
7.12 	 2.466796 
7.13 	 2.466802 
7.14 	 2.466809 
7.15 	 2.466815 
7.16 	 2.466822 
7.17 	 2.466828 
7.18 	 2.466834 
7.19 	 2.466840 
7.20 	 2.466847 
7.21 	 2.466853 
7.22 	 2.466859 
7.23 	 2.466865 
7.24 	 2.466870 
7.25 	 2.466876 
7.26 	 2.466882 
7.27 	 2.466888 
7.28 	 2.466893 
7.29 	 2.466899 
7.30 	 2.466905 
7.31 	 2.466910 
7.32 	 2.466915 
7.33 	 2.466921 
7.34 	 2.466926 
7.35 	 2.466931 
7.36 	 2.466937 
7.37 	 2.466942 
7.38 	 2.466947 
7.39 	 2.466952 
7.40 	 2.466957 
7.41 	 2.466962 
7.42 	 2.466967 
7.43 	 2.466972 
7.44 	 2.466977 
7.45 	 2.466981 
7.46 	 2.466986 
7.47 	 2.466991 
7.48 	 2.466995 
7.49 	 2.467000 
7.50 	 2.467005 
7.51 	 2.467009 
7.52 	 2.467014 
7.53 	 2.467018 
7.54 	 2.467022 
7.55 	 2.467027 
7.56 	 2.467031 
7.57 	 2.467035 
7.58 	 2.467039 
7.59 	 2.467044 
7.60 	 2.467048 
7.61 	 2.467052 
7.62 	 2.467056 
7.63 	 2.467060 
7.64 	 2.467064 
7.65 	 2.467068 
7.66 	 2.467071 
7.67 	 2.467075 
7.68 	 2.467079 
7.69 	 2.467083 
7.70 	 2.467087 
7.71 	 2.467090 
7.72 	 2.467094 
7.73 	 2.467098 
7.74 	 2.467101 
7.75 	 2.467105 
7.76 	 2.467108 
7.77 	 2.467112 
7.78 	 2.467115 
7.79 	 2.467119 
7.80 	 2.467122 
7.81 	 2.467125 
7.82 	 2.467129 
7.83 	 2.467132 
7.84 	 2.467135 
7.85 	 2.467138 
7.86 	 2.467142 
7.87 	 2.467145 
7.88 	 2.467148 
7.89 	 2.467151 
7.90 	 2.467154 
7.91 	 2.467157 
7.92 	 2.467160 
7.93 	 2.467163 
7.94 	 2.467166 
7.95 	 2.467169 
7.96 	 2.467172 
7.97 	 2.467175 
7.98 	 2.467177 
7.99 	 2.467180 
8.00 	 2.467183 
8.01 	 2.467186 
8.02 	 2.467188 
8.03 	 2.467191 
8.04 	 2.467194 
8.05 	 2.467196 
8.06 	 2.467199 
8.07 	 2.467202 
8.08 	 2.467204 
8.09 	 2.467207 
8.10 	 2.467209 
8.11 	 2.467212 
8.12 	 2.467214 
8.13 	 2.467217 
8.14 	 2.467219 
8.15 	 2.467221 
8.16 	 2.467224 
8.17 	 2.467226 
8.18 	 2.467228 
8.19 	 2.467231 
8.20 	 2.467233 
8.21 	 2.467235 
8.22 	 2.467238 
8.23 	 2.467240 
8.24 	 2.467242 
8.25 	 2.467244 
8.26 	 2.467246 
8.27 	 2.467248 
8.28 	 2.467250 
8.29 	 2.467253 
8.30 	 2.467255 
8.31 	 2.467257 
8.32 	 2.467259 
8.33 	 2.467261 
8.34 	 2.467263 
8.35 	 2.467265 
8.36 	 2.467267 
8.37 	 2.467268 
8.38 	 2.467270 
8.39 	 2.467272 
8.40 	 2.467274 
8.41 	 2.467276 
8.42 	 2.467278 
8.43 	 2.467280 
8.44 	 2.467281 
8.45 	 2.467283 
8.46 	 2.467285 
8.47 	 2.467287 
8.48 	 2.467288 
8.49 	 2.467290 
8.50 	 2.467292 
8.51 	 2.467293 
8.52 	 2.467295 
8.53 	 2.467297 
8.54 	 2.467298 
8.55 	 2.467300 
8.56 	 2.467302 
8.57 	 2.467303 
8.58 	 2.467305 
8.59 	 2.467306 
8.60 	 2.467308 
8.61 	 2.467309 
8.62 	 2.467311 
8.63 	 2.467312 
8.64 	 2.467314 
8.65 	 2.467315 
8.66 	 2.467317 
8.67 	 2.467318 
8.68 	 2.467320 
8.69 	 2.467321 
8.70 	 2.467322 
8.71 	 2.467324 
8.72 	 2.467325 
8.73 	 2.467326 
8.74 	 2.467328 
8.75 	 2.467329 
8.76 	 2.467330 
8.77 	 2.467332 
8.78 	 2.467333 
8.79 	 2.467334 
8.80 	 2.467335 
8.81 	 2.467337 
8.82 	 2.467338 
8.83 	 2.467339 
8.84 	 2.467340 
8.85 	 2.467342 
8.86 	 2.467343 
8.87 	 2.467344 
8.88 	 2.467345 
8.89 	 2.467346 
8.90 	 2.467347 
8.91 	 2.467349 
8.92 	 2.467350 
8.93 	 2.467351 
8.94 	 2.467352 
8.95 	 2.467353 
8.96 	 2.467354 
8.97 	 2.467355 
8.98 	 2.467356 
8.99 	 2.467357 
9.00 	 2.467358 
9.01 	 2.467359 
9.02 	 2.467360 
9.03 	 2.467361 
9.04 	 2.467362 
9.05 	 2.467363 
9.06 	 2.467364 
9.07 	 2.467365 
9.08 	 2.467366 
9.09 	 2.467367 
9.10 	 2.467368 
9.11 	 2.467369 
9.12 	 2.467370 
9.13 	 2.467371 
9.14 	 2.467372 
9.15 	 2.467373 
9.16 	 2.467373 
9.17 	 2.467374 
9.18 	 2.467375 
9.19 	 2.467376 
9.20 	 2.467377 
9.21 	 2.467378 
9.22 	 2.467378 
9.23 	 2.467379 
9.24 	 2.467380 
9.25 	 2.467381 
9.26 	 2.467382 
9.27 	 2.467383 
9.28 	 2.467383 
9.29 	 2.467384 
9.30 	 2.467385 
9.31 	 2.467386 
9.32 	 2.467386 
9.33 	 2.467387 
9.34 	 2.467388 
9.35 	 2.467389 
9.36 	 2.467389 
9.37 	 2.467390 
9.38 	 2.467391 
9.39 	 2.467391 
9.40 	 2.467392 
9.41 	 2.467393 
9.42 	 2.467393 
9.43 	 2.467394 
9.44 	 2.467395 
9.45 	 2.467395 
9.46 	 2.467396 
9.47 	 2.467397 
9.48 	 2.467397 
9.49 	 2.467398 
9.50 	 2.467399 
9.51 	 2.467399 
9.52 	 2.467400 
9.53 	 2.467401 
9.54 	 2.467401 
9.55 	 2.467402 
9.56 	 2.467402 
9.57 	 2.467403 
9.58 	 2.467404 
9.59 	 2.467404 
9.60 	 2.467405 
9.61 	 2.467405 
9.62 	 2.467406 
9.63 	 2.467406 
9.64 	 2.467407 
9.65 	 2.467407 
9.66 	 2.467408 
9.67 	 2.467409 
9.68 	 2.467409 
9.69 	 2.467410 
9.70 	 2.467410 
9.71 	 2.467411 
9.72 	 2.467411 
9.73 	 2.467412 
9.74 	 2.467412 
9.75 	 2.467413 
9.76 	 2.467413 
9.77 	 2.467414 
9.78 	 2.467414 
9.79 	 2.467415 
9.80 	 2.467415 
9.81 	 2.467415 
9.82 	 2.467416 
9.83 	 2.467416 
9.84 	 2.467417 
9.85 	 2.467417 
9.86 	 2.467418 
9.87 	 2.467418 
9.88 	 2.467419 
9.89 	 2.467419 
9.90 	 2.467419 
9.91 	 2.467420 
9.92 	 2.467420 
9.93 	 2.467421 
9.94 	 2.467421 
9.95 	 2.467421 
9.96 	 2.467422 
9.97 	 2.467422 
9.98 	 2.467423 
9.99 	 2.467423 
10.00 	 2.467423 
10.01 	 2.467424 
10.02 	 2.467424 
10.03 	 2.467425 
10.04 	 2.467425 
10.05 	 2.467425 
10.06 	 2.467426 
10.07 	 2.467426 
10.08 	 2.467426 
10.09 	 2.467427 
10.10 	 2.467427 
10.11 	 2.467427 
10.12 	 2.467428 
10.13 	 2.467428 
10.14 	 2.467428 
10.15 	 2.467429 
10.16 	 2.467429 
10.17 	 2.467429 
10.18 	 2.467430 
10.19 	 2.467430 
10.20 	 2.467430 
10.21 	 2.467431 
10.22 	 2.467431 
10.23 	 2.467431 
10.24 	 2.467432 
10.25 	 2.467432 
10.26 	 2.467432 
10.27 	 2.467432 
10.28 	 2.467433 
10.29 	 2.467433 
10.30 	 2.467433 
10.31 	 2.467434 
10.32 	 2.467434 
10.33 	 2.467434 
10.34 	 2.467434 
10.35 	 2.467435 
10.36 	 2.467435 
10.37 	 2.467435 
10.38 	 2.467436 
10.39 	 2.467436 
10.40 	 2.467436 
10.41 	 2.467436 
10.42 	 2.467437 
10.43 	 2.467437 
10.44 	 2.467437 
10.45 	 2.467437 
10.46 	 2.467438 
10.47 	 2.467438 
10.48 	 2.467438 
10.49 	 2.467438 
10.50 	 2.467439 
10.51 	 2.467439 
10.52 	 2.467439 
10.53 	 2.467439 
10.54 	 2.467439 
10.55 	 2.467440 
10.56 	 2.467440 
10.57 	 2.467440 
10.58 	 2.467440 
10.59 	 2.467441 
10.60 	 2.467441 
10.61 	 2.467441 
10.62 	 2.467441 
10.63 	 2.467441 
10.64 	 2.467442 
10.65 	 2.467442 
10.66 	 2.467442 
10.67 	 2.467442 
10.68 	 2.467442 
10.69 	 2.467443 
10.70 	 2.467443 
10.71 	 2.467443 
10.72 	 2.467443 
10.73 	 2.467443 
10.74 	 2.467444 
10.75 	 2.467444 
10.76 	 2.467444 
10.77 	 2.467444 
10.78 	 2.467444 
10.79 	 2.467444 
10.80 	 2.467445 
10.81 	 2.467445 
10.82 	 2.467445 
10.83 	 2.467445 
10.84 	 2.467445 
10.85 	 2.467445 
10.86 	 2.467446 
10.87 	 2.467446 
10.88 	 2.467446 
10.89 	 2.467446 
10.90 	 2.467446 
10.91 	 2.467446 
10.92 	 2.467447 
10.93 	 2.467447 
10.94 	 2.467447 
10.95 	 2.467447 
10.96 	 2.467447 
10.97 	 2.467447 
10.98 	 2.467447 
10.99 	 2.467448 
11.00 	 2.467448 
11.01 	 2.467448 
11.02 	 2.467448 
11.03 	 2.467448 
11.04 	 2.467448 
11.05 	 2.467448 
11.06 	 2.467449 
11.07 	 2.467449 
11.08 	 2.467449 
11.09 	 2.467449 
11.10 	 2.467449 
11.11 	 2.467449 
11.12 	 2.467449 
11.13 	 2.467449 
11.14 	 2.467450 
11.15 	 2.467450 
11.16 	 2.467450 
11.17 	 2.467450 
11.18 	 2.467450 
11.19 	 2.467450 
11.20 	 2.467450 
11.21 	 2.467450 
11.22 	 2.467451 
11.23 	 2.467451 
11.24 	 2.467451 
11.25 	 2.467451 
11.26 	 2.467451 
11.27 	 2.467451 
11.28 	 2.467451 
11.29 	 2.467451 
11.30 	 2.467451 
11.31 	 2.467452 
11.32 	 2.467452 
11.33 	 2.467452 
11.34 	 2.467452 
11.35 	 2.467452 
11.36 	 2.467452 
11.37 	 2.467452 
11.38 	 2.467452 
11.39 	 2.467452 
11.40 	 2.467452 
11.41 	 2.467453 
11.42 	 2.467453 
11.43 	 2.467453 
11.44 	 2.467453 
11.45 	 2.467453 
11.46 	 2.467453 
11.47 	 2.467453 
11.48 	 2.467453 
11.49 	 2.467453 
11.50 	 2.467453 
11.51 	 2.467453 
11.52 	 2.467454 
11.53 	 2.467454 
11.54 	 2.467454 
11.55 	 2.467454 
11.56 	 2.467454 
11.57 	 2.467454 
11.58 	 2.467454 
11.59 	 2.467454 
11.60 	 2.467454 
11.61 	 2.467454 
11.62 	 2.467454 
11.63 	 2.467454 
11.64 	 2.467454 
11.65 	 2.467455 
11.66 	 2.467455 
11.67 	 2.467455 
11.68 	 2.467455 
11.69 	 2.467455 
11.70 	 2.467455 
11.71 	 2.467455 
11.72 	 2.467455 
11.73 	 2.467455 
11.74 	 2.467455 
11.75 	 2.467455 
11.76 	 2.467455 
11.77 	 2.467455 
11.78 	 2.467455 
11.79 	 2.467456 
11.80 	 2.467456 
11.81 	 2.467456 
11.82 	 2.467456 
11.83 	 2.467456 
11.84 	 2.467456 
11.85 	 2.467456 
11.86 	 2.467456 
11.87 	 2.467456 
11.88 	 2.467456 
11.89 	 2.467456 
11.90 	 2.467456 
11.91 	 2.467456 
11.92 	 2.467456 
11.93 	 2.467456 
11.94 	 2.467456 
11.95 	 2.467457 
11.96 	 2.467457 
11.97 	 2.467457 
11.98 	 2.467457 
11.99 	 2.467457 
12.00 	 2.467457 
12.01 	 2.467457 
12.02 	 2.467457 
12.03 	 2.467457 
12.04 	 2.467457 
12.05 	 2.467457 
12.06 	 2.467457 
12.07 	 2.467457 
12.08 	 2.467457 
12.09 	 2.467457 
12.10 	 2.467457 
12.11 	 2.467457 
12.12 	 2.467457 
12.13 	 2.467457 
12.14 	 2.467457 
12.15 	 2.467458 
12.16 	 2.467458 
12.17 	 2.467458 
12.18 	 2.467458 
12.19 	 2.467458 
12.20 	 2.467458 
12.21 	 2.467458 
12.22 	 2.467458 
12.23 	 2.467458 
12.24 	 2.467458 
12.25 	 2.467458 
12.26 	 2.467458 
12.27 	 2.467458 
12.28 	 2.467458 
12.29 	 2.467458 
12.30 	 2.467458 
12.31 	 2.467458 
12.32 	 2.467458 
12.33 	 2.467458 
12.34 	 2.467458 
12.35 	 2.467458 
12.36 	 2.467458 
12.37 	 2.467458 
12.38 	 2.467458 
12.39 	 2.467458 
12.40 	 2.467459 
12.41 	 2.467459 
12.42 	 2.467459 
12.43 	 2.467459 
12.44 	 2.467459 
12.45 	 2.467459 
12.46 	 2.467459 
12.47 	 2.467459 
12.48 	 2.467459 
12.49 	 2.467459 
12.50 	 2.467459 
12.51 	 2.467459 
12.52 	 2.467459 
12.53 	 2.467459 
12.54 	 2.467459 
12.55 	 2.467459 
12.56 	 2.467459 
12.57 	 2.467459 
12.58 	 2.467459 
12.59 	 2.467459 
12.60 	 2.467459 
12.61 	 2.467459 
12.62 	 2.467459 
12.63 	 2.467459 
12.64 	 2.467459 
12.65 	 2.467459 
12.66 	 2.467459 
12.67 	 2.467459 
12.68 	 2.467459 
12.69 	 2.467459 
12.70 	 2.467459 
12.71 	 2.467459 
12.72 	 2.467460 
12.73 	 2.467460 
12.74 	 2.467460 
12.75 	 2.467460 
12.76 	 2.467460 
12.77 	 2.467460 
12.78 	 2.467460 
12.79 	 2.467460 
12.80 	 2.467460 
12.81 	 2.467460 
12.82 	 2.467460 
12.83 	 2.467460 
12.84 	 2.467460 
12.85 	 2.467460 
12.86 	 2.467460 
12.87 	 2.467460 
12.88 	 2.467460 
12.89 	 2.467460 
12.90 	 2.467460 
12.91 	 2.467460 
12.92 	 2.467460 
12.93 	 2.467460 
12.94 	 2.467460 
12.95 	 2.467460 
12.96 	 2.467460 
12.97 	 2.467460 
12.98 	 2.467460 
12.99 	 2.467460 
13.00 	 2.467460 
13.01 	 2.467460 
13.02 	 2.467460 
13.03 	 2.467460 
13.04 	 2.467460 
13.05 	 2.467460 
13.06 	 2.467460 
13.07 	 2.467460 
13.08 	 2.467460 
13.09 	 2.467460 
13.10 	 2.467460 
13.11 	 2.467460 
13.12 	 2.467460 
13.13 	 2.467460 
13.14 	 2.467460 
13.15 	 2.467460 
13.16 	 2.467460 
13.17 	 2.467460 
13.18 	 2.467460 
13.19 	 2.467460 
13.20 	 2.467461 
13.21 	 2.467461 
13.22 	 2.467461 
13.23 	 2.467461 
13.24 	 2.467461 
13.25 	 2.467461 
13.26 	 2.467461 
13.27 	 2.467461 
13.28 	 2.467461 
13.29 	 2.467461 
13.30 	 2.467461 
13.31 	 2.467461 
13.32 	 2.467461 
13.33 	 2.467461 
13.34 	 2.467461 
13.35 	 2.467461 
13.36 	 2.467461 
13.37 	 2.467461 
13.38 	 2.467461 
13.39 	 2.467461 
13.40 	 2.467461 
13.41 	 2.467461 
13.42 	 2.467461 
13.43 	 2.467461 
13.44 	 2.467461 
13.45 	 2.467461 
13.46 	 2.467461 
13.47 	 2.467461 
13.48 	 2.467461 
13.49 	 2.467461 
13.50 	 2.467461 
13.51 	 2.467461 
13.52 	 2.467461 
13.53 	 2.467461 
13.54 	 2.467461 
13.55 	 2.467461 
13.56 	 2.467461 
13.57 	 2.467461 
13.58 	 2.467461 
13.59 	 2.467461 
13.60 	 2.467461 
13.61 	 2.467461 
13.62 	 2.467461 
13.63 	 2.467461 
13.64 	 2.467461 
13.65 	 2.467461 
13.66 	 2.467461 
13.67 	 2.467461 
13.68 	 2.467461 
13.69 	 2.467461 
13.70 	 2.467461 
13.71 	 2.467461 
13.72 	 2.467461 
13.73 	 2.467461 
13.74 	 2.467461 
13.75 	 2.467461 
13.76 	 2.467461 
13.77 	 2.467461 
13.78 	 2.467461 
13.79 	 2.467461 
13.80 	 2.467461 
13.81 	 2.467461 
13.82 	 2.467461 
13.83 	 2.467461 
13.84 	 2.467461 
13.85 	 2.467461 
13.86 	 2.467461 
13.87 	 2.467461 
13.88 	 2.467461 
13.89 	 2.467461 
13.90 	 2.467461 
13.91 	 2.467461 
13.92 	 2.467461 
13.93 	 2.467461 
13.94 	 2.467461 
13.95 	 2.467461 
13.96 	 2.467461 
13.97 	 2.467461 
13.98 	 2.467461 
13.99 	 2.467461 
14.00 	 2.467461 
14.01 	 2.467461 
14.02 	 2.467461 
14.03 	 2.467461 
14.04 	 2.467461 
14.05 	 2.467461 
14.06 	 2.467461 
14.07 	 2.467461 
14.08 	 2.467461 
14.09 	 2.467461 
14.10 	 2.467461 
14.11 	 2.467461 
14.12 	 2.467461 
14.13 	 2.467461 
14.14 	 2.467461 
14.15 	 2.467462 
14.16 	 2.467462 
14.17 	 2.467462 
14.18 	 2.467462 
14.19 	 2.467462 
14.20 	 2.467462 
14.21 	 2.467462 
14.22 	 2.467462 
14.23 	 2.467462 
14.24 	 2.467462 
14.25 	 2.467462 
14.26 	 2.467462 
14.27 	 2.467462 
14.28 	 2.467462 
14.29 	 2.467462 
14.30 	 2.467462 
14.31 	 2.467462 
14.32 	 2.467462 
14.33 	 2.467462 
14.34 	 2.467462 
14.35 	 2.467462 
14.36 	 2.467462 
14.37 	 2.467462 
14.38 	 2.467462 
14.39 	 2.467462 
14.40 	 2.467462 
14.41 	 2.467462 
14.42 	 2.467462 
14.43 	 2.467462 
14.44 	 2.467462 
14.45 	 2.467462 
14.46 	 2.467462 
14.47 	 2.467462 
14.48 	 2.467462 
14.49 	 2.467462 
14.50 	 2.467462 
14.51 	 2.467462 
14.52 	 2.467462 
14.53 	 2.467462 
14.54 	 2.467462 
14.55 	 2.467462 
14.56 	 2.467462 
14.57 	 2.467462 
14.58 	 2.467462 
14.59 	 2.467462 
14.60 	 2.467462 
14.61 	 2.467462 
14.62 	 2.467462 
14.63 	 2.467462 
14.64 	 2.467462 
14.65 	 2.467462 
14.66 	 2.467462 
14.67 	 2.467462 
14.68 	 2.467462 
14.69 	 2.467462 
14.70 	 2.467462 
14.71 	 2.467462 
14.72 	 2.467462 
14.73 	 2.467462 
14.74 	 2.467462 
14.75 	 2.467462 
14.76 	 2.467462 
14.77 	 2.467462 
14.78 	 2.467462 
14.79 	 2.467462 
14.80 	 2.467462 
14.81 	 2.467462 
14.82 	 2.467462 
14.83 	 2.467462 
14.84 	 2.467462 
14.85 	 2.467462 
14.86 	 2.467462 
14.87 	 2.467462 
14.88 	 2.467462 
14.89 	 2.467462 
14.90 	 2.467462 
14.91 	 2.467462 
14.92 	 2.467462 
14.93 	 2.467462 
14.94 	 2.467462 
14.95 	 2.467462 
14.96 	 2.467462 
14.97 	 2.467462 
14.98 	 2.467462 
14.99 	 2.467462 
15.00 	 2.467462 
15.01 	 2.467462 
15.02 	 2.467462 
15.03 	 2.467462 
15.04 	 2.467462 
15.05 	 2.467462 
15.06 	 2.467462 
15.07 	 2.467462 
15.08 	 2.467462 
15.09 	 2.467462 
15.10 	 2.467462 
15.11 	 2.467462 
15.12 	 2.467462 
15.13 	 2.467462 
15.14 	 2.467462 
15.15 	 2.467462 
15.16 	 2.467462 
15.17 	 2.467462 
15.18 	 2.467462 
15.19 	 2.467462 
15.20 	 2.467462 
15.21 	 2.467462 
15.22 	 2.467462 
15.23 	 2.467462 
15.24 	 2.467462 
15.25 	 2.467462 
15.26 	 2.467462 
15.27 	 2.467462 
15.28 	 2.467462 
15.29 	 2.467462 
15.30 	 2.467462 
15.31 	 2.467462 
15.32 	 2.467462 
15.33 	 2.467462 
15.34 	 2.467462 
15.35 	 2.467462 
15.36 	 2.467462 
15.37 	 2.467462 
15.38 	 2.467462 
15.39 	 2.467462 
15.40 	 2.467462 
15.41 	 2.467462 
15.42 	 2.467462 
15.43 	 2.467462 
15.44 	 2.467462 
15.45 	 2.467462 
15.46 	 2.467462 
15.47 	 2.467462 
15.48 	 2.467462 
15.49 	 2.467462 
15.50 	 2.467462 
15.51 	 2.467462 
15.52 	 2.467462 
15.53 	 2.467462 
15.54 	 2.467462 
15.55 	 2.467462 
15.56 	 2.467462 
15.57 	 2.467462 
15.58 	 2.467462 
15.59 	 2.467462 
15.60 	 2.467462 
15.61 	 2.467462 
15.62 	 2.467462 
15.63 	 2.467462 
15.64 	 2.467462 
15.65 	 2.467462 
15.66 	 2.467462 
15.67 	 2.467462 
15.68 	 2.467462 
15.69 	 2.467462 
15.70 	 2.467462 
15.71 	 2.467462 
15.72 	 2.467462 
15.73 	 2.467462 
15.74 	 2.467462 
15.75 	 2.467462 
15.76 	 2.467462 
15.77 	 2.467462 
15.78 	 2.467462 
15.79 	 2.467462 
15.80 	 2.467462 
15.81 	 2.467462 
15.82 	 2.467462 
15.83 	 2.467462 
15.84 	 2.467462 
15.85 	 2.467462 
15.86 	 2.467462 
15.87 	 2.467462 
15.88 	 2.467462 
15.89 	 2.467462 
15.90 	 2.467462 
15.91 	 2.467462 
15.92 	 2.467462 
15.93 	 2.467462 
15.94 	 2.467462 
15.95 	 2.467462 
15.96 	 2.467462 
15.97 	 2.467462 
15.98 	 2.467462 
15.99 	 2.467462 
16.00 	 2.467462 
16.01 	 2.467462 
16.02 	 2.467462 
16.03 	 2.467462 
16.04 	 2.467462 
16.05 	 2.467462 
16.06 	 2.467462 
16.07 	 2.467462 
16.08 	 2.467462 
16.09 	 2.467462 
16.10 	 2.467462 
16.11 	 2.467462 
16.12 	 2.467462 
16.13 	 2.467462 
16.14 	 2.467462 
16.15 	 2.467462 
16.16 	 2.467462 
16.17 	 2.467462 
16.18 	 2.467462 
16.19 	 2.467462 
16.20 	 2.467462 
16.21 	 2.467462 
16.22 	 2.467462 
16.23 	 2.467462 
16.24 	 2.467462 
16.25 	 2.467462 
16.26 	 2.467462 
16.27 	 2.467462 
16.28 	 2.467462 
16.29 	 2.467462 
16.30 	 2.467462 
16.31 	 2.467462 
16.32 	 2.467462 
16.33 	 2.467462 
16.34 	 2.467462 
16.35 	 2.467462 
16.36 	 2.467462 
16.37 	 2.467462 
16.38 	 2.467462 
16.39 	 2.467462 
16.40 	 2.467462 
16.41 	 2.467462 
16.42 	 2.467462 
16.43 	 2.467462 
16.44 	 2.467462 
16.45 	 2.467462 
16.46 	 2.467462 
16.47 	 2.467462 
16.48 	 2.467462 
16.49 	 2.467462 
16.50 	 2.467462 
16.51 	 2.467462 
16.52 	 2.467462 
16.53 	 2.467462 
16.54 	 2.467462 
16.55 	 2.467462 
16.56 	 2.467462 
16.57 	 2.467462 
16.58 	 2.467462 
16.59 	 2.467462 
16.60 	 2.467462 
16.61 	 2.467462 
16.62 	 2.467462 
16.63 	 2.467462 
16.64 	 2.467462 
16.65 	 2.467462 
16.66 	 2.467462 
16.67 	 2.467462 
16.68 	 2.467462 
16.69 	 2.467462 
16.70 	 2.467462 
16.71 	 2.467462 
16.72 	 2.467462 
16.73 	 2.467462 
16.74 	 2.467462 
16.75 	 2.467462 
16.76 	 2.467462 
16.77 	 2.467462 
16.78 	 2.467462 
16.79 	 2.467462 
16.80 	 2.467462 
16.81 	 2.467462 
16.82 	 2.467462 
16.83 	 2.467462 
16.84 	 2.467462 
16.85 	 2.467462 
16.86 	 2.467462 
16.87 	 2.467462 
16.88 	 2.467462 
16.89 	 2.467462 
16.90 	 2.467462 
16.91 	 2.467462 
16.92 	 2.467462 
16.93 	 2.467462 
16.94 	 2.467462 
16.95 	 2.467462 
16.96 	 2.467462 
16.97 	 2.467462 
16.98 	 2.467462 
16.99 	 2.467462 
17.00 	 2.467462 
17.01 	 2.467462 
17.02 	 2.467462 
17.03 	 2.467462 
17.04 	 2.467462 
17.05 	 2.467462 
17.06 	 2.467462 
17.07 	 2.467462 
17.08 	 2.467462 
17.09 	 2.467462 
17.10 	 2.467462 
17.11 	 2.467462 
17.12 	 2.467462 
17.13 	 2.467462 
17.14 	 2.467462 
17.15 	 2.467462 
17.16 	 2.467462 
17.17 	 2.467462 
17.18 	 2.467462 
17.19 	 2.467462 
17.20 	 2.467462 
17.21 	 2.467462 
17.22 	 2.467462 
17.23 	 2.467462 
17.24 	 2.467462 
17.25 	 2.467462 
17.26 	 2.467462 
17.27 	 2.467462 
17.28 	 2.467462 
17.29 	 2.467462 
17.30 	 2.467462 
17.31 	 2.467462 
17.32 	 2.467462 
17.33 	 2.467462 
17.34 	 2.467462 
17.35 	 2.467462 
17.36 	 2.467462 
17.37 	 2.467462 
17.38 	 2.467462 
17.39 	 2.467462 
17.40 	 2.467462 
17.41 	 2.467462 
17.42 	 2.467462 
17.43 	 2.467462 
17.44 	 2.467462 
17.45 	 2.467462 
17.46 	 2.467462 
17.47 	 2.467462 
17.48 	 2.467462 
17.49 	 2.467462 
17.50 	 2.467462 
17.51 	 2.467462 
17.52 	 2.467462 
17.53 	 2.467462 
17.54 	 2.467462 
17.55 	 2.467462 
17.56 	 2.467462 
17.57 	 2.467462 
17.58 	 2.467462 
17.59 	 2.467462 
17.60 	 2.467462 
17.61 	 2.467462 
17.62 	 2.467462 
17.63 	 2.467462 
17.64 	 2.467462 
17.65 	 2.467462 
17.66 	 2.467462 
17.67 	 2.467462 
17.68 	 2.467462 
17.69 	 2.467462 
17.70 	 2.467462 
17.71 	 2.467462 
17.72 	 2.467462 
17.73 	 2.467462 
17.74 	 2.467462 
17.75 	 2.467462 
17.76 	 2.467462 
17.77 	 2.467462 
17.78 	 2.467462 
17.79 	 2.467462 
17.80 	 2.467462 
17.81 	 2.467462 
17.82 	 2.467462 
17.83 	 2.467462 
17.84 	 2.467462 
17.85 	 2.467462 
17.86 	 2.467462 
17.87 	 2.467462 
17.88 	 2.467462 
17.89 	 2.467462 
17.90 	 2.467462 
17.91 	 2.467462 
17.92 	 2.467462 
17.93 	 2.467462 
17.94 	 2.467462 
17.95 	 2.467462 
17.96 	 2.467462 
17.97 	 2.467462 
17.98 	 2.467462 
17.99 	 2.467462 
18.00 	 2.467462 
18.01 	 2.467462 
18.02 	 2.467462 
18.03 	 2.467462 
18.04 	 2.467462 
18.05 	 2.467462 
18.06 	 2.467462 
18.07 	 2.467462 
18.08 	 2.467462 
18.09 	 2.467462 
18.10 	 2.467462 
18.11 	 2.467462 
18.12 	 2.467462 
18.13 	 2.467462 
18.14 	 2.467462 
18.15 	 2.467462 
18.16 	 2.467462 
18.17 	 2.467462 
18.18 	 2.467462 
18.19 	 2.467462 
18.20 	 2.467462 
18.21 	 2.467462 
18.22 	 2.467462 
18.23 	 2.467462 
18.24 	 2.467462 
18.25 	 2.467462 
18.26 	 2.467462 
18.27 	 2.467462 
18.28 	 2.467462 
18.29 	 2.467462 
18.30 	 2.467462 
18.31 	 2.467462 
18.32 	 2.467462 
18.33 	 2.467462 
18.34 	 2.467462 
18.35 	 2.467462 
18.36 	 2.467462 
18.37 	 2.467462 
18.38 	 2.467462 
18.39 	 2.467462 
18.40 	 2.467462 
18.41 	 2.467462 
18.42 	 2.467462 
18.43 	 2.467462 
18.44 	 2.467462 
18.45 	 2.467462 
18.46 	 2.467462 
18.47 	 2.467462 
18.48 	 2.467462 
18.49 	 2.467462 
18.50 	 2.467462 
18.51 	 2.467462 
18.52 	 2.467462 
18.53 	 2.467462 
18.54 	 2.467462 
18.55 	 2.467462 
18.56 	 2.467462 
18.57 	 2.467462 
18.58 	 2.467462 
18.59 	 2.467462 
18.60 	 2.467462 
18.61 	 2.467462 
18.62 	 2.467462 
18.63 	 2.467462 
18.64 	 2.467462 
18.65 	 2.467462 
18.66 	 2.467462 
18.67 	 2.467462 
18.68 	 2.467462 
18.69 	 2.467462 
18.70 	 2.467462 
18.71 	 2.467462 
18.72 	 2.467462 
18.73 	 2.467462 
18.74 	 2.467462 
18.75 	 2.467462 
18.76 	 2.467462 
18.77 	 2.467462 
18.78 	 2.467462 
18.79 	 2.467462 
18.80 	 2.467462 
18.81 	 2.467462 
18.82 	 2.467462 
18.83 	 2.467462 
18.84 	 2.467462 
18.85 	 2.467462 
18.86 	 2.467462 
18.87 	 2.467462 
18.88 	 2.467462 
18.89 	 2.467462 
18.90 	 2.467462 
18.91 	 2.467462 
18.92 	 2.467462 
18.93 	 2.467462 
18.94 	 2.467462 
18.95 	 2.467462 
18.96 	 2.467462 
18.97 	 2.467462 
18.98 	 2.467462 
18.99 	 2.467462 
19.00 	 2.467462 
19.01 	 2.467462 
19.02 	 2.467462 
19.03 	 2.467462 
19.04 	 2.467462 
19.05 	 2.467462 
19.06 	 2.467462 
19.07 	 2.467462 
19.08 	 2.467462 
19.09 	 2.467462 
19.10 	 2.467462 
19.11 	 2.467462 
19.12 	 2.467462 
19.13 	 2.467462 
19.14 	 2.467462 
19.15 	 2.467462 
19.16 	 2.467462 
19.17 	 2.467462 
19.18 	 2.467462 
19.19 	 2.467462 
19.20 	 2.467462 
19.21 	 2.467462 
19.22 	 2.467462 
19.23 	 2.467462 
19.24 	 2.467462 
19.25 	 2.467462 
19.26 	 2.467462 
19.27 	 2.467462 
19.28 	 2.467462 
19.29 	 2.467462 
19.30 	 2.467462 
19.31 	 2.467462 
19.32 	 2.467462 
19.33 	 2.467462 
19.34 	 2.467462 
19.35 	 2.467462 
19.36 	 2.467462 
19.37 	 2.467462 
19.38 	 2.467462 
19.39 	 2.467462 
19.40 	 2.467462 
19.41 	 2.467462 
19.42 	 2.467462 
19.43 	 2.467462 
19.44 	 2.467462 
19.45 	 2.467462 
19.46 	 2.467462 
19.47 	 2.467462 
19.48 	 2.467462 
19.49 	 2.467462 
19.50 	 2.467462 
19.51 	 2.467462 
19.52 	 2.467462 
19.53 	 2.467462 
19.54 	 2.467462 
19.55 	 2.467462 
19.56 	 2.467462 
19.57 	 2.467462 
19.58 	 2.467462 
19.59 	 2.467462 
19.60 	 2.467462 
19.61 	 2.467462 
19.62 	 2.467462 
19.63 	 2.467462 
19.64 	 2.467462 
19.65 	 2.467462 
19.66 	 2.467462 
19.67 	 2.467462 
19.68 	 2.467462 
19.69 	 2.467462 
19.70 	 2.467462 
19.71 	 2.467462 
19.72 	 2.467462 
19.73 	 2.467462 
19.74 	 2.467462 
19.75 	 2.467462 
19.76 	 2.467462 
19.77 	 2.467462 
19.78 	 2.467462 
19.79 	 2.467462 
19.80 	 2.467462 
19.81 	 2.467462 
19.82 	 2.467462 
19.83 	 2.467462 
19.84 	 2.467462 
19.85 	 2.467462 
19.86 	 2.467462 
19.87 	 2.467462 
19.88 	 2.467462 
19.89 	 2.467462 
19.90 	 2.467462 
19.91 	 2.467462 
19.92 	 2.467462 
19.93 	 2.467462 
19.94 	 2.467462 
19.95 	 2.467462 
19.96 	 2.467462 
19.97 	 2.467462 
19.98 	 2.467462 
19.99 	 2.467462 
20.00 	 2.467462 
20.01 	 2.467462 
20.02 	 2.467462 
20.03 	 2.467462 
20.04 	 2.467462 
20.05 	 2.467462 
20.06 	 2.467462 
20.07 	 2.467462 
20.08 	 2.467462 
20.09 	 2.467462 
20.10 	 2.467462 
20.11 	 2.467462 
20.12 	 2.467462 
20.13 	 2.467462 
20.14 	 2.467462 
20.15 	 2.467462 
20.16 	 2.467462 
20.17 	 2.467462 
20.18 	 2.467462 
20.19 	 2.467462 
20.20 	 2.467462 
20.21 	 2.467462 
20.22 	 2.467462 
20.23 	 2.467462 
20.24 	 2.467462 
20.25 	 2.467462 
20.26 	 2.467462 
20.27 	 2.467462 
20.28 	 2.467462 
20.29 	 2.467462 
20.30 	 2.467462 
20.31 	 2.467462 
20.32 	 2.467462 
20.33 	 2.467462 
20.34 	 2.467462 
20.35 	 2.467462 
20.36 	 2.467462 
20.37 	 2.467462 
20.38 	 2.467462 
20.39 	 2.467462 
20.40 	 2.467462 
20.41 	 2.467462 
20.42 	 2.467462 
20.43 	 2.467462 
20.44 	 2.467462 
20.45 	 2.467462 
20.46 	 2.467462 
20.47 	 2.467462 
20.48 	 2.467462 
20.49 	 2.467462 
20.50 	 2.467462 
20.51 	 2.467462 
20.52 	 2.467462 
20.53 	 2.467462 
20.54 	 2.467462 
20.55 	 2.467462 
20.56 	 2.467462 
20.57 	 2.467462 
20.58 	 2.467462 
20.59 	 2.467462 
20.60 	 2.467462 
20.61 	 2.467462 
20.62 	 2.467462 
20.63 	 2.467462 
20.64 	 2.467462 
20.65 	 2.467462 
20.66 	 2.467462 
20.67 	 2.467462 
20.68 	 2.467462 
20.69 	 2.467462 
20.70 	 2.467462 
20.71 	 2.467462 
20.72 	 2.467462 
20.73 	 2.467462 
20.74 	 2.467462 
20.75 	 2.467462 
20.76 	 2.467462 
20.77 	 2.467462 
20.78 	 2.467462 
20.79 	 2.467462 
20.80 	 2.467462 
20.81 	 2.467462 
20.82 	 2.467462 
20.83 	 2.467462 
20.84 	 2.467462 
20.85 	 2.467462 
20.86 	 2.467462 
20.87 	 2.467462 
20.88 	 2.467462 
20.89 	 2.467462 
20.90 	 2.467462 
20.91 	 2.467462 
20.92 	 2.467462 
20.93 	 2.467462 
20.94 	 2.467462 
20.95 	 2.467462 
20.96 	 2.467462 
20.97 	 2.467462 
20.98 	 2.467462 
20.99 	 2.467462 
21.00 	 2.467462 
21.01 	 2.467462 
21.02 	 2.467462 
21.03 	 2.467462 
21.04 	 2.467462 
21.05 	 2.467462 
21.06 	 2.467462 
21.07 	 2.467462 
21.08 	 2.467462 
21.09 	 2.467462 
21.10 	 2.467462 
21.11 	 2.467462 
21.12 	 2.467462 
21.13 	 2.467462 
21.14 	 2.467462 
21.15 	 2.467462 
21.16 	 2.467462 
21.17 	 2.467462 
21.18 	 2.467462 
21.19 	 2.467462 
21.20 	 2.467462 
21.21 	 2.467462 
21.22 	 2.467462 
21.23 	 2.467462 
21.24 	 2.467462 
21.25 	 2.467462 
21.26 	 2.467462 
21.27 	 2.467462 
21.28 	 2.467462 
21.29 	 2.467462 
21.30 	 2.467462 
21.31 	 2.467462 
21.32 	 2.467462 
21.33 	 2.467462 
21.34 	 2.467462 
21.35 	 2.467462 
21.36 	 2.467462 
21.37 	 2.467462 
21.38 	 2.467462 
21.39 	 2.467462 
21.40 	 2.467462 
21.41 	 2.467462 
21.42 	 2.467462 
21.43 	 2.467462 
21.44 	 2.467462 
21.45 	 2.467462 
21.46 	 2.467462 
21.47 	 2.467462 
21.48 	 2.467462 
21.49 	 2.467462 
21.50 	 2.467462 
21.51 	 2.467462 
21.52 	 2.467462 
21.53 	 2.467462 
21.54 	 2.467462 
21.55 	 2.467462 
21.56 	 2.467462 
21.57 	 2.467462 
21.58 	 2.467462 
21.59 	 2.467462 
21.60 	 2.467462 
21.61 	 2.467462 
21.62 	 2.467462 
21.63 	 2.467462 
21.64 	 2.467462 
21.65 	 2.467462 
21.66 	 2.467462 
21.67 	 2.467462 
21.68 	 2.467462 
21.69 	 2.467462 
21.70 	 2.467462 
21.71 	 2.467462 
21.72 	 2.467462 
21.73 	 2.467462 
21.74 	 2.467462 
21.75 	 2.467462 
21.76 	 2.467462 
21.77 	 2.467462 
21.78 	 2.467462 
21.79 	 2.467462 
21.80 	 2.467462 
21.81 	 2.467462 
21.82 	 2.467462 
21.83 	 2.467462 
21.84 	 2.467462 
21.85 	 2.467462 
21.86 	 2.467462 
21.87 	 2.467462 
21.88 	 2.467462 
21.89 	 2.467462 
21.90 	 2.467462 
21.91 	 2.467462 
21.92 	 2.467462 
21.93 	 2.467462 
21.94 	 2.467462 
21.95 	 2.467462 
21.96 	 2.467462 
21.97 	 2.467462 
21.98 	 2.467462 
21.99 	 2.467462 
22.00 	 2.467462 
22.01 	 2.467462 
22.02 	 2.467462 
22.03 	 2.467462 
22.04 	 2.467462 
22.05 	 2.467462 
22.06 	 2.467462 
22.07 	 2.467462 
22.08 	 2.467462 
22.09 	 2.467462 
22.10 	 2.467462 
22.11 	 2.467462 
22.12 	 2.467462 
22.13 	 2.467462 
22.14 	 2.467462 
22.15 	 2.467462 
22.16 	 2.467462 
22.17 	 2.467462 
22.18 	 2.467462 
22.19 	 2.467462 
22.20 	 2.467462 
22.21 	 2.467462 
22.22 	 2.467462 
22.23 	 2.467462 
22.24 	 2.467462 
22.25 	 2.467462 
22.26 	 2.467462 
22.27 	 2.467462 
22.28 	 2.467462 
22.29 	 2.467462 
22.30 	 2.467462 
22.31 	 2.467462 
22.32 	 2.467462 
22.33 	 2.467462 
22.34 	 2.467462 
22.35 	 2.467462 
22.36 	 2.467462 
22.37 	 2.467462 
22.38 	 2.467462 
22.39 	 2.467462 
22.40 	 2.467462 
22.41 	 2.467462 
22.42 	 2.467462 
22.43 	 2.467462 
22.44 	 2.467462 
22.45 	 2.467462 
22.46 	 2.467462 
22.47 	 2.467462 
22.48 	 2.467462 
22.49 	 2.467462 
22.50 	 2.467462 
22.51 	 2.467462 
22.52 	 2.467462 
22.53 	 2.467462 
22.54 	 2.467462 
22.55 	 2.467462 
22.56 	 2.467462 
22.57 	 2.467462 
22.58 	 2.467462 
22.59 	 2.467462 
22.60 	 2.467462 
22.61 	 2.467462 
22.62 	 2.467462 
22.63 	 2.467462 
22.64 	 2.467462 
22.65 	 2.467462 
22.66 	 2.467462 
22.67 	 2.467462 
22.68 	 2.467462 
22.69 	 2.467462 
22.70 	 2.467462 
22.71 	 2.467462 
22.72 	 2.467462 
22.73 	 2.467462 
22.74 	 2.467462 
22.75 	 2.467462 
22.76 	 2.467462 
22.77 	 2.467462 
22.78 	 2.467462 
22.79 	 2.467462 
22.80 	 2.467462 
22.81 	 2.467462 
22.82 	 2.467462 
22.83 	 2.467462 
22.84 	 2.467462 
22.85 	 2.467462 
22.86 	 2.467462 
22.87 	 2.467462 
22.88 	 2.467462 
22.89 	 2.467462 
22.90 	 2.467462 
22.91 	 2.467462 
22.92 	 2.467462 
22.93 	 2.467462 
22.94 	 2.467462 
22.95 	 2.467462 
22.96 	 2.467462 
22.97 	 2.467462 
22.98 	 2.467462 
22.99 	 2.467462 
23.00 	 2.467462 
23.01 	 2.467462 
23.02 	 2.467462 
23.03 	 2.467462 
23.04 	 2.467462 
23.05 	 2.467462 
23.06 	 2.467462 
23.07 	 2.467462 
23.08 	 2.467462 
23.09 	 2.467462 
23.10 	 2.467462 
23.11 	 2.467462 
23.12 	 2.467462 
23.13 	 2.467462 
23.14 	 2.467462 
23.15 	 2.467462 
23.16 	 2.467462 
23.17 	 2.467462 
23.18 	 2.467462 
23.19 	 2.467462 
23.20 	 2.467462 
23.21 	 2.467462 
23.22 	 2.467462 
23.23 	 2.467462 
23.24 	 2.467462 
23.25 	 2.467462 
23.26 	 2.467462 
23.27 	 2.467462 
23.28 	 2.467462 
23.29 	 2.467462 
23.30 	 2.467462 
23.31 	 2.467462 
23.32 	 2.467462 
23.33 	 2.467462 
23.34 	 2.467462 
23.35 	 2.467462 
23.36 	 2.467462 
23.37 	 2.467462 
23.38 	 2.467462 
23.39 	 2.467462 
23.40 	 2.467462 
23.41 	 2.467462 
23.42 	 2.467462 
23.43 	 2.467462 
23.44 	 2.467462 
23.45 	 2.467462 
23.46 	 2.467462 
23.47 	 2.467462 
23.48 	 2.467462 
23.49 	 2.467462 
23.50 	 2.467462 
23.51 	 2.467462 
23.52 	 2.467462 
23.53 	 2.467462 
23.54 	 2.467462 
23.55 	 2.467462 
23.56 	 2.467462 
23.57 	 2.467462 
23.58 	 2.467462 
23.59 	 2.467462 
23.60 	 2.467462 
23.61 	 2.467462 
23.62 	 2.467462 
23.63 	 2.467462 
23.64 	 2.467462 
23.65 	 2.467462 
23.66 	 2.467462 
23.67 	 2.467462 
23.68 	 2.467462 
23.69 	 2.467462 
23.70 	 2.467462 
23.71 	 2.467462 
23.72 	 2.467462 
23.73 	 2.467462 
23.74 	 2.467462 
23.75 	 2.467462 
23.76 	 2.467462 
23.77 	 2.467462 
23.78 	 2.467462 
23.79 	 2.467462 
23.80 	 2.467462 
23.81 	 2.467462 
23.82 	 2.467462 
23.83 	 2.467462 
23.84 	 2.467462 
23.85 	 2.467462 
23.86 	 2.467462 
23.87 	 2.467462 
23.88 	 2.467462 
23.89 	 2.467462 
23.90 	 2.467462 
23.91 	 2.467462 
23.92 	 2.467462 
23.93 	 2.467462 
23.94 	 2.467462 
23.95 	 2.467462 
23.96 	 2.467462 
23.97 	 2.467462 
23.98 	 2.467462 
23.99 	 2.467462 
24.00 	 2.467462 
24.01 	 2.467462 
24.02 	 2.467462 
24.03 	 2.467462 
24.04 	 2.467462 
24.05 	 2.467462 
24.06 	 2.467462 
24.07 	 2.467462 
24.08 	 2.467462 
24.09 	 2.467462 
24.10 	 2.467462 
24.11 	 2.467462 
24.12 	 2.467462 
24.13 	 2.467462 
24.14 	 2.467462 
24.15 	 2.467462 
24.16 	 2.467462 
24.17 	 2.467462 
24.18 	 2.467462 
24.19 	 2.467462 
24.20 	 2.467462 
24.21 	 2.467462 
24.22 	 2.467462 
24.23 	 2.467462 
24.24 	 2.467462 
24.25 	 2.467462 
24.26 	 2.467462 
24.27 	 2.467462 
24.28 	 2.467462 
24.29 	 2.467462 
24.30 	 2.467462 
24.31 	 2.467462 
24.32 	 2.467462 
24.33 	 2.467462 
24.34 	 2.467462 
24.35 	 2.467462 
24.36 	 2.467462 
24.37 	 2.467462 
24.38 	 2.467462 
24.39 	 2.467462 
24.40 	 2.467462 
24.41 	 2.467462 
24.42 	 2.467462 
24.43 	 2.467462 
24.44 	 2.467462 
24.45 	 2.467462 
24.46 	 2.467462 
24.47 	 2.467462 
24.48 	 2.467462 
24.49 	 2.467462 
24.50 	 2.467462 
24.51 	 2.467462 
24.52 	 2.467462 
24.53 	 2.467462 
24.54 	 2.467462 
24.55 	 2.467462 
24.56 	 2.467462 
24.57 	 2.467462 
24.58 	 2.467462 
24.59 	 2.467462 
24.60 	 2.467462 
24.61 	 2.467462 
24.62 	 2.467462 
24.63 	 2.467462 
24.64 	 2.467462 
24.65 	 2.467462 
24.66 	 2.467462 
24.67 	 2.467462 
24.68 	 2.467462 
24.69 	 2.467462 
24.70 	 2.467462 
24.71 	 2.467462 
24.72 	 2.467462 
24.73 	 2.467462 
24.74 	 2.467462 
24.75 	 2.467462 
24.76 	 2.467462 
24.77 	 2.467462 
24.78 	 2.467462 
24.79 	 2.467462 
24.80 	 2.467462 
24.81 	 2.467462 
24.82 	 2.467462 
24.83 	 2.467462 
24.84 	 2.467462 
24.85 	 2.467462 
24.86 	 2.467462 
24.87 	 2.467462 
24.88 	 2.467462 
24.89 	 2.467462 
24.90 	 2.467462 
24.91 	 2.467462 
24.92 	 2.467462 
24.93 	 2.467462 
24.94 	 2.467462 
24.95 	 2.467462 
24.96 	 2.467462 
24.97 	 2.467462 
24.98 	 2.467462 
24.99 	 2.467462 
25.00 	 2.467462 
25.01 	 2.467462 
25.02 	 2.467462 
25.03 	 2.467462 
25.04 	 2.467462 
25.05 	 2.467462 
25.06 	 2.467462 
25.07 	 2.467462 
25.08 	 2.467462 
25.09 	 2.467462 
25.10 	 2.467462 
25.11 	 2.467462 
25.12 	 2.467462 
25.13 	 2.467462 
25.14 	 2.467462 
25.15 	 2.467462 
25.16 	 2.467462 
25.17 	 2.467462 
25.18 	 2.467462 
25.19 	 2.467462 
25.20 	 2.467462 
25.21 	 2.467462 
25.22 	 2.467462 
25.23 	 2.467462 
25.24 	 2.467462 
25.25 	 2.467462 
25.26 	 2.467462 
25.27 	 2.467462 
25.28 	 2.467462 
25.29 	 2.467462 
25.30 	 2.467462 
25.31 	 2.467462 
25.32 	 2.467462 
25.33 	 2.467462 
25.34 	 2.467462 
25.35 	 2.467462 
25.36 	 2.467462 
25.37 	 2.467462 
25.38 	 2.467462 
25.39 	 2.467462 
25.40 	 2.467462 
25.41 	 2.467462 
25.42 	 2.467462 
25.43 	 2.467462 
25.44 	 2.467462 
25.45 	 2.467462 
25.46 	 2.467462 
25.47 	 2.467462 
25.48 	 2.467462 
25.49 	 2.467462 
25.50 	 2.467462 
25.51 	 2.467462 
25.52 	 2.467462 
25.53 	 2.467462 
25.54 	 2.467462 
25.55 	 2.467462 
25.56 	 2.467462 
25.57 	 2.467462 
25.58 	 2.467462 
25.59 	 2.467462 
25.60 	 2.467462 
25.61 	 2.467462 
25.62 	 2.467462 
25.63 	 2.467462 
25.64 	 2.467462 
25.65 	 2.467462 
25.66 	 2.467462 
25.67 	 2.467462 
25.68 	 2.467462 
25.69 	 2.467462 
25.70 	 2.467462 
25.71 	 2.467462 
25.72 	 2.467462 
25.73 	 2.467462 
25.74 	 2.467462 
25.75 	 2.467462 
25.76 	 2.467462 
25.77 	 2.467462 
25.78 	 2.467462 
25.79 	 2.467462 
25.80 	 2.467462 
25.81 	 2.467462 
25.82 	 2.467462 
25.83 	 2.467462 
25.84 	 2.467462 
25.85 	 2.467462 
25.86 	 2.467462 
25.87 	 2.467462 
25.88 	 2.467462 
25.89 	 2.467462 
25.90 	 2.467462 
25.91 	 2.467462 
25.92 	 2.467462 
25.93 	 2.467462 
25.94 	 2.467462 
25.95 	 2.467462 
25.96 	 2.467462 
25.97 	 2.467462 
25.98 	 2.467462 
25.99 	 2.467462 
26.00 	 2.467462 
26.01 	 2.467462 
26.02 	 2.467462 
26.03 	 2.467462 
26.04 	 2.467462 
26.05 	 2.467462 
26.06 	 2.467462 
26.07 	 2.467462 
26.08 	 2.467462 
26.09 	 2.467462 
26.10 	 2.467462 
26.11 	 2.467462 
26.12 	 2.467462 
26.13 	 2.467462 
26.14 	 2.467462 
26.15 	 2.467462 
26.16 	 2.467462 
26.17 	 2.467462 
26.18 	 2.467462 
26.19 	 2.467462 
26.20 	 2.467462 
26.21 	 2.467462 
26.22 	 2.467462 
26.23 	 2.467462 
26.24 	 2.467462 
26.25 	 2.467462 
26.26 	 2.467462 
26.27 	 2.467462 
26.28 	 2.467462 
26.29 	 2.467462 
26.30 	 2.467462 
26.31 	 2.467462 
26.32 	 2.467462 
26.33 	 2.467462 
26.34 	 2.467462 
26.35 	 2.467462 
26.36 	 2.467462 
26.37 	 2.467462 
26.38 	 2.467462 
26.39 	 2.467462 
26.40 	 2.467462 
26.41 	 2.467462 
26.42 	 2.467462 
26.43 	 2.467462 
26.44 	 2.467462 
26.45 	 2.467462 
26.46 	 2.467462 
26.47 	 2.467462 
26.48 	 2.467462 
26.49 	 2.467462 
26.50 	 2.467462 
26.51 	 2.467462 
26.52 	 2.467462 
26.53 	 2.467462 
26.54 	 2.467462 
26.55 	 2.467462 
26.56 	 2.467462 
26.57 	 2.467462 
26.58 	 2.467462 
26.59 	 2.467462 
26.60 	 2.467462 
26.61 	 2.467462 
26.62 	 2.467462 
26.63 	 2.467462 
26.64 	 2.467462 
26.65 	 2.467462 
26.66 	 2.467462 
26.67 	 2.467462 
26.68 	 2.467462 
26.69 	 2.467462 
26.70 	 2.467462 
26.71 	 2.467462 
26.72 	 2.467462 
26.73 	 2.467462 
26.74 	 2.467462 
26.75 	 2.467462 
26.76 	 2.467462 
26.77 	 2.467462 
26.78 	 2.467462 
26.79 	 2.467462 
26.80 	 2.467462 
26.81 	 2.467462 
26.82 	 2.467462 
26.83 	 2.467462 
26.84 	 2.467462 
26.85 	 2.467462 
26.86 	 2.467462 
26.87 	 2.467462 
26.88 	 2.467462 
26.89 	 2.467462 
26.90 	 2.467462 
26.91 	 2.467462 
26.92 	 2.467462 
26.93 	 2.467462 
26.94 	 2.467462 
26.95 	 2.467462 
26.96 	 2.467462 
26.97 	 2.467462 
26.98 	 2.467462 
26.99 	 2.467462 
27.00 	 2.467462 
27.01 	 2.467462 
27.02 	 2.467462 
27.03 	 2.467462 
27.04 	 2.467462 
27.05 	 2.467462 
27.06 	 2.467462 
27.07 	 2.467462 
27.08 	 2.467462 
27.09 	 2.467462 
27.10 	 2.467462 
27.11 	 2.467462 
27.12 	 2.467462 
27.13 	 2.467462 
27.14 	 2.467462 
27.15 	 2.467462 
27.16 	 2.467462 
27.17 	 2.467462 
27.18 	 2.467462 
27.19 	 2.467462 
27.20 	 2.467462 
27.21 	 2.467462 
27.22 	 2.467462 
27.23 	 2.467462 
27.24 	 2.467462 
27.25 	 2.467462 
27.26 	 2.467462 
27.27 	 2.467462 
27.28 	 2.467462 
27.29 	 2.467462 
27.30 	 2.467462 
27.31 	 2.467462 
27.32 	 2.467462 
27.33 	 2.467462 
27.34 	 2.467462 
27.35 	 2.467462 
27.36 	 2.467462 
27.37 	 2.467462 
27.38 	 2.467462 
27.39 	 2.467462 
27.40 	 2.467462 
27.41 	 2.467462 
27.42 	 2.467462 
27.43 	 2.467462 
27.44 	 2.467462 
27.45 	 2.467462 
27.46 	 2.467462 
27.47 	 2.467462 
27.48 	 2.467462 
27.49 	 2.467462 
27.50 	 2.467462 
27.51 	 2.467462 
27.52 	 2.467462 
27.53 	 2.467462 
27.54 	 2.467462 
27.55 	 2.467462 
27.56 	 2.467462 
27.57 	 2.467462 
27.58 	 2.467462 
27.59 	 2.467462 
27.60 	 2.467462 
27.61 	 2.467462 
27.62 	 2.467462 
27.63 	 2.467462 
27.64 	 2.467462 
27.65 	 2.467462 
27.66 	 2.467462 
27.67 	 2.467462 
27.68 	 2.467462 
27.69 	 2.467462 
27.70 	 2.467462 
27.71 	 2.467462 
27.72 	 2.467462 
27.73 	 2.467462 
27.74 	 2.467462 
27.75 	 2.467462 
27.76 	 2.467462 
27.77 	 2.467462 
27.78 	 2.467462 
27.79 	 2.467462 
27.80 	 2.467462 
27.81 	 2.467462 
27.82 	 2.467462 
27.83 	 2.467462 
27.84 	 2.467462 
27.85 	 2.467462 
27.86 	 2.467462 
27.87 	 2.467462 
27.88 	 2.467462 
27.89 	 2.467462 
27.90 	 2.467462 
27.91 	 2.467462 
27.92 	 2.467462 
27.93 	 2.467462 
27.94 	 2.467462 
27.95 	 2.467462 
27.96 	 2.467462 
27.97 	 2.467462 
27.98 	 2.467462 
27.99 	 2.467462 
28.00 	 2.467462 
28.01 	 2.467462 
28.02 	 2.467462 
28.03 	 2.467462 
28.04 	 2.467462 
28.05 	 2.467462 
28.06 	 2.467462 
28.07 	 2.467462 
28.08 	 2.467462 
28.09 	 2.467462 
28.10 	 2.467462 
28.11 	 2.467462 
28.12 	 2.467462 
28.13 	 2.467462 
28.14 	 2.467462 
28.15 	 2.467462 
28.16 	 2.467462 
28.17 	 2.467462 
28.18 	 2.467462 
28.19 	 2.467462 
28.20 	 2.467462 
28.21 	 2.467462 
28.22 	 2.467462 
28.23 	 2.467462 
28.24 	 2.467462 
28.25 	 2.467462 
28.26 	 2.467462 
28.27 	 2.467462 
28.28 	 2.467462 
28.29 	 2.467462 
28.30 	 2.467462 
28.31 	 2.467462 
28.32 	 2.467462 
28.33 	 2.467462 
28.34 	 2.467462 
28.35 	 2.467462 
28.36 	 2.467462 
28.37 	 2.467462 
28.38 	 2.467462 
28.39 	 2.467462 
28.40 	 2.467462 
28.41 	 2.467462 
28.42 	 2.467462 
28.43 	 2.467462 
28.44 	 2.467462 
28.45 	 2.467462 
28.46 	 2.467462 
28.47 	 2.467462 
28.48 	 2.467462 
28.49 	 2.467462 
28.50 	 2.467462 
28.51 	 2.467462 
28.52 	 2.467462 
28.53 	 2.467462 
28.54 	 2.467462 
28.55 	 2.467462 
28.56 	 2.467462 
28.57 	 2.467462 
28.58 	 2.467462 
28.59 	 2.467462 
28.60 	 2.467462 
28.61 	 2.467462 
28.62 	 2.467462 
28.63 	 2.467462 
28.64 	 2.467462 
28.65 	 2.467462 
28.66 	 2.467462 
28.67 	 2.467462 
28.68 	 2.467462 
28.69 	 2.467462 
28.70 	 2.467462 
28.71 	 2.467462 
28.72 	 2.467462 
28.73 	 2.467462 
28.74 	 2.467462 
28.75 	 2.467462 
28.76 	 2.467462 
28.77 	 2.467462 
28.78 	 2.467462 
28.79 	 2.467462 
28.80 	 2.467462 
28.81 	 2.467462 
28.82 	 2.467462 
28.83 	 2.467462 
28.84 	 2.467462 
28.85 	 2.467462 
28.86 	 2.467462 
28.87 	 2.467462 
28.88 	 2.467462 
28.89 	 2.467462 
28.90 	 2.467462 
28.91 	 2.467462 
28.92 	 2.467462 
28.93 	 2.467462 
28.94 	 2.467462 
28.95 	 2.467462 
28.96 	 2.467462 
28.97 	 2.467462 
28.98 	 2.467462 
28.99 	 2.467462 
29.00 	 2.467462 
29.01 	 2.467462 
29.02 	 2.467462 
29.03 	 2.467462 
29.04 	 2.467462 
29.05 	 2.467462 
29.06 	 2.467462 
29.07 	 2.467462 
29.08 	 2.467462 
29.09 	 2.467462 
29.10 	 2.467462 
29.11 	 2.467462 
29.12 	 2.467462 
29.13 	 2.467462 
29.14 	 2.467462 
29.15 	 2.467462 
29.16 	 2.467462 
29.17 	 2.467462 
29.18 	 2.467462 
29.19 	 2.467462 
29.20 	 2.467462 
29.21 	 2.467462 
29.22 	 2.467462 
29.23 	 2.467462 
29.24 	 2.467462 
29.25 	 2.467462 
29.26 	 2.467462 
29.27 	 2.467462 
29.28 	 2.467462 
29.29 	 2.467462 
29.30 	 2.467462 
29.31 	 2.467462 
29.32 	 2.467462 
29.33 	 2.467462 
29.34 	 2.467462 
29.35 	 2.467462 
29.36 	 2.467462 
29.37 	 2.467462 
29.38 	 2.467462 
29.39 	 2.467462 
29.40 	 2.467462 
29.41 	 2.467462 
29.42 	 2.467462 
29.43 	 2.467462 
29.44 	 2.467462 
29.45 	 2.467462 
29.46 	 2.467462 
29.47 	 2.467462 
29.48 	 2.467462 
29.49 	 2.467462 
29.50 	 2.467462 
29.51 	 2.467462 
29.52 	 2.467462 
29.53 	 2.467462 
29.54 	 2.467462 
29.55 	 2.467462 
29.56 	 2.467462 
29.57 	 2.467462 
29.58 	 2.467462 
29.59 	 2.467462 
29.60 	 2.467462 
29.61 	 2.467462 
29.62 	 2.467462 
29.63 	 2.467462 
29.64 	 2.467462 
29.65 	 2.467462 
29.66 	 2.467462 
29.67 	 2.467462 
29.68 	 2.467462 
29.69 	 2.467462 
29.70 	 2.467462 
29.71 	 2.467462 
29.72 	 2.467462 
29.73 	 2.467462 
29.74 	 2.467462 
29.75 	 2.467462 
29.76 	 2.467462 
29.77 	 2.467462 
29.78 	 2.467462 
29.79 	 2.467462 
29.80 	 2.467462 
29.81 	 2.467462 
29.82 	 2.467462 
29.83 	 2.467462 
29.84 	 2.467462 
29.85 	 2.467462 
29.86 	 2.467462 
29.87 	 2.467462 
29.88 	 2.467462 
29.89 	 2.467462 
29.90 	 2.467462 
29.91 	 2.467462 
29.92 	 2.467462 
29.93 	 2.467462 
29.94 	 2.467462 
29.95 	 2.467462 
29.96 	 2.467462 
29.97 	 2.467462 
29.98 	 2.467462 
29.99 	 2.467462 
30.00 	 2.467462 
30.01 	 2.467462 
30.02 	 2.467462 
30.03 	 2.467462 
30.04 	 2.467462 
30.05 	 2.467462 
30.06 	 2.467462 
30.07 	 2.467462 
30.08 	 2.467462 
30.09 	 2.467462 
30.10 	 2.467462 
30.11 	 2.467462 
30.12 	 2.467462 
30.13 	 2.467462 
30.14 	 2.467462 
30.15 	 2.467462 
30.16 	 2.467462 
30.17 	 2.467462 
30.18 	 2.467462 
30.19 	 2.467462 
30.20 	 2.467462 
30.21 	 2.467462 
30.22 	 2.467462 
30.23 	 2.467462 
30.24 	 2.467462 
30.25 	 2.467462 
30.26 	 2.467462 
30.27 	 2.467462 
30.28 	 2.467462 
30.29 	 2.467462 
30.30 	 2.467462 
30.31 	 2.467462 
30.32 	 2.467462 
30.33 	 2.467462 
30.34 	 2.467462 
30.35 	 2.467462 
30.36 	 2.467462 
30.37 	 2.467462 
30.38 	 2.467462 
30.39 	 2.467462 
30.40 	 2.467462 
30.41 	 2.467462 
30.42 	 2.467462 
30.43 	 2.467462 
30.44 	 2.467462 
30.45 	 2.467462 
30.46 	 2.467462 
30.47 	 2.467462 
30.48 	 2.467462 
30.49 	 2.467462 
30.50 	 2.467462 
30.51 	 2.467462 
30.52 	 2.467462 
30.53 	 2.467462 
30.54 	 2.467462 
30.55 	 2.467462 
30.56 	 2.467462 
30.57 	 2.467462 
30.58 	 2.467462 
30.59 	 2.467462 
30.60 	 2.467462 
30.61 	 2.467462 
30.62 	 2.467462 
30.63 	 2.467462 
30.64 	 2.467462 
30.65 	 2.467462 
30.66 	 2.467462 
30.67 	 2.467462 
30.68 	 2.467462 
30.69 	 2.467462 
30.70 	 2.467462 
30.71 	 2.467462 
30.72 	 2.467462 
30.73 	 2.467462 
30.74 	 2.467462 
30.75 	 2.467462 
30.76 	 2.467462 
30.77 	 2.467462 
30.78 	 2.467462 
30.79 	 2.467462 
30.80 	 2.467462 
30.81 	 2.467462 
30.82 	 2.467462 
30.83 	 2.467462 
30.84 	 2.467462 
30.85 	 2.467462 
30.86 	 2.467462 
30.87 	 2.467462 
30.88 	 2.467462 
30.89 	 2.467462 
30.90 	 2.467462 
30.91 	 2.467462 
30.92 	 2.467462 
30.93 	 2.467462 
30.94 	 2.467462 
30.95 	 2.467462 
30.96 	 2.467462 
30.97 	 2.467462 
30.98 	 2.467462 
30.99 	 2.467462 
31.00 	 2.467462 
31.01 	 2.467462 
31.02 	 2.467462 
31.03 	 2.467462 
31.04 	 2.467462 
31.05 	 2.467462 
31.06 	 2.467462 
31.07 	 2.467462 
31.08 	 2.467462 
31.09 	 2.467462 
31.10 	 2.467462 
31.11 	 2.467462 
31.12 	 2.467462 
31.13 	 2.467462 
31.14 	 2.467462 
31.15 	 2.467462 
31.16 	 2.467462 
31.17 	 2.467462 
31.18 	 2.467462 
31.19 	 2.467462 
31.20 	 2.467462 
31.21 	 2.467462 
31.22 	 2.467462 
31.23 	 2.467462 
31.24 	 2.467462 
31.25 	 2.467462 
31.26 	 2.467462 
31.27 	 2.467462 
31.28 	 2.467462 
31.29 	 2.467462 
31.30 	 2.467462 
31.31 	 2.467462 
31.32 	 2.467462 
31.33 	 2.467462 
31.34 	 2.467462 
31.35 	 2.467462 
31.36 	 2.467462 
31.37 	 2.467462 
31.38 	 2.467462 
31.39 	 2.467462 
31.40 	 2.467462 
31.41 	 2.467462 
31.42 	 2.467462 
31.43 	 2.467462 
31.44 	 2.467462 
31.45 	 2.467462 
31.46 	 2.467462 
31.47 	 2.467462 
31.48 	 2.467462 
31.49 	 2.467462 
31.50 	 2.467462 
31.51 	 2.467462 
31.52 	 2.467462 
31.53 	 2.467462 
31.54 	 2.467462 
31.55 	 2.467462 
31.56 	 2.467462 
31.57 	 2.467462 
31.58 	 2.467462 
31.59 	 2.467462 
31.60 	 2.467462 
31.61 	 2.467462 
31.62 	 2.467462 
31.63 	 2.467462 
31.64 	 2.467462 
31.65 	 2.467462 
31.66 	 2.467462 
31.67 	 2.467462 
31.68 	 2.467462 
31.69 	 2.467462 
31.70 	 2.467462 
31.71 	 2.467462 
31.72 	 2.467462 
31.73 	 2.467462 
31.74 	 2.467462 
31.75 	 2.467462 
31.76 	 2.467462 
31.77 	 2.467462 
31.78 	 2.467462 
31.79 	 2.467462 
31.80 	 2.467462 
31.81 	 2.467462 
31.82 	 2.467462 
31.83 	 2.467462 
31.84 	 2.467462 
31.85 	 2.467462 
31.86 	 2.467462 
31.87 	 2.467462 
31.88 	 2.467462 
31.89 	 2.467462 
31.90 	 2.467462 
31.91 	 2.467462 
31.92 	 2.467462 
31.93 	 2.467462 
31.94 	 2.467462 
31.95 	 2.467462 
31.96 	 2.467462 
31.97 	 2.467462 
31.98 	 2.467462 
31.99 	 2.467462 
32.00 	 2.467462 
32.01 	 2.467462 
32.02 	 2.467462 
32.03 	 2.467462 
32.04 	 2.467462 
32.05 	 2.467462 
32.06 	 2.467462 
32.07 	 2.467462 
32.08 	 2.467462 
32.09 	 2.467462 
32.10 	 2.467462 
32.11 	 2.467462 
32.12 	 2.467462 
32.13 	 2.467462 
32.14 	 2.467462 
32.15 	 2.467462 
32.16 	 2.467462 
32.17 	 2.467462 
32.18 	 2.467462 
32.19 	 2.467462 
32.20 	 2.467462 
32.21 	 2.467462 
32.22 	 2.467462 
32.23 	 2.467462 
32.24 	 2.467462 
32.25 	 2.467462 
32.26 	 2.467462 
32.27 	 2.467462 
32.28 	 2.467462 
32.29 	 2.467462 
32.30 	 2.467462 
32.31 	 2.467462 
32.32 	 2.467462 
32.33 	 2.467462 
32.34 	 2.467462 
32.35 	 2.467462 
32.36 	 2.467462 
32.37 	 2.467462 
32.38 	 2.467462 
32.39 	 2.467462 
32.40 	 2.467462 
32.41 	 2.467462 
32.42 	 2.467462 
32.43 	 2.467462 
32.44 	 2.467462 
32.45 	 2.467462 
32.46 	 2.467462 
32.47 	 2.467462 
32.48 	 2.467462 
32.49 	 2.467462 
32.50 	 2.467462 
32.51 	 2.467462 
32.52 	 2.467462 
32.53 	 2.467462 
32.54 	 2.467462 
32.55 	 2.467462 
32.56 	 2.467462 
32.57 	 2.467462 
32.58 	 2.467462 
32.59 	 2.467462 
32.60 	 2.467462 
32.61 	 2.467462 
32.62 	 2.467462 
32.63 	 2.467462 
32.64 	 2.467462 
32.65 	 2.467462 
32.66 	 2.467462 
32.67 	 2.467462 
32.68 	 2.467462 
32.69 	 2.467462 
32.70 	 2.467462 
32.71 	 2.467462 
32.72 	 2.467462 
32.73 	 2.467462 
32.74 	 2.467462 
32.75 	 2.467462 
32.76 	 2.467462 
32.77 	 2.467462 
32.78 	 2.467462 
32.79 	 2.467462 
32.80 	 2.467462 
32.81 	 2.467462 
32.82 	 2.467462 
32.83 	 2.467462 
32.84 	 2.467462 
32.85 	 2.467462 
32.86 	 2.467462 
32.87 	 2.467462 
32.88 	 2.467462 
32.89 	 2.467462 
32.90 	 2.467462 
32.91 	 2.467462 
32.92 	 2.467462 
32.93 	 2.467462 
32.94 	 2.467462 
32.95 	 2.467462 
32.96 	 2.467462 
32.97 	 2.467462 
32.98 	 2.467462 
32.99 	 2.467462 
33.00 	 2.467462 
33.01 	 2.467462 
33.02 	 2.467462 
33.03 	 2.467462 
33.04 	 2.467462 
33.05 	 2.467462 
33.06 	 2.467462 
33.07 	 2.467462 
33.08 	 2.467462 
33.09 	 2.467462 
33.10 	 2.467462 
33.11 	 2.467462 
33.12 	 2.467462 
33.13 	 2.467462 
33.14 	 2.467462 
33.15 	 2.467462 
33.16 	 2.467462 
33.17 	 2.467462 
33.18 	 2.467462 
33.19 	 2.467462 
33.20 	 2.467462 
33.21 	 2.467462 
33.22 	 2.467462 
33.23 	 2.467462 
33.24 	 2.467462 
33.25 	 2.467462 
33.26 	 2.467462 
33.27 	 2.467462 
33.28 	 2.467462 
33.29 	 2.467462 
33.30 	 2.467462 
33.31 	 2.467462 
33.32 	 2.467462 
33.33 	 2.467462 
33.34 	 2.467462 
33.35 	 2.467462 
33.36 	 2.467462 
33.37 	 2.467462 
33.38 	 2.467462 
33.39 	 2.467462 
33.40 	 2.467462 
33.41 	 2.467462 
33.42 	 2.467462 
33.43 	 2.467462 
33.44 	 2.467462 
33.45 	 2.467462 
33.46 	 2.467462 
33.47 	 2.467462 
33.48 	 2.467462 
33.49 	 2.467462 
33.50 	 2.467462 
33.51 	 2.467462 
33.52 	 2.467462 
33.53 	 2.467462 
33.54 	 2.467462 
33.55 	 2.467462 
33.56 	 2.467462 
33.57 	 2.467462 
33.58 	 2.467462 
33.59 	 2.467462 
33.60 	 2.467462 
33.61 	 2.467462 
33.62 	 2.467462 
33.63 	 2.467462 
33.64 	 2.467462 
33.65 	 2.467462 
33.66 	 2.467462 
33.67 	 2.467462 
33.68 	 2.467462 
33.69 	 2.467462 
33.70 	 2.467462 
33.71 	 2.467462 
33.72 	 2.467462 
33.73 	 2.467462 
33.74 	 2.467462 
33.75 	 2.467462 
33.76 	 2.467462 
33.77 	 2.467462 
33.78 	 2.467462 
33.79 	 2.467462 
33.80 	 2.467462 
33.81 	 2.467462 
33.82 	 2.467462 
33.83 	 2.467462 
33.84 	 2.467462 
33.85 	 2.467462 
33.86 	 2.467462 
33.87 	 2.467462 
33.88 	 2.467462 
33.89 	 2.467462 
33.90 	 2.467462 
33.91 	 2.467462 
33.92 	 2.467462 
33.93 	 2.467462 
33.94 	 2.467462 
33.95 	 2.467462 
33.96 	 2.467462 
33.97 	 2.467462 
33.98 	 2.467462 
33.99 	 2.467462 
34.00 	 2.467462 
34.01 	 2.467462 
34.02 	 2.467462 
34.03 	 2.467462 
34.04 	 2.467462 
34.05 	 2.467462 
34.06 	 2.467462 
34.07 	 2.467462 
34.08 	 2.467462 
34.09 	 2.467462 
34.10 	 2.467462 
34.11 	 2.467462 
34.12 	 2.467462 
34.13 	 2.467462 
34.14 	 2.467462 
34.15 	 2.467462 
34.16 	 2.467462 
34.17 	 2.467462 
34.18 	 2.467462 
34.19 	 2.467462 
34.20 	 2.467462 
34.21 	 2.467462 
34.22 	 2.467462 
34.23 	 2.467462 
34.24 	 2.467462 
34.25 	 2.467462 
34.26 	 2.467462 
34.27 	 2.467462 
34.28 	 2.467462 
34.29 	 2.467462 
34.30 	 2.467462 
34.31 	 2.467462 
34.32 	 2.467462 
34.33 	 2.467462 
34.34 	 2.467462 
34.35 	 2.467462 
34.36 	 2.467462 
34.37 	 2.467462 
34.38 	 2.467462 
34.39 	 2.467462 
34.40 	 2.467462 
34.41 	 2.467462 
34.42 	 2.467462 
34.43 	 2.467462 
34.44 	 2.467462 
34.45 	 2.467462 
34.46 	 2.467462 
34.47 	 2.467462 
34.48 	 2.467462 
34.49 	 2.467462 
34.50 	 2.467462 
34.51 	 2.467462 
34.52 	 2.467462 
34.53 	 2.467462 
34.54 	 2.467462 
34.55 	 2.467462 
34.56 	 2.467462 
34.57 	 2.467462 
34.58 	 2.467462 
34.59 	 2.467462 
34.60 	 2.467462 
34.61 	 2.467462 
34.62 	 2.467462 
34.63 	 2.467462 
34.64 	 2.467462 
34.65 	 2.467462 
34.66 	 2.467462 
34.67 	 2.467462 
34.68 	 2.467462 
34.69 	 2.467462 
34.70 	 2.467462 
34.71 	 2.467462 
34.72 	 2.467462 
34.73 	 2.467462 
34.74 	 2.467462 
34.75 	 2.467462 
34.76 	 2.467462 
34.77 	 2.467462 
34.78 	 2.467462 
34.79 	 2.467462 
34.80 	 2.467462 
34.81 	 2.467462 
34.82 	 2.467462 
34.83 	 2.467462 
34.84 	 2.467462 
34.85 	 2.467462 
34.86 	 2.467462 
34.87 	 2.467462 
34.88 	 2.467462 
34.89 	 2.467462 
34.90 	 2.467462 
34.91 	 2.467462 
34.92 	 2.467462 
34.93 	 2.467462 
34.94 	 2.467462 
34.95 	 2.467462 
34.96 	 2.467462 
34.97 	 2.467462 
34.98 	 2.467462 
34.99 	 2.467462 
35.00 	 2.467462 
35.01 	 2.467462 
35.02 	 2.467462 
35.03 	 2.467462 
35.04 	 2.467462 
35.05 	 2.467462 
35.06 	 2.467462 
35.07 	 2.467462 
35.08 	 2.467462 
35.09 	 2.467462 
35.10 	 2.467462 
35.11 	 2.467462 
35.12 	 2.467462 
35.13 	 2.467462 
35.14 	 2.467462 
35.15 	 2.467462 
35.16 	 2.467462 
35.17 	 2.467462 
35.18 	 2.467462 
35.19 	 2.467462 
35.20 	 2.467462 
35.21 	 2.467462 
35.22 	 2.467462 
35.23 	 2.467462 
35.24 	 2.467462 
35.25 	 2.467462 
35.26 	 2.467462 
35.27 	 2.467462 
35.28 	 2.467462 
35.29 	 2.467462 
35.30 	 2.467462 
35.31 	 2.467462 
35.32 	 2.467462 
35.33 	 2.467462 
35.34 	 2.467462 
35.35 	 2.467462 
35.36 	 2.467462 
35.37 	 2.467462 
35.38 	 2.467462 
35.39 	 2.467462 
35.40 	 2.467462 
35.41 	 2.467462 
35.42 	 2.467462 
35.43 	 2.467462 
35.44 	 2.467462 
35.45 	 2.467462 
35.46 	 2.467462 
35.47 	 2.467462 
35.48 	 2.467462 
35.49 	 2.467462 
35.50 	 2.467462 
35.51 	 2.467462 
35.52 	 2.467462 
35.53 	 2.467462 
35.54 	 2.467462 
35.55 	 2.467462 
35.56 	 2.467462 
35.57 	 2.467462 
35.58 	 2.467462 
35.59 	 2.467462 
35.60 	 2.467462 
35.61 	 2.467462 
35.62 	 2.467462 
35.63 	 2.467462 
35.64 	 2.467462 
35.65 	 2.467462 
35.66 	 2.467462 
35.67 	 2.467462 
35.68 	 2.467462 
35.69 	 2.467462 
35.70 	 2.467462 
35.71 	 2.467462 
35.72 	 2.467462 
35.73 	 2.467462 
35.74 	 2.467462 
35.75 	 2.467462 
35.76 	 2.467462 
35.77 	 2.467462 
35.78 	 2.467462 
35.79 	 2.467462 
35.80 	 2.467462 
35.81 	 2.467462 
35.82 	 2.467462 
35.83 	 2.467462 
35.84 	 2.467462 
35.85 	 2.467462 
35.86 	 2.467462 
35.87 	 2.467462 
35.88 	 2.467462 
35.89 	 2.467462 
35.90 	 2.467462 
35.91 	 2.467462 
35.92 	 2.467462 
35.93 	 2.467462 
35.94 	 2.467462 
35.95 	 2.467462 
35.96 	 2.467462 
35.97 	 2.467462 
35.98 	 2.467462 
35.99 	 2.467462 
36.00 	 2.467462 
36.01 	 2.467462 
36.02 	 2.467462 
36.03 	 2.467462 
36.04 	 2.467462 
36.05 	 2.467462 
36.06 	 2.467462 
36.07 	 2.467462 
36.08 	 2.467462 
36.09 	 2.467462 
36.10 	 2.467462 
36.11 	 2.467462 
36.12 	 2.467462 
36.13 	 2.467462 
36.14 	 2.467462 
36.15 	 2.467462 
36.16 	 2.467462 
36.17 	 2.467462 
36.18 	 2.467462 
36.19 	 2.467462 
36.20 	 2.467462 
36.21 	 2.467462 
36.22 	 2.467462 
36.23 	 2.467462 
36.24 	 2.467462 
36.25 	 2.467462 
36.26 	 2.467462 
36.27 	 2.467462 
36.28 	 2.467462 
36.29 	 2.467462 
36.30 	 2.467462 
36.31 	 2.467462 
36.32 	 2.467462 
36.33 	 2.467462 
36.34 	 2.467462 
36.35 	 2.467462 
36.36 	 2.467462 
36.37 	 2.467462 
36.38 	 2.467462 
36.39 	 2.467462 
36.40 	 2.467462 
36.41 	 2.467462 
36.42 	 2.467462 
36.43 	 2.467462 
36.44 	 2.467462 
36.45 	 2.467462 
36.46 	 2.467462 
36.47 	 2.467462 
36.48 	 2.467462 
36.49 	 2.467462 
36.50 	 2.467462 
36.51 	 2.467462 
36.52 	 2.467462 
36.53 	 2.467462 
36.54 	 2.467462 
36.55 	 2.467462 
36.56 	 2.467462 
36.57 	 2.467462 
36.58 	 2.467462 
36.59 	 2.467462 
36.60 	 2.467462 
36.61 	 2.467462 
36.62 	 2.467462 
36.63 	 2.467462 
36.64 	 2.467462 
36.65 	 2.467462 
36.66 	 2.467462 
36.67 	 2.467462 
36.68 	 2.467462 
36.69 	 2.467462 
36.70 	 2.467462 
36.71 	 2.467462 
36.72 	 2.467462 
36.73 	 2.467462 
36.74 	 2.467462 
36.75 	 2.467462 
36.76 	 2.467462 
36.77 	 2.467462 
36.78 	 2.467462 
36.79 	 2.467462 
36.80 	 2.467462 
36.81 	 2.467462 
36.82 	 2.467462 
36.83 	 2.467462 
36.84 	 2.467462 
36.85 	 2.467462 
36.86 	 2.467462 
36.87 	 2.467462 
36.88 	 2.467462 
36.89 	 2.467462 
36.90 	 2.467462 
36.91 	 2.467462 
36.92 	 2.467462 
36.93 	 2.467462 
36.94 	 2.467462 
36.95 	 2.467462 
36.96 	 2.467462 
36.97 	 2.467462 
36.98 	 2.467462 
36.99 	 2.467462 
37.00 	 2.467462 
37.01 	 2.467462 
37.02 	 2.467462 
37.03 	 2.467462 
37.04 	 2.467462 
37.05 	 2.467462 
37.06 	 2.467462 
37.07 	 2.467462 
37.08 	 2.467462 
37.09 	 2.467462 
37.10 	 2.467462 
37.11 	 2.467462 
37.12 	 2.467462 
37.13 	 2.467462 
37.14 	 2.467462 
37.15 	 2.467462 
37.16 	 2.467462 
37.17 	 2.467462 
37.18 	 2.467462 
37.19 	 2.467462 
37.20 	 2.467462 
37.21 	 2.467462 
37.22 	 2.467462 
37.23 	 2.467462 
37.24 	 2.467462 
37.25 	 2.467462 
37.26 	 2.467462 
37.27 	 2.467462 
37.28 	 2.467462 
37.29 	 2.467462 
37.30 	 2.467462 
37.31 	 2.467462 
37.32 	 2.467462 
37.33 	 2.467462 
37.34 	 2.467462 
37.35 	 2.467462 
37.36 	 2.467462 
37.37 	 2.467462 
37.38 	 2.467462 
37.39 	 2.467462 
37.40 	 2.467462 
37.41 	 2.467462 
37.42 	 2.467462 
37.43 	 2.467462 
37.44 	 2.467462 
37.45 	 2.467462 
37.46 	 2.467462 
37.47 	 2.467462 
37.48 	 2.467462 
37.49 	 2.467462 
37.50 	 2.467462 
37.51 	 2.467462 
37.52 	 2.467462 
37.53 	 2.467462 
37.54 	 2.467462 
37.55 	 2.467462 
37.56 	 2.467462 
37.57 	 2.467462 
37.58 	 2.467462 
37.59 	 2.467462 
37.60 	 2.467462 
37.61 	 2.467462 
37.62 	 2.467462 
37.63 	 2.467462 
37.64 	 2.467462 
37.65 	 2.467462 
37.66 	 2.467462 
37.67 	 2.467462 
37.68 	 2.467462 
37.69 	 2.467462 
37.70 	 2.467462 
37.71 	 2.467462 
37.72 	 2.467462 
37.73 	 2.467462 
37.74 	 2.467462 
37.75 	 2.467462 
37.76 	 2.467462 
37.77 	 2.467462 
37.78 	 2.467462 
37.79 	 2.467462 
37.80 	 2.467462 
37.81 	 2.467462 
37.82 	 2.467462 
37.83 	 2.467462 
37.84 	 2.467462 
37.85 	 2.467462 
37.86 	 2.467462 
37.87 	 2.467462 
37.88 	 2.467462 
37.89 	 2.467462 
37.90 	 2.467462 
37.91 	 2.467462 
37.92 	 2.467462 
37.93 	 2.467462 
37.94 	 2.467462 
37.95 	 2.467462 
37.96 	 2.467462 
37.97 	 2.467462 
37.98 	 2.467462 
37.99 	 2.467462 
38.00 	 2.467462 
38.01 	 2.467462 
38.02 	 2.467462 
38.03 	 2.467462 
38.04 	 2.467462 
38.05 	 2.467462 
38.06 	 2.467462 
38.07 	 2.467462 
38.08 	 2.467462 
38.09 	 2.467462 
38.10 	 2.467462 
38.11 	 2.467462 
38.12 	 2.467462 
38.13 	 2.467462 
38.14 	 2.467462 
38.15 	 2.467462 
38.16 	 2.467462 
38.17 	 2.467462 
38.18 	 2.467462 
38.19 	 2.467462 
38.20 	 2.467462 
38.21 	 2.467462 
38.22 	 2.467462 
38.23 	 2.467462 
38.24 	 2.467462 
38.25 	 2.467462 
38.26 	 2.467462 
38.27 	 2.467462 
38.28 	 2.467462 
38.29 	 2.467462 
38.30 	 2.467462 
38.31 	 2.467462 
38.32 	 2.467462 
38.33 	 2.467462 
38.34 	 2.467462 
38.35 	 2.467462 
38.36 	 2.467462 
38.37 	 2.467462 
38.38 	 2.467462 
38.39 	 2.467462 
38.40 	 2.467462 
38.41 	 2.467462 
38.42 	 2.467462 
38.43 	 2.467462 
38.44 	 2.467462 
38.45 	 2.467462 
38.46 	 2.467462 
38.47 	 2.467462 
38.48 	 2.467462 
38.49 	 2.467462 
38.50 	 2.467462 
38.51 	 2.467462 
38.52 	 2.467462 
38.53 	 2.467462 
38.54 	 2.467462 
38.55 	 2.467462 
38.56 	 2.467462 
38.57 	 2.467462 
38.58 	 2.467462 
38.59 	 2.467462 
38.60 	 2.467462 
38.61 	 2.467462 
38.62 	 2.467462 
38.63 	 2.467462 
38.64 	 2.467462 
38.65 	 2.467462 
38.66 	 2.467462 
38.67 	 2.467462 
38.68 	 2.467462 
38.69 	 2.467462 
38.70 	 2.467462 
38.71 	 2.467462 
38.72 	 2.467462 
38.73 	 2.467462 
38.74 	 2.467462 
38.75 	 2.467462 
38.76 	 2.467462 
38.77 	 2.467462 
38.78 	 2.467462 
38.79 	 2.467462 
38.80 	 2.467462 
38.81 	 2.467462 
38.82 	 2.467462 
38.83 	 2.467462 
38.84 	 2.467462 
38.85 	 2.467462 
38.86 	 2.467462 
38.87 	 2.467462 
38.88 	 2.467462 
38.89 	 2.467462 
38.90 	 2.467462 
38.91 	 2.467462 
38.92 	 2.467462 
38.93 	 2.467462 
38.94 	 2.467462 
38.95 	 2.467462 
38.96 	 2.467462 
38.97 	 2.467462 
38.98 	 2.467462 
38.99 	 2.467462 
39.00 	 2.467462 
39.01 	 2.467462 
39.02 	 2.467462 
39.03 	 2.467462 
39.04 	 2.467462 
39.05 	 2.467462 
39.06 	 2.467462 
39.07 	 2.467462 
39.08 	 2.467462 
39.09 	 2.467462 
39.10 	 2.467462 
39.11 	 2.467462 
39.12 	 2.467462 
39.13 	 2.467462 
39.14 	 2.467462 
39.15 	 2.467462 
39.16 	 2.467462 
39.17 	 2.467462 
39.18 	 2.467462 
39.19 	 2.467462 
39.20 	 2.467462 
39.21 	 2.467462 
39.22 	 2.467462 
39.23 	 2.467462 
39.24 	 2.467462 
39.25 	 2.467462 
39.26 	 2.467462 
39.27 	 2.467462 
39.28 	 2.467462 
39.29 	 2.467462 
39.30 	 2.467462 
39.31 	 2.467462 
39.32 	 2.467462 
39.33 	 2.467462 
39.34 	 2.467462 
39.35 	 2.467462 
39.36 	 2.467462 
39.37 	 2.467462 
39.38 	 2.467462 
39.39 	 2.467462 
39.40 	 2.467462 
39.41 	 2.467462 
39.42 	 2.467462 
39.43 	 2.467462 
39.44 	 2.467462 
39.45 	 2.467462 
39.46 	 2.467462 
39.47 	 2.467462 
39.48 	 2.467462 
39.49 	 2.467462 
39.50 	 2.467462 
39.51 	 2.467462 
39.52 	 2.467462 
39.53 	 2.467462 
39.54 	 2.467462 
39.55 	 2.467462 
39.56 	 2.467462 
39.57 	 2.467462 
39.58 	 2.467462 
39.59 	 2.467462 
39.60 	 2.467462 
39.61 	 2.467462 
39.62 	 2.467462 
39.63 	 2.467462 
39.64 	 2.467462 
39.65 	 2.467462 
39.66 	 2.467462 
39.67 	 2.467462 
39.68 	 2.467462 
39.69 	 2.467462 
39.70 	 2.467462 
39.71 	 2.467462 
39.72 	 2.467462 
39.73 	 2.467462 
39.74 	 2.467462 
39.75 	 2.467462 
39.76 	 2.467462 
39.77 	 2.467462 
39.78 	 2.467462 
39.79 	 2.467462 
39.80 	 2.467462 
39.81 	 2.467462 
39.82 	 2.467462 
39.83 	 2.467462 
39.84 	 2.467462 
39.85 	 2.467462 
39.86 	 2.467462 
39.87 	 2.467462 
39.88 	 2.467462 
39.89 	 2.467462 
39.90 	 2.467462 
39.91 	 2.467462 
39.92 	 2.467462 
39.93 	 2.467462 
39.94 	 2.467462 
39.95 	 2.467462 
39.96 	 2.467462 
39.97 	 2.467462 
39.98 	 2.467462 
39.99 	 2.467462 
