0.00 	 1.500000 
0.01 	 1.520976 
0.02 	 1.541447 
0.03 	 1.561417 
0.04 	 1.580891 
0.05 	 1.599875 
0.06 	 1.618377 
0.07 	 1.636403 
0.08 	 1.653964 
0.09 	 1.671068 
0.10 	 1.687724 
0.11 	 1.703944 
0.12 	 1.719736 
0.13 	 1.735111 
0.14 	 1.750080 
0.15 	 1.764653 
0.16 	 1.778841 
0.17 	 1.792654 
0.18 	 1.806103 
0.19 	 1.819198 
0.20 	 1.831950 
0.21 	 1.844368 
0.22 	 1.856462 
0.23 	 1.868242 
0.24 	 1.879717 
0.25 	 1.890896 
0.26 	 1.901789 
0.27 	 1.912404 
0.28 	 1.922749 
0.29 	 1.932834 
0.30 	 1.942665 
0.31 	 1.952252 
0.32 	 1.961600 
0.33 	 1.970718 
0.34 	 1.979613 
0.35 	 1.988291 
0.36 	 1.996759 
0.37 	 2.005024 
0.38 	 2.013091 
0.39 	 2.020967 
0.40 	 2.028658 
0.41 	 2.036169 
0.42 	 2.043506 
0.43 	 2.050673 
0.44 	 2.057676 
0.45 	 2.064520 
0.46 	 2.071209 
0.47 	 2.077748 
0.48 	 2.084141 
0.49 	 2.090393 
0.50 	 2.096507 
0.51 	 2.102488 
0.52 	 2.108340 
0.53 	 2.114065 
0.54 	 2.119668 
0.55 	 2.125153 
0.56 	 2.130521 
0.57 	 2.135778 
0.58 	 2.140925 
0.59 	 2.145965 
0.60 	 2.150903 
0.61 	 2.155740 
0.62 	 2.160478 
0.63 	 2.165122 
0.64 	 2.169673 
0.65 	 2.174133 
0.66 	 2.178506 
0.67 	 2.182793 
0.68 	 2.186997 
0.69 	 2.191119 
0.70 	 2.195162 
0.71 	 2.199128 
0.72 	 2.203019 
0.73 	 2.206836 
0.74 	 2.210582 
0.75 	 2.214258 
0.76 	 2.217866 
0.77 	 2.221408 
0.78 	 2.224885 
0.79 	 2.228299 
0.80 	 2.231651 
0.81 	 2.234943 
0.82 	 2.238176 
0.83 	 2.241351 
0.84 	 2.244471 
0.85 	 2.247536 
0.86 	 2.250547 
0.87 	 2.253506 
0.88 	 2.256414 
0.89 	 2.259272 
0.90 	 2.262081 
0.91 	 2.264842 
0.92 	 2.267557 
0.93 	 2.270226 
0.94 	 2.272850 
0.95 	 2.275431 
0.96 	 2.277969 
0.97 	 2.280465 
0.98 	 2.282921 
0.99 	 2.285336 
1.00 	 2.287712 
1.01 	 2.290050 
1.02 	 2.292350 
1.03 	 2.294614 
1.04 	 2.296841 
1.05 	 2.299033 
1.06 	 2.301191 
1.07 	 2.303315 
1.08 	 2.305405 
1.09 	 2.307463 
1.10 	 2.309489 
1.11 	 2.311484 
1.12 	 2.313449 
1.13 	 2.315383 
1.14 	 2.317288 
1.15 	 2.319164 
1.16 	 2.321012 
1.17 	 2.322832 
1.18 	 2.324625 
1.19 	 2.326391 
1.20 	 2.328131 
1.21 	 2.329845 
1.22 	 2.331534 
1.23 	 2.333198 
1.24 	 2.334838 
1.25 	 2.336454 
1.26 	 2.338047 
1.27 	 2.339617 
1.28 	 2.341164 
1.29 	 2.342689 
1.30 	 2.344192 
1.31 	 2.345674 
1.32 	 2.347135 
1.33 	 2.348575 
1.34 	 2.349995 
1.35 	 2.351395 
1.36 	 2.352776 
1.37 	 2.354137 
1.38 	 2.355480 
1.39 	 2.356804 
1.40 	 2.358109 
1.41 	 2.359397 
1.42 	 2.360667 
1.43 	 2.361920 
1.44 	 2.363156 
1.45 	 2.364375 
1.46 	 2.365577 
1.47 	 2.366764 
1.48 	 2.367934 
1.49 	 2.369089 
1.50 	 2.370228 
1.51 	 2.371352 
1.52 	 2.372462 
1.53 	 2.373556 
1.54 	 2.374636 
1.55 	 2.375702 
1.56 	 2.376754 
1.57 	 2.377793 
1.58 	 2.378817 
1.59 	 2.379829 
1.60 	 2.380827 
1.61 	 2.381812 
1.62 	 2.382785 
1.63 	 2.383745 
1.64 	 2.384693 
1.65 	 2.385629 
1.66 	 2.386552 
1.67 	 2.387464 
1.68 	 2.388365 
1.69 	 2.389254 
1.70 	 2.390132 
1.71 	 2.390998 
1.72 	 2.391854 
1.73 	 2.392699 
1.74 	 2.393534 
1.75 	 2.394358 
1.76 	 2.395172 
1.77 	 2.395976 
1.78 	 2.396770 
1.79 	 2.397554 
1.80 	 2.398328 
1.81 	 2.399093 
1.82 	 2.399848 
1.83 	 2.400594 
1.84 	 2.401331 
1.85 	 2.402059 
1.86 	 2.402778 
1.87 	 2.403489 
1.88 	 2.404191 
1.89 	 2.404884 
1.90 	 2.405569 
1.91 	 2.406246 
1.92 	 2.406914 
1.93 	 2.407575 
1.94 	 2.408227 
1.95 	 2.408872 
1.96 	 2.409509 
1.97 	 2.410139 
1.98 	 2.410761 
1.99 	 2.411376 
2.00 	 2.411983 
2.01 	 2.412583 
2.02 	 2.413177 
2.03 	 2.413763 
2.04 	 2.414342 
2.05 	 2.414914 
2.06 	 2.415480 
2.07 	 2.416039 
2.08 	 2.416592 
2.09 	 2.417138 
2.10 	 2.417678 
2.11 	 2.418212 
2.12 	 2.418739 
2.13 	 2.419260 
2.14 	 2.419775 
2.15 	 2.420285 
2.16 	 2.420788 
2.17 	 2.421286 
2.18 	 2.421778 
2.19 	 2.422264 
2.20 	 2.422745 
2.21 	 2.423220 
2.22 	 2.423690 
2.23 	 2.424154 
2.24 	 2.424613 
2.25 	 2.425067 
2.26 	 2.425516 
2.27 	 2.425960 
2.28 	 2.426398 
2.29 	 2.426832 
2.30 	 2.427261 
2.31 	 2.427685 
2.32 	 2.428104 
2.33 	 2.428518 
2.34 	 2.428928 
2.35 	 2.429333 
2.36 	 2.429734 
2.37 	 2.430130 
2.38 	 2.430522 
2.39 	 2.430910 
2.40 	 2.431293 
2.41 	 2.431672 
2.42 	 2.432046 
2.43 	 2.432417 
2.44 	 2.432783 
2.45 	 2.433145 
2.46 	 2.433504 
2.47 	 2.433858 
2.48 	 2.434208 
2.49 	 2.434555 
2.50 	 2.434898 
2.51 	 2.435237 
2.52 	 2.435572 
2.53 	 2.435904 
2.54 	 2.436232 
2.55 	 2.436556 
2.56 	 2.436877 
2.57 	 2.437194 
2.58 	 2.437508 
2.59 	 2.437818 
2.60 	 2.438125 
2.61 	 2.438429 
2.62 	 2.438729 
2.63 	 2.439027 
2.64 	 2.439320 
2.65 	 2.439611 
2.66 	 2.439899 
2.67 	 2.440183 
2.68 	 2.440465 
2.69 	 2.440743 
2.70 	 2.441018 
2.71 	 2.441291 
2.72 	 2.441560 
2.73 	 2.441827 
2.74 	 2.442090 
2.75 	 2.442351 
2.76 	 2.442609 
2.77 	 2.442864 
2.78 	 2.443117 
2.79 	 2.443367 
2.80 	 2.443614 
2.81 	 2.443859 
2.82 	 2.444101 
2.83 	 2.444340 
2.84 	 2.444577 
2.85 	 2.444811 
2.86 	 2.445043 
2.87 	 2.445272 
2.88 	 2.445499 
2.89 	 2.445723 
2.90 	 2.445945 
2.91 	 2.446165 
2.92 	 2.446383 
2.93 	 2.446598 
2.94 	 2.446810 
2.95 	 2.447021 
2.96 	 2.447229 
2.97 	 2.447436 
2.98 	 2.447640 
2.99 	 2.447841 
3.00 	 2.448041 
3.01 	 2.448239 
3.02 	 2.448434 
3.03 	 2.448628 
3.04 	 2.448819 
3.05 	 2.449009 
3.06 	 2.449196 
3.07 	 2.449381 
3.08 	 2.449565 
3.09 	 2.449747 
3.10 	 2.449926 
3.11 	 2.450104 
3.12 	 2.450280 
3.13 	 2.450454 
3.14 	 2.450627 
3.15 	 2.450797 
3.16 	 2.450966 
3.17 	 2.451133 
3.18 	 2.451298 
3.19 	 2.451462 
3.20 	 2.451623 
3.21 	 2.451783 
3.22 	 2.451942 
3.23 	 2.452099 
3.24 	 2.452254 
3.25 	 2.452408 
3.26 	 2.452560 
3.27 	 2.452710 
3.28 	 2.452859 
3.29 	 2.453006 
3.30 	 2.453152 
3.31 	 2.453296 
3.32 	 2.453439 
3.33 	 2.453580 
3.34 	 2.453720 
3.35 	 2.453859 
3.36 	 2.453996 
3.37 	 2.454131 
3.38 	 2.454265 
3.39 	 2.454398 
3.40 	 2.454530 
3.41 	 2.454660 
3.42 	 2.454788 
3.43 	 2.454916 
3.44 	 2.455042 
3.45 	 2.455167 
3.46 	 2.455290 
3.47 	 2.455413 
3.48 	 2.455534 
3.49 	 2.455653 
3.50 	 2.455772 
3.51 	 2.455889 
3.52 	 2.456005 
3.53 	 2.456120 
3.54 	 2.456234 
3.55 	 2.456347 
3.56 	 2.456458 
3.57 	 2.456568 
3.58 	 2.456678 
3.59 	 2.456786 
3.60 	 2.456893 
3.61 	 2.456998 
3.62 	 2.457103 
3.63 	 2.457207 
3.64 	 2.457310 
3.65 	 2.457411 
3.66 	 2.457512 
3.67 	 2.457611 
3.68 	 2.457710 
3.69 	 2.457807 
3.70 	 2.457904 
3.71 	 2.458000 
3.72 	 2.458094 
3.73 	 2.458188 
3.74 	 2.458280 
3.75 	 2.458372 
3.76 	 2.458463 
3.77 	 2.458553 
3.78 	 2.458642 
3.79 	 2.458730 
3.80 	 2.458817 
3.81 	 2.458903 
3.82 	 2.458989 
3.83 	 2.459073 
3.84 	 2.459157 
3.85 	 2.459240 
3.86 	 2.459322 
3.87 	 2.459403 
3.88 	 2.459483 
3.89 	 2.459563 
3.90 	 2.459642 
3.91 	 2.459720 
3.92 	 2.459797 
3.93 	 2.459873 
3.94 	 2.459949 
3.95 	 2.460024 
3.96 	 2.460098 
3.97 	 2.460171 
3.98 	 2.460244 
3.99 	 2.460316 
4.00 	 2.460387 
4.01 	 2.460457 
4.02 	 2.460527 
4.03 	 2.460596 
4.04 	 2.460664 
4.05 	 2.460732 
4.06 	 2.460799 
4.07 	 2.460865 
4.08 	 2.460931 
4.09 	 2.460996 
4.10 	 2.461060 
4.11 	 2.461124 
4.12 	 2.461187 
4.13 	 2.461249 
4.14 	 2.461311 
4.15 	 2.461372 
4.16 	 2.461432 
4.17 	 2.461492 
4.18 	 2.461552 
4.19 	 2.461610 
4.20 	 2.461668 
4.21 	 2.461726 
4.22 	 2.461783 
4.23 	 2.461839 
4.24 	 2.461895 
4.25 	 2.461950 
4.26 	 2.462005 
4.27 	 2.462059 
4.28 	 2.462113 
4.29 	 2.462166 
4.30 	 2.462218 
4.31 	 2.462270 
4.32 	 2.462322 
4.33 	 2.462373 
4.34 	 2.462423 
4.35 	 2.462473 
4.36 	 2.462523 
4.37 	 2.462572 
4.38 	 2.462620 
4.39 	 2.462668 
4.40 	 2.462716 
4.41 	 2.462763 
4.42 	 2.462809 
4.43 	 2.462856 
4.44 	 2.462901 
4.45 	 2.462946 
4.46 	 2.462991 
4.47 	 2.463035 
4.48 	 2.463079 
4.49 	 2.463123 
4.50 	 2.463166 
4.51 	 2.463208 
4.52 	 2.463250 
4.53 	 2.463292 
4.54 	 2.463333 
4.55 	 2.463374 
4.56 	 2.463415 
4.57 	 2.463455 
4.58 	 2.463494 
4.59 	 2.463534 
4.60 	 2.463573 
4.61 	 2.463611 
4.62 	 2.463649 
4.63 	 2.463687 
4.64 	 2.463724 
4.65 	 2.463761 
4.66 	 2.463798 
4.67 	 2.463834 
4.68 	 2.463870 
4.69 	 2.463906 
4.70 	 2.463941 
4.71 	 2.463976 
4.72 	 2.464010 
4.73 	 2.464044 
4.74 	 2.464078 
4.75 	 2.464111 
4.76 	 2.464145 
4.77 	 2.464177 
4.78 	 2.464210 
4.79 	 2.464242 
4.80 	 2.464274 
4.81 	 2.464305 
4.82 	 2.464337 
4.83 	 2.464367 
4.84 	 2.464398 
4.85 	 2.464428 
4.86 	 2.464458 
4.87 	 2.464488 
4.88 	 2.464517 
4.89 	 2.464546 
4.90 	 2.464575 
4.91 	 2.464604 
4.92 	 2.464632 
4.93 	 2.464660 
4.94 	 2.464688 
4.95 	 2.464715 
4.96 	 2.464742 
4.97 	 2.464769 
4.98 	 2.464796 
4.99 	 2.464822 
5.00 	 2.464848 
5.01 	 2.464874 
5.02 	 2.464899 
5.03 	 2.464925 
5.04 	 2.464950 
5.05 	 2.464975 
5.06 	 2.464999 
5.07 	 2.465023 
5.08 	 2.465047 
5.09 	 2.465071 
5.10 	 2.465095 
5.11 	 2.465118 
5.12 	 2.465141 
5.13 	 2.465164 
5.14 	 2.465187 
5.15 	 2.465209 
5.16 	 2.465232 
5.17 	 2.465254 
5.18 	 2.465275 
5.19 	 2.465297 
5.20 	 2.465318 
5.21 	 2.465340 
5.22 	 2.465360 
5.23 	 2.465381 
5.24 	 2.465402 
5.25 	 2.465422 
5.26 	 2.465442 
5.27 	 2.465462 
5.28 	 2.465482 
5.29 	 2.465501 
5.30 	 2.465521 
5.31 	 2.465540 
5.32 	 2.465559 
5.33 	 2.465578 
5.34 	 2.465596 
5.35 	 2.465615 
5.36 	 2.465633 
5.37 	 2.465651 
5.38 	 2.465669 
5.39 	 2.465686 
5.40 	 2.465704 
5.41 	 2.465721 
5.42 	 2.465738 
5.43 	 2.465755 
5.44 	 2.465772 
5.45 	 2.465789 
5.46 	 2.465805 
5.47 	 2.465822 
5.48 	 2.465838 
5.49 	 2.465854 
5.50 	 2.465870 
5.51 	 2.465885 
5.52 	 2.465901 
5.53 	 2.465916 
5.54 	 2.465932 
5.55 	 2.465947 
5.56 	 2.465962 
5.57 	 2.465976 
5.58 	 2.465991 
5.59 	 2.466005 
5.60 	 2.466020 
5.61 	 2.466034 
5.62 	 2.466048 
5.63 	 2.466062 
5.64 	 2.466076 
5.65 	 2.466089 
5.66 	 2.466103 
5.67 	 2.466116 
5.68 	 2.466130 
5.69 	 2.466143 
5.70 	 2.466156 
5.71 	 2.466169 
5.72 	 2.466181 
5.73 	 2.466194 
5.74 	 2.466206 
5.75 	 2.466219 
5.76 	 2.466231 
5.77 	 2.466243 
5.78 	 2.466255 
5.79 	 2.466267 
5.80 	 2.466279 
5.81 	 2.466291 
5.82 	 2.466302 
5.83 	 2.466313 
5.84 	 2.466325 
5.85 	 2.466336 
5.86 	 2.466347 
5.87 	 2.466358 
5.88 	 2.466369 
5.89 	 2.466380 
5.90 	 2.466390 
5.91 	 2.466401 
5.92 	 2.466411 
5.93 	 2.466422 
5.94 	 2.466432 
5.95 	 2.466442 
5.96 	 2.466452 
5.97 	 2.466462 
5.98 	 2.466472 
5.99 	 2.466482 
6.00 	 2.466491 
6.01 	 2.466501 
6.02 	 2.466510 
6.03 	 2.466520 
6.04 	 2.466529 
6.05 	 2.466538 
6.06 	 2.466547 
6.07 	 2.466556 
6.08 	 2.466565 
6.09 	 2.466574 
6.10 	 2.466583 
6.11 	 2.466591 
6.12 	 2.466600 
6.13 	 2.466608 
6.14 	 2.466617 
6.15 	 2.466625 
6.16 	 2.466633 
6.17 	 2.466642 
6.18 	 2.466650 
6.19 	 2.466658 
6.20 	 2.466666 
6.21 	 2.466673 
6.22 	 2.466681 
6.23 	 2.466689 
6.24 	 2.466696 
6.25 	 2.466704 
6.26 	 2.466711 
6.27 	 2.466719 
6.28 	 2.466726 
6.29 	 2.466733 
6.30 	 2.466741 
6.31 	 2.466748 
6.32 	 2.466755 
6.33 	 2.466762 
6.34 	 2.466769 
6.35 	 2.466775 
6.36 	 2.466782 
6.37 	 2.466789 
6.38 	 2.466795 
6.39 	 2.466802 
6.40 	 2.466809 
6.41 	 2.466815 
6.42 	 2.466821 
6.43 	 2.466828 
6.44 	 2.466834 
6.45 	 2.466840 
6.46 	 2.466846 
6.47 	 2.466852 
6.48 	 2.466858 
6.49 	 2.466864 
6.50 	 2.466870 
6.51 	 2.466876 
6.52 	 2.466882 
6.53 	 2.466887 
6.54 	 2.466893 
6.55 	 2.466899 
6.56 	 2.466904 
6.57 	 2.466910 
6.58 	 2.466915 
6.59 	 2.466920 
6.60 	 2.466926 
6.61 	 2.466931 
6.62 	 2.466936 
6.63 	 2.466941 
6.64 	 2.466947 
6.65 	 2.466952 
6.66 	 2.466957 
6.67 	 2.466962 
6.68 	 2.466967 
6.69 	 2.466971 
6.70 	 2.466976 
6.71 	 2.466981 
6.72 	 2.466986 
6.73 	 2.466990 
6.74 	 2.466995 
6.75 	 2.467000 
6.76 	 2.467004 
6.77 	 2.467009 
6.78 	 2.467013 
6.79 	 2.467018 
6.80 	 2.467022 
6.81 	 2.467026 
6.82 	 2.467031 
6.83 	 2.467035 
6.84 	 2.467039 
6.85 	 2.467043 
6.86 	 2.467047 
6.87 	 2.467051 
6.88 	 2.467055 
6.89 	 2.467059 
6.90 	 2.467063 
6.91 	 2.467067 
6.92 	 2.467071 
6.93 	 2.467075 
6.94 	 2.467079 
6.95 	 2.467083 
6.96 	 2.467086 
6.97 	 2.467090 
6.98 	 2.467094 
6.99 	 2.467097 
7.00 	 2.467101 
7.01 	 2.467104 
7.02 	 2.467108 
7.03 	 2.467111 
7.04 	 2.467115 
7.05 	 2.467118 
7.06 	 2.467122 
7.07 	 2.467125 
7.08 	 2.467128 
7.09 	 2.467132 
7.10 	 2.467135 
7.11 	 2.467138 
7.12 	 2.467141 
7.13 	 2.467144 
7.14 	 2.467148 
7.15 	 2.467151 
7.16 	 2.467154 
7.17 	 2.467157 
7.18 	 2.467160 
7.19 	 2.467163 
7.20 	 2.467166 
7.21 	 2.467169 
7.22 	 2.467172 
7.23 	 2.467174 
7.24 	 2.467177 
7.25 	 2.467180 
7.26 	 2.467183 
7.27 	 2.467186 
7.28 	 2.467188 
7.29 	 2.467191 
7.30 	 2.467194 
7.31 	 2.467196 
7.32 	 2.467199 
7.33 	 2.467201 
7.34 	 2.467204 
7.35 	 2.467207 
7.36 	 2.467209 
7.37 	 2.467212 
7.38 	 2.467214 
7.39 	 2.467216 
7.40 	 2.467219 
7.41 	 2.467221 
7.42 	 2.467224 
7.43 	 2.467226 
7.44 	 2.467228 
7.45 	 2.467231 
7.46 	 2.467233 
7.47 	 2.467235 
7.48 	 2.467237 
7.49 	 2.467240 
7.50 	 2.467242 
7.51 	 2.467244 
7.52 	 2.467246 
7.53 	 2.467248 
7.54 	 2.467250 
7.55 	 2.467252 
7.56 	 2.467254 
7.57 	 2.467256 
7.58 	 2.467258 
7.59 	 2.467261 
7.60 	 2.467262 
7.61 	 2.467264 
7.62 	 2.467266 
7.63 	 2.467268 
7.64 	 2.467270 
7.65 	 2.467272 
7.66 	 2.467274 
7.67 	 2.467276 
7.68 	 2.467278 
7.69 	 2.467279 
7.70 	 2.467281 
7.71 	 2.467283 
7.72 	 2.467285 
7.73 	 2.467287 
7.74 	 2.467288 
7.75 	 2.467290 
7.76 	 2.467292 
7.77 	 2.467293 
7.78 	 2.467295 
7.79 	 2.467297 
7.80 	 2.467298 
7.81 	 2.467300 
7.82 	 2.467301 
7.83 	 2.467303 
7.84 	 2.467305 
7.85 	 2.467306 
7.86 	 2.467308 
7.87 	 2.467309 
7.88 	 2.467311 
7.89 	 2.467312 
7.90 	 2.467314 
7.91 	 2.467315 
7.92 	 2.467317 
7.93 	 2.467318 
7.94 	 2.467319 
7.95 	 2.467321 
7.96 	 2.467322 
7.97 	 2.467324 
7.98 	 2.467325 
7.99 	 2.467326 
8.00 	 2.467328 
8.01 	 2.467329 
8.02 	 2.467330 
8.03 	 2.467332 
8.04 	 2.467333 
8.05 	 2.467334 
8.06 	 2.467335 
8.07 	 2.467337 
8.08 	 2.467338 
8.09 	 2.467339 
8.10 	 2.467340 
8.11 	 2.467342 
8.12 	 2.467343 
8.13 	 2.467344 
8.14 	 2.467345 
8.15 	 2.467346 
8.16 	 2.467347 
8.17 	 2.467348 
8.18 	 2.467350 
8.19 	 2.467351 
8.20 	 2.467352 
8.21 	 2.467353 
8.22 	 2.467354 
8.23 	 2.467355 
8.24 	 2.467356 
8.25 	 2.467357 
8.26 	 2.467358 
8.27 	 2.467359 
8.28 	 2.467360 
8.29 	 2.467361 
8.30 	 2.467362 
8.31 	 2.467363 
8.32 	 2.467364 
8.33 	 2.467365 
8.34 	 2.467366 
8.35 	 2.467367 
8.36 	 2.467368 
8.37 	 2.467369 
8.38 	 2.467370 
8.39 	 2.467371 
8.40 	 2.467372 
8.41 	 2.467372 
8.42 	 2.467373 
8.43 	 2.467374 
8.44 	 2.467375 
8.45 	 2.467376 
8.46 	 2.467377 
8.47 	 2.467378 
8.48 	 2.467378 
8.49 	 2.467379 
8.50 	 2.467380 
8.51 	 2.467381 
8.52 	 2.467382 
8.53 	 2.467382 
8.54 	 2.467383 
8.55 	 2.467384 
8.56 	 2.467385 
8.57 	 2.467386 
8.58 	 2.467386 
8.59 	 2.467387 
8.60 	 2.467388 
8.61 	 2.467389 
8.62 	 2.467389 
8.63 	 2.467390 
8.64 	 2.467391 
8.65 	 2.467391 
8.66 	 2.467392 
8.67 	 2.467393 
8.68 	 2.467393 
8.69 	 2.467394 
8.70 	 2.467395 
8.71 	 2.467395 
8.72 	 2.467396 
8.73 	 2.467397 
8.74 	 2.467397 
8.75 	 2.467398 
8.76 	 2.467399 
8.77 	 2.467399 
8.78 	 2.467400 
8.79 	 2.467401 
8.80 	 2.467401 
8.81 	 2.467402 
8.82 	 2.467402 
8.83 	 2.467403 
8.84 	 2.467403 
8.85 	 2.467404 
8.86 	 2.467405 
8.87 	 2.467405 
8.88 	 2.467406 
8.89 	 2.467406 
8.90 	 2.467407 
8.91 	 2.467407 
8.92 	 2.467408 
8.93 	 2.467408 
8.94 	 2.467409 
8.95 	 2.467410 
8.96 	 2.467410 
8.97 	 2.467411 
8.98 	 2.467411 
8.99 	 2.467412 
9.00 	 2.467412 
9.01 	 2.467413 
9.02 	 2.467413 
9.03 	 2.467414 
9.04 	 2.467414 
9.05 	 2.467414 
9.06 	 2.467415 
9.07 	 2.467415 
9.08 	 2.467416 
9.09 	 2.467416 
9.10 	 2.467417 
9.11 	 2.467417 
9.12 	 2.467418 
9.13 	 2.467418 
9.14 	 2.467419 
9.15 	 2.467419 
9.16 	 2.467419 
9.17 	 2.467420 
9.18 	 2.467420 
9.19 	 2.467421 
9.20 	 2.467421 
9.21 	 2.467421 
9.22 	 2.467422 
9.23 	 2.467422 
9.24 	 2.467423 
9.25 	 2.467423 
9.26 	 2.467423 
9.27 	 2.467424 
9.28 	 2.467424 
9.29 	 2.467425 
9.30 	 2.467425 
9.31 	 2.467425 
9.32 	 2.467426 
9.33 	 2.467426 
9.34 	 2.467426 
9.35 	 2.467427 
9.36 	 2.467427 
9.37 	 2.467427 
9.38 	 2.467428 
9.39 	 2.467428 
9.40 	 2.467428 
9.41 	 2.467429 
9.42 	 2.467429 
9.43 	 2.467429 
9.44 	 2.467430 
9.45 	 2.467430 
9.46 	 2.467430 
9.47 	 2.467431 
9.48 	 2.467431 
9.49 	 2.467431 
9.50 	 2.467432 
9.51 	 2.467432 
9.52 	 2.467432 
9.53 	 2.467432 
9.54 	 2.467433 
9.55 	 2.467433 
9.56 	 2.467433 
9.57 	 2.467434 
9.58 	 2.467434 
9.59 	 2.467434 
9.60 	 2.467434 
9.61 	 2.467435 
9.62 	 2.467435 
9.63 	 2.467435 
9.64 	 2.467436 
9.65 	 2.467436 
9.66 	 2.467436 
9.67 	 2.467436 
9.68 	 2.467437 
9.69 	 2.467437 
9.70 	 2.467437 
9.71 	 2.467437 
9.72 	 2.467438 
9.73 	 2.467438 
9.74 	 2.467438 
9.75 	 2.467438 
9.76 	 2.467439 
9.77 	 2.467439 
9.78 	 2.467439 
9.79 	 2.467439 
9.80 	 2.467439 
9.81 	 2.467440 
9.82 	 2.467440 
9.83 	 2.467440 
9.84 	 2.467440 
9.85 	 2.467441 
9.86 	 2.467441 
9.87 	 2.467441 
9.88 	 2.467441 
9.89 	 2.467441 
9.90 	 2.467442 
9.91 	 2.467442 
9.92 	 2.467442 
9.93 	 2.467442 
9.94 	 2.467442 
9.95 	 2.467443 
9.96 	 2.467443 
9.97 	 2.467443 
9.98 	 2.467443 
9.99 	 2.467443 
10.00 	 2.467443 
10.01 	 2.467444 
10.02 	 2.467444 
10.03 	 2.467444 
10.04 	 2.467444 
10.05 	 2.467444 
10.06 	 2.467445 
10.07 	 2.467445 
10.08 	 2.467445 
10.09 	 2.467445 
10.10 	 2.467445 
10.11 	 2.467445 
10.12 	 2.467446 
10.13 	 2.467446 
10.14 	 2.467446 
10.15 	 2.467446 
10.16 	 2.467446 
10.17 	 2.467446 
10.18 	 2.467447 
10.19 	 2.467447 
10.20 	 2.467447 
10.21 	 2.467447 
10.22 	 2.467447 
10.23 	 2.467447 
10.24 	 2.467447 
10.25 	 2.467448 
10.26 	 2.467448 
10.27 	 2.467448 
10.28 	 2.467448 
10.29 	 2.467448 
10.30 	 2.467448 
10.31 	 2.467448 
10.32 	 2.467449 
10.33 	 2.467449 
10.34 	 2.467449 
10.35 	 2.467449 
10.36 	 2.467449 
10.37 	 2.467449 
10.38 	 2.467449 
10.39 	 2.467449 
10.40 	 2.467450 
10.41 	 2.467450 
10.42 	 2.467450 
10.43 	 2.467450 
10.44 	 2.467450 
10.45 	 2.467450 
10.46 	 2.467450 
10.47 	 2.467450 
10.48 	 2.467451 
10.49 	 2.467451 
10.50 	 2.467451 
10.51 	 2.467451 
10.52 	 2.467451 
10.53 	 2.467451 
10.54 	 2.467451 
10.55 	 2.467451 
10.56 	 2.467451 
10.57 	 2.467452 
10.58 	 2.467452 
10.59 	 2.467452 
10.60 	 2.467452 
10.61 	 2.467452 
10.62 	 2.467452 
10.63 	 2.467452 
10.64 	 2.467452 
10.65 	 2.467452 
10.66 	 2.467452 
10.67 	 2.467453 
10.68 	 2.467453 
10.69 	 2.467453 
10.70 	 2.467453 
10.71 	 2.467453 
10.72 	 2.467453 
10.73 	 2.467453 
10.74 	 2.467453 
10.75 	 2.467453 
10.76 	 2.467453 
10.77 	 2.467453 
10.78 	 2.467454 
10.79 	 2.467454 
10.80 	 2.467454 
10.81 	 2.467454 
10.82 	 2.467454 
10.83 	 2.467454 
10.84 	 2.467454 
10.85 	 2.467454 
10.86 	 2.467454 
10.87 	 2.467454 
10.88 	 2.467454 
10.89 	 2.467454 
10.90 	 2.467454 
10.91 	 2.467455 
10.92 	 2.467455 
10.93 	 2.467455 
10.94 	 2.467455 
10.95 	 2.467455 
10.96 	 2.467455 
10.97 	 2.467455 
10.98 	 2.467455 
10.99 	 2.467455 
11.00 	 2.467455 
11.01 	 2.467455 
11.02 	 2.467455 
11.03 	 2.467455 
11.04 	 2.467455 
11.05 	 2.467456 
11.06 	 2.467456 
11.07 	 2.467456 
11.08 	 2.467456 
11.09 	 2.467456 
11.10 	 2.467456 
11.11 	 2.467456 
11.12 	 2.467456 
11.13 	 2.467456 
11.14 	 2.467456 
11.15 	 2.467456 
11.16 	 2.467456 
11.17 	 2.467456 
11.18 	 2.467456 
11.19 	 2.467456 
11.20 	 2.467456 
11.21 	 2.467456 
11.22 	 2.467457 
11.23 	 2.467457 
11.24 	 2.467457 
11.25 	 2.467457 
11.26 	 2.467457 
11.27 	 2.467457 
11.28 	 2.467457 
11.29 	 2.467457 
11.30 	 2.467457 
11.31 	 2.467457 
11.32 	 2.467457 
11.33 	 2.467457 
11.34 	 2.467457 
11.35 	 2.467457 
11.36 	 2.467457 
11.37 	 2.467457 
11.38 	 2.467457 
11.39 	 2.467457 
11.40 	 2.467457 
11.41 	 2.467458 
11.42 	 2.467458 
11.43 	 2.467458 
11.44 	 2.467458 
11.45 	 2.467458 
11.46 	 2.467458 
11.47 	 2.467458 
11.48 	 2.467458 
11.49 	 2.467458 
11.50 	 2.467458 
11.51 	 2.467458 
11.52 	 2.467458 
11.53 	 2.467458 
11.54 	 2.467458 
11.55 	 2.467458 
11.56 	 2.467458 
11.57 	 2.467458 
11.58 	 2.467458 
11.59 	 2.467458 
11.60 	 2.467458 
11.61 	 2.467458 
11.62 	 2.467458 
11.63 	 2.467458 
11.64 	 2.467458 
11.65 	 2.467458 
11.66 	 2.467459 
11.67 	 2.467459 
11.68 	 2.467459 
11.69 	 2.467459 
11.70 	 2.467459 
11.71 	 2.467459 
11.72 	 2.467459 
11.73 	 2.467459 
11.74 	 2.467459 
11.75 	 2.467459 
11.76 	 2.467459 
11.77 	 2.467459 
11.78 	 2.467459 
11.79 	 2.467459 
11.80 	 2.467459 
11.81 	 2.467459 
11.82 	 2.467459 
11.83 	 2.467459 
11.84 	 2.467459 
11.85 	 2.467459 
11.86 	 2.467459 
11.87 	 2.467459 
11.88 	 2.467459 
11.89 	 2.467459 
11.90 	 2.467459 
11.91 	 2.467459 
11.92 	 2.467459 
11.93 	 2.467459 
11.94 	 2.467459 
11.95 	 2.467459 
11.96 	 2.467459 
11.97 	 2.467459 
11.98 	 2.467460 
11.99 	 2.467460 
12.00 	 2.467460 
12.01 	 2.467460 
12.02 	 2.467460 
12.03 	 2.467460 
12.04 	 2.467460 
12.05 	 2.467460 
12.06 	 2.467460 
12.07 	 2.467460 
12.08 	 2.467460 
12.09 	 2.467460 
12.10 	 2.467460 
12.11 	 2.467460 
12.12 	 2.467460 
12.13 	 2.467460 
12.14 	 2.467460 
12.15 	 2.467460 
12.16 	 2.467460 
12.17 	 2.467460 
12.18 	 2.467460 
12.19 	 2.467460 
12.20 	 2.467460 
12.21 	 2.467460 
12.22 	 2.467460 
12.23 	 2.467460 
12.24 	 2.467460 
12.25 	 2.467460 
12.26 	 2.467460 
12.27 	 2.467460 
12.28 	 2.467460 
12.29 	 2.467460 
12.30 	 2.467460 
12.31 	 2.467460 
12.32 	 2.467460 
12.33 	 2.467460 
12.34 	 2.467460 
12.35 	 2.467460 
12.36 	 2.467460 
12.37 	 2.467460 
12.38 	 2.467460 
12.39 	 2.467460 
12.40 	 2.467460 
12.41 	 2.467460 
12.42 	 2.467460 
12.43 	 2.467460 
12.44 	 2.467460 
12.45 	 2.467460 
12.46 	 2.467461 
12.47 	 2.467461 
12.48 	 2.467461 
12.49 	 2.467461 
12.50 	 2.467461 
12.51 	 2.467461 
12.52 	 2.467461 
12.53 	 2.467461 
12.54 	 2.467461 
12.55 	 2.467461 
12.56 	 2.467461 
12.57 	 2.467461 
12.58 	 2.467461 
12.59 	 2.467461 
12.60 	 2.467461 
12.61 	 2.467461 
12.62 	 2.467461 
12.63 	 2.467461 
12.64 	 2.467461 
12.65 	 2.467461 
12.66 	 2.467461 
12.67 	 2.467461 
12.68 	 2.467461 
12.69 	 2.467461 
12.70 	 2.467461 
12.71 	 2.467461 
12.72 	 2.467461 
12.73 	 2.467461 
12.74 	 2.467461 
12.75 	 2.467461 
12.76 	 2.467461 
12.77 	 2.467461 
12.78 	 2.467461 
12.79 	 2.467461 
12.80 	 2.467461 
12.81 	 2.467461 
12.82 	 2.467461 
12.83 	 2.467461 
12.84 	 2.467461 
12.85 	 2.467461 
12.86 	 2.467461 
12.87 	 2.467461 
12.88 	 2.467461 
12.89 	 2.467461 
12.90 	 2.467461 
12.91 	 2.467461 
12.92 	 2.467461 
12.93 	 2.467461 
12.94 	 2.467461 
12.95 	 2.467461 
12.96 	 2.467461 
12.97 	 2.467461 
12.98 	 2.467461 
12.99 	 2.467461 
13.00 	 2.467461 
13.01 	 2.467461 
13.02 	 2.467461 
13.03 	 2.467461 
13.04 	 2.467461 
13.05 	 2.467461 
13.06 	 2.467461 
13.07 	 2.467461 
13.08 	 2.467461 
13.09 	 2.467461 
13.10 	 2.467461 
13.11 	 2.467461 
13.12 	 2.467461 
13.13 	 2.467461 
13.14 	 2.467461 
13.15 	 2.467461 
13.16 	 2.467461 
13.17 	 2.467461 
13.18 	 2.467461 
13.19 	 2.467461 
13.20 	 2.467461 
13.21 	 2.467461 
13.22 	 2.467461 
13.23 	 2.467461 
13.24 	 2.467461 
13.25 	 2.467461 
13.26 	 2.467461 
13.27 	 2.467461 
13.28 	 2.467461 
13.29 	 2.467461 
13.30 	 2.467461 
13.31 	 2.467461 
13.32 	 2.467461 
13.33 	 2.467461 
13.34 	 2.467461 
13.35 	 2.467461 
13.36 	 2.467461 
13.37 	 2.467461 
13.38 	 2.467461 
13.39 	 2.467461 
13.40 	 2.467461 
13.41 	 2.467462 
13.42 	 2.467462 
13.43 	 2.467462 
13.44 	 2.467462 
13.45 	 2.467462 
13.46 	 2.467462 
13.47 	 2.467462 
13.48 	 2.467462 
13.49 	 2.467462 
13.50 	 2.467462 
13.51 	 2.467462 
13.52 	 2.467462 
13.53 	 2.467462 
13.54 	 2.467462 
13.55 	 2.467462 
13.56 	 2.467462 
13.57 	 2.467462 
13.58 	 2.467462 
13.59 	 2.467462 
13.60 	 2.467462 
13.61 	 2.467462 
13.62 	 2.467462 
13.63 	 2.467462 
13.64 	 2.467462 
13.65 	 2.467462 
13.66 	 2.467462 
13.67 	 2.467462 
13.68 	 2.467462 
13.69 	 2.467462 
13.70 	 2.467462 
13.71 	 2.467462 
13.72 	 2.467462 
13.73 	 2.467462 
13.74 	 2.467462 
13.75 	 2.467462 
13.76 	 2.467462 
13.77 	 2.467462 
13.78 	 2.467462 
13.79 	 2.467462 
13.80 	 2.467462 
13.81 	 2.467462 
13.82 	 2.467462 
13.83 	 2.467462 
13.84 	 2.467462 
13.85 	 2.467462 
13.86 	 2.467462 
13.87 	 2.467462 
13.88 	 2.467462 
13.89 	 2.467462 
13.90 	 2.467462 
13.91 	 2.467462 
13.92 	 2.467462 
13.93 	 2.467462 
13.94 	 2.467462 
13.95 	 2.467462 
13.96 	 2.467462 
13.97 	 2.467462 
13.98 	 2.467462 
13.99 	 2.467462 
14.00 	 2.467462 
14.01 	 2.467462 
14.02 	 2.467462 
14.03 	 2.467462 
14.04 	 2.467462 
14.05 	 2.467462 
14.06 	 2.467462 
14.07 	 2.467462 
14.08 	 2.467462 
14.09 	 2.467462 
14.10 	 2.467462 
14.11 	 2.467462 
14.12 	 2.467462 
14.13 	 2.467462 
14.14 	 2.467462 
14.15 	 2.467462 
14.16 	 2.467462 
14.17 	 2.467462 
14.18 	 2.467462 
14.19 	 2.467462 
14.20 	 2.467462 
14.21 	 2.467462 
14.22 	 2.467462 
14.23 	 2.467462 
14.24 	 2.467462 
14.25 	 2.467462 
14.26 	 2.467462 
14.27 	 2.467462 
14.28 	 2.467462 
14.29 	 2.467462 
14.30 	 2.467462 
14.31 	 2.467462 
14.32 	 2.467462 
14.33 	 2.467462 
14.34 	 2.467462 
14.35 	 2.467462 
14.36 	 2.467462 
14.37 	 2.467462 
14.38 	 2.467462 
14.39 	 2.467462 
14.40 	 2.467462 
14.41 	 2.467462 
14.42 	 2.467462 
14.43 	 2.467462 
14.44 	 2.467462 
14.45 	 2.467462 
14.46 	 2.467462 
14.47 	 2.467462 
14.48 	 2.467462 
14.49 	 2.467462 
14.50 	 2.467462 
14.51 	 2.467462 
14.52 	 2.467462 
14.53 	 2.467462 
14.54 	 2.467462 
14.55 	 2.467462 
14.56 	 2.467462 
14.57 	 2.467462 
14.58 	 2.467462 
14.59 	 2.467462 
14.60 	 2.467462 
14.61 	 2.467462 
14.62 	 2.467462 
14.63 	 2.467462 
14.64 	 2.467462 
14.65 	 2.467462 
14.66 	 2.467462 
14.67 	 2.467462 
14.68 	 2.467462 
14.69 	 2.467462 
14.70 	 2.467462 
14.71 	 2.467462 
14.72 	 2.467462 
14.73 	 2.467462 
14.74 	 2.467462 
14.75 	 2.467462 
14.76 	 2.467462 
14.77 	 2.467462 
14.78 	 2.467462 
14.79 	 2.467462 
14.80 	 2.467462 
14.81 	 2.467462 
14.82 	 2.467462 
14.83 	 2.467462 
14.84 	 2.467462 
14.85 	 2.467462 
14.86 	 2.467462 
14.87 	 2.467462 
14.88 	 2.467462 
14.89 	 2.467462 
14.90 	 2.467462 
14.91 	 2.467462 
14.92 	 2.467462 
14.93 	 2.467462 
14.94 	 2.467462 
14.95 	 2.467462 
14.96 	 2.467462 
14.97 	 2.467462 
14.98 	 2.467462 
14.99 	 2.467462 
15.00 	 2.467462 
15.01 	 2.467462 
15.02 	 2.467462 
15.03 	 2.467462 
15.04 	 2.467462 
15.05 	 2.467462 
15.06 	 2.467462 
15.07 	 2.467462 
15.08 	 2.467462 
15.09 	 2.467462 
15.10 	 2.467462 
15.11 	 2.467462 
15.12 	 2.467462 
15.13 	 2.467462 
15.14 	 2.467462 
15.15 	 2.467462 
15.16 	 2.467462 
15.17 	 2.467462 
15.18 	 2.467462 
15.19 	 2.467462 
15.20 	 2.467462 
15.21 	 2.467462 
15.22 	 2.467462 
15.23 	 2.467462 
15.24 	 2.467462 
15.25 	 2.467462 
15.26 	 2.467462 
15.27 	 2.467462 
15.28 	 2.467462 
15.29 	 2.467462 
15.30 	 2.467462 
15.31 	 2.467462 
15.32 	 2.467462 
15.33 	 2.467462 
15.34 	 2.467462 
15.35 	 2.467462 
15.36 	 2.467462 
15.37 	 2.467462 
15.38 	 2.467462 
15.39 	 2.467462 
15.40 	 2.467462 
15.41 	 2.467462 
15.42 	 2.467462 
15.43 	 2.467462 
15.44 	 2.467462 
15.45 	 2.467462 
15.46 	 2.467462 
15.47 	 2.467462 
15.48 	 2.467462 
15.49 	 2.467462 
15.50 	 2.467462 
15.51 	 2.467462 
15.52 	 2.467462 
15.53 	 2.467462 
15.54 	 2.467462 
15.55 	 2.467462 
15.56 	 2.467462 
15.57 	 2.467462 
15.58 	 2.467462 
15.59 	 2.467462 
15.60 	 2.467462 
15.61 	 2.467462 
15.62 	 2.467462 
15.63 	 2.467462 
15.64 	 2.467462 
15.65 	 2.467462 
15.66 	 2.467462 
15.67 	 2.467462 
15.68 	 2.467462 
15.69 	 2.467462 
15.70 	 2.467462 
15.71 	 2.467462 
15.72 	 2.467462 
15.73 	 2.467462 
15.74 	 2.467462 
15.75 	 2.467462 
15.76 	 2.467462 
15.77 	 2.467462 
15.78 	 2.467462 
15.79 	 2.467462 
15.80 	 2.467462 
15.81 	 2.467462 
15.82 	 2.467462 
15.83 	 2.467462 
15.84 	 2.467462 
15.85 	 2.467462 
15.86 	 2.467462 
15.87 	 2.467462 
15.88 	 2.467462 
15.89 	 2.467462 
15.90 	 2.467462 
15.91 	 2.467462 
15.92 	 2.467462 
15.93 	 2.467462 
15.94 	 2.467462 
15.95 	 2.467462 
15.96 	 2.467462 
15.97 	 2.467462 
15.98 	 2.467462 
15.99 	 2.467462 
16.00 	 2.467462 
16.01 	 2.467462 
16.02 	 2.467462 
16.03 	 2.467462 
16.04 	 2.467462 
16.05 	 2.467462 
16.06 	 2.467462 
16.07 	 2.467462 
16.08 	 2.467462 
16.09 	 2.467462 
16.10 	 2.467462 
16.11 	 2.467462 
16.12 	 2.467462 
16.13 	 2.467462 
16.14 	 2.467462 
16.15 	 2.467462 
16.16 	 2.467462 
16.17 	 2.467462 
16.18 	 2.467462 
16.19 	 2.467462 
16.20 	 2.467462 
16.21 	 2.467462 
16.22 	 2.467462 
16.23 	 2.467462 
16.24 	 2.467462 
16.25 	 2.467462 
16.26 	 2.467462 
16.27 	 2.467462 
16.28 	 2.467462 
16.29 	 2.467462 
16.30 	 2.467462 
16.31 	 2.467462 
16.32 	 2.467462 
16.33 	 2.467462 
16.34 	 2.467462 
16.35 	 2.467462 
16.36 	 2.467462 
16.37 	 2.467462 
16.38 	 2.467462 
16.39 	 2.467462 
16.40 	 2.467462 
16.41 	 2.467462 
16.42 	 2.467462 
16.43 	 2.467462 
16.44 	 2.467462 
16.45 	 2.467462 
16.46 	 2.467462 
16.47 	 2.467462 
16.48 	 2.467462 
16.49 	 2.467462 
16.50 	 2.467462 
16.51 	 2.467462 
16.52 	 2.467462 
16.53 	 2.467462 
16.54 	 2.467462 
16.55 	 2.467462 
16.56 	 2.467462 
16.57 	 2.467462 
16.58 	 2.467462 
16.59 	 2.467462 
16.60 	 2.467462 
16.61 	 2.467462 
16.62 	 2.467462 
16.63 	 2.467462 
16.64 	 2.467462 
16.65 	 2.467462 
16.66 	 2.467462 
16.67 	 2.467462 
16.68 	 2.467462 
16.69 	 2.467462 
16.70 	 2.467462 
16.71 	 2.467462 
16.72 	 2.467462 
16.73 	 2.467462 
16.74 	 2.467462 
16.75 	 2.467462 
16.76 	 2.467462 
16.77 	 2.467462 
16.78 	 2.467462 
16.79 	 2.467462 
16.80 	 2.467462 
16.81 	 2.467462 
16.82 	 2.467462 
16.83 	 2.467462 
16.84 	 2.467462 
16.85 	 2.467462 
16.86 	 2.467462 
16.87 	 2.467462 
16.88 	 2.467462 
16.89 	 2.467462 
16.90 	 2.467462 
16.91 	 2.467462 
16.92 	 2.467462 
16.93 	 2.467462 
16.94 	 2.467462 
16.95 	 2.467462 
16.96 	 2.467462 
16.97 	 2.467462 
16.98 	 2.467462 
16.99 	 2.467462 
17.00 	 2.467462 
17.01 	 2.467462 
17.02 	 2.467462 
17.03 	 2.467462 
17.04 	 2.467462 
17.05 	 2.467462 
17.06 	 2.467462 
17.07 	 2.467462 
17.08 	 2.467462 
17.09 	 2.467462 
17.10 	 2.467462 
17.11 	 2.467462 
17.12 	 2.467462 
17.13 	 2.467462 
17.14 	 2.467462 
17.15 	 2.467462 
17.16 	 2.467462 
17.17 	 2.467462 
17.18 	 2.467462 
17.19 	 2.467462 
17.20 	 2.467462 
17.21 	 2.467462 
17.22 	 2.467462 
17.23 	 2.467462 
17.24 	 2.467462 
17.25 	 2.467462 
17.26 	 2.467462 
17.27 	 2.467462 
17.28 	 2.467462 
17.29 	 2.467462 
17.30 	 2.467462 
17.31 	 2.467462 
17.32 	 2.467462 
17.33 	 2.467462 
17.34 	 2.467462 
17.35 	 2.467462 
17.36 	 2.467462 
17.37 	 2.467462 
17.38 	 2.467462 
17.39 	 2.467462 
17.40 	 2.467462 
17.41 	 2.467462 
17.42 	 2.467462 
17.43 	 2.467462 
17.44 	 2.467462 
17.45 	 2.467462 
17.46 	 2.467462 
17.47 	 2.467462 
17.48 	 2.467462 
17.49 	 2.467462 
17.50 	 2.467462 
17.51 	 2.467462 
17.52 	 2.467462 
17.53 	 2.467462 
17.54 	 2.467462 
17.55 	 2.467462 
17.56 	 2.467462 
17.57 	 2.467462 
17.58 	 2.467462 
17.59 	 2.467462 
17.60 	 2.467462 
17.61 	 2.467462 
17.62 	 2.467462 
17.63 	 2.467462 
17.64 	 2.467462 
17.65 	 2.467462 
17.66 	 2.467462 
17.67 	 2.467462 
17.68 	 2.467462 
17.69 	 2.467462 
17.70 	 2.467462 
17.71 	 2.467462 
17.72 	 2.467462 
17.73 	 2.467462 
17.74 	 2.467462 
17.75 	 2.467462 
17.76 	 2.467462 
17.77 	 2.467462 
17.78 	 2.467462 
17.79 	 2.467462 
17.80 	 2.467462 
17.81 	 2.467462 
17.82 	 2.467462 
17.83 	 2.467462 
17.84 	 2.467462 
17.85 	 2.467462 
17.86 	 2.467462 
17.87 	 2.467462 
17.88 	 2.467462 
17.89 	 2.467462 
17.90 	 2.467462 
17.91 	 2.467462 
17.92 	 2.467462 
17.93 	 2.467462 
17.94 	 2.467462 
17.95 	 2.467462 
17.96 	 2.467462 
17.97 	 2.467462 
17.98 	 2.467462 
17.99 	 2.467462 
18.00 	 2.467462 
18.01 	 2.467462 
18.02 	 2.467462 
18.03 	 2.467462 
18.04 	 2.467462 
18.05 	 2.467462 
18.06 	 2.467462 
18.07 	 2.467462 
18.08 	 2.467462 
18.09 	 2.467462 
18.10 	 2.467462 
18.11 	 2.467462 
18.12 	 2.467462 
18.13 	 2.467462 
18.14 	 2.467462 
18.15 	 2.467462 
18.16 	 2.467462 
18.17 	 2.467462 
18.18 	 2.467462 
18.19 	 2.467462 
18.20 	 2.467462 
18.21 	 2.467462 
18.22 	 2.467462 
18.23 	 2.467462 
18.24 	 2.467462 
18.25 	 2.467462 
18.26 	 2.467462 
18.27 	 2.467462 
18.28 	 2.467462 
18.29 	 2.467462 
18.30 	 2.467462 
18.31 	 2.467462 
18.32 	 2.467462 
18.33 	 2.467462 
18.34 	 2.467462 
18.35 	 2.467462 
18.36 	 2.467462 
18.37 	 2.467462 
18.38 	 2.467462 
18.39 	 2.467462 
18.40 	 2.467462 
18.41 	 2.467462 
18.42 	 2.467462 
18.43 	 2.467462 
18.44 	 2.467462 
18.45 	 2.467462 
18.46 	 2.467462 
18.47 	 2.467462 
18.48 	 2.467462 
18.49 	 2.467462 
18.50 	 2.467462 
18.51 	 2.467462 
18.52 	 2.467462 
18.53 	 2.467462 
18.54 	 2.467462 
18.55 	 2.467462 
18.56 	 2.467462 
18.57 	 2.467462 
18.58 	 2.467462 
18.59 	 2.467462 
18.60 	 2.467462 
18.61 	 2.467462 
18.62 	 2.467462 
18.63 	 2.467462 
18.64 	 2.467462 
18.65 	 2.467462 
18.66 	 2.467462 
18.67 	 2.467462 
18.68 	 2.467462 
18.69 	 2.467462 
18.70 	 2.467462 
18.71 	 2.467462 
18.72 	 2.467462 
18.73 	 2.467462 
18.74 	 2.467462 
18.75 	 2.467462 
18.76 	 2.467462 
18.77 	 2.467462 
18.78 	 2.467462 
18.79 	 2.467462 
18.80 	 2.467462 
18.81 	 2.467462 
18.82 	 2.467462 
18.83 	 2.467462 
18.84 	 2.467462 
18.85 	 2.467462 
18.86 	 2.467462 
18.87 	 2.467462 
18.88 	 2.467462 
18.89 	 2.467462 
18.90 	 2.467462 
18.91 	 2.467462 
18.92 	 2.467462 
18.93 	 2.467462 
18.94 	 2.467462 
18.95 	 2.467462 
18.96 	 2.467462 
18.97 	 2.467462 
18.98 	 2.467462 
18.99 	 2.467462 
19.00 	 2.467462 
19.01 	 2.467462 
19.02 	 2.467462 
19.03 	 2.467462 
19.04 	 2.467462 
19.05 	 2.467462 
19.06 	 2.467462 
19.07 	 2.467462 
19.08 	 2.467462 
19.09 	 2.467462 
19.10 	 2.467462 
19.11 	 2.467462 
19.12 	 2.467462 
19.13 	 2.467462 
19.14 	 2.467462 
19.15 	 2.467462 
19.16 	 2.467462 
19.17 	 2.467462 
19.18 	 2.467462 
19.19 	 2.467462 
19.20 	 2.467462 
19.21 	 2.467462 
19.22 	 2.467462 
19.23 	 2.467462 
19.24 	 2.467462 
19.25 	 2.467462 
19.26 	 2.467462 
19.27 	 2.467462 
19.28 	 2.467462 
19.29 	 2.467462 
19.30 	 2.467462 
19.31 	 2.467462 
19.32 	 2.467462 
19.33 	 2.467462 
19.34 	 2.467462 
19.35 	 2.467462 
19.36 	 2.467462 
19.37 	 2.467462 
19.38 	 2.467462 
19.39 	 2.467462 
19.40 	 2.467462 
19.41 	 2.467462 
19.42 	 2.467462 
19.43 	 2.467462 
19.44 	 2.467462 
19.45 	 2.467462 
19.46 	 2.467462 
19.47 	 2.467462 
19.48 	 2.467462 
19.49 	 2.467462 
19.50 	 2.467462 
19.51 	 2.467462 
19.52 	 2.467462 
19.53 	 2.467462 
19.54 	 2.467462 
19.55 	 2.467462 
19.56 	 2.467462 
19.57 	 2.467462 
19.58 	 2.467462 
19.59 	 2.467462 
19.60 	 2.467462 
19.61 	 2.467462 
19.62 	 2.467462 
19.63 	 2.467462 
19.64 	 2.467462 
19.65 	 2.467462 
19.66 	 2.467462 
19.67 	 2.467462 
19.68 	 2.467462 
19.69 	 2.467462 
19.70 	 2.467462 
19.71 	 2.467462 
19.72 	 2.467462 
19.73 	 2.467462 
19.74 	 2.467462 
19.75 	 2.467462 
19.76 	 2.467462 
19.77 	 2.467462 
19.78 	 2.467462 
19.79 	 2.467462 
19.80 	 2.467462 
19.81 	 2.467462 
19.82 	 2.467462 
19.83 	 2.467462 
19.84 	 2.467462 
19.85 	 2.467462 
19.86 	 2.467462 
19.87 	 2.467462 
19.88 	 2.467462 
19.89 	 2.467462 
19.90 	 2.467462 
19.91 	 2.467462 
19.92 	 2.467462 
19.93 	 2.467462 
19.94 	 2.467462 
19.95 	 2.467462 
19.96 	 2.467462 
19.97 	 2.467462 
19.98 	 2.467462 
19.99 	 2.467462 
20.00 	 2.467462 
20.01 	 2.467462 
20.02 	 2.467462 
20.03 	 2.467462 
20.04 	 2.467462 
20.05 	 2.467462 
20.06 	 2.467462 
20.07 	 2.467462 
20.08 	 2.467462 
20.09 	 2.467462 
20.10 	 2.467462 
20.11 	 2.467462 
20.12 	 2.467462 
20.13 	 2.467462 
20.14 	 2.467462 
20.15 	 2.467462 
20.16 	 2.467462 
20.17 	 2.467462 
20.18 	 2.467462 
20.19 	 2.467462 
20.20 	 2.467462 
20.21 	 2.467462 
20.22 	 2.467462 
20.23 	 2.467462 
20.24 	 2.467462 
20.25 	 2.467462 
20.26 	 2.467462 
20.27 	 2.467462 
20.28 	 2.467462 
20.29 	 2.467462 
20.30 	 2.467462 
20.31 	 2.467462 
20.32 	 2.467462 
20.33 	 2.467462 
20.34 	 2.467462 
20.35 	 2.467462 
20.36 	 2.467462 
20.37 	 2.467462 
20.38 	 2.467462 
20.39 	 2.467462 
20.40 	 2.467462 
20.41 	 2.467462 
20.42 	 2.467462 
20.43 	 2.467462 
20.44 	 2.467462 
20.45 	 2.467462 
20.46 	 2.467462 
20.47 	 2.467462 
20.48 	 2.467462 
20.49 	 2.467462 
20.50 	 2.467462 
20.51 	 2.467462 
20.52 	 2.467462 
20.53 	 2.467462 
20.54 	 2.467462 
20.55 	 2.467462 
20.56 	 2.467462 
20.57 	 2.467462 
20.58 	 2.467462 
20.59 	 2.467462 
20.60 	 2.467462 
20.61 	 2.467462 
20.62 	 2.467462 
20.63 	 2.467462 
20.64 	 2.467462 
20.65 	 2.467462 
20.66 	 2.467462 
20.67 	 2.467462 
20.68 	 2.467462 
20.69 	 2.467462 
20.70 	 2.467462 
20.71 	 2.467462 
20.72 	 2.467462 
20.73 	 2.467462 
20.74 	 2.467462 
20.75 	 2.467462 
20.76 	 2.467462 
20.77 	 2.467462 
20.78 	 2.467462 
20.79 	 2.467462 
20.80 	 2.467462 
20.81 	 2.467462 
20.82 	 2.467462 
20.83 	 2.467462 
20.84 	 2.467462 
20.85 	 2.467462 
20.86 	 2.467462 
20.87 	 2.467462 
20.88 	 2.467462 
20.89 	 2.467462 
20.90 	 2.467462 
20.91 	 2.467462 
20.92 	 2.467462 
20.93 	 2.467462 
20.94 	 2.467462 
20.95 	 2.467462 
20.96 	 2.467462 
20.97 	 2.467462 
20.98 	 2.467462 
20.99 	 2.467462 
21.00 	 2.467462 
21.01 	 2.467462 
21.02 	 2.467462 
21.03 	 2.467462 
21.04 	 2.467462 
21.05 	 2.467462 
21.06 	 2.467462 
21.07 	 2.467462 
21.08 	 2.467462 
21.09 	 2.467462 
21.10 	 2.467462 
21.11 	 2.467462 
21.12 	 2.467462 
21.13 	 2.467462 
21.14 	 2.467462 
21.15 	 2.467462 
21.16 	 2.467462 
21.17 	 2.467462 
21.18 	 2.467462 
21.19 	 2.467462 
21.20 	 2.467462 
21.21 	 2.467462 
21.22 	 2.467462 
21.23 	 2.467462 
21.24 	 2.467462 
21.25 	 2.467462 
21.26 	 2.467462 
21.27 	 2.467462 
21.28 	 2.467462 
21.29 	 2.467462 
21.30 	 2.467462 
21.31 	 2.467462 
21.32 	 2.467462 
21.33 	 2.467462 
21.34 	 2.467462 
21.35 	 2.467462 
21.36 	 2.467462 
21.37 	 2.467462 
21.38 	 2.467462 
21.39 	 2.467462 
21.40 	 2.467462 
21.41 	 2.467462 
21.42 	 2.467462 
21.43 	 2.467462 
21.44 	 2.467462 
21.45 	 2.467462 
21.46 	 2.467462 
21.47 	 2.467462 
21.48 	 2.467462 
21.49 	 2.467462 
21.50 	 2.467462 
21.51 	 2.467462 
21.52 	 2.467462 
21.53 	 2.467462 
21.54 	 2.467462 
21.55 	 2.467462 
21.56 	 2.467462 
21.57 	 2.467462 
21.58 	 2.467462 
21.59 	 2.467462 
21.60 	 2.467462 
21.61 	 2.467462 
21.62 	 2.467462 
21.63 	 2.467462 
21.64 	 2.467462 
21.65 	 2.467462 
21.66 	 2.467462 
21.67 	 2.467462 
21.68 	 2.467462 
21.69 	 2.467462 
21.70 	 2.467462 
21.71 	 2.467462 
21.72 	 2.467462 
21.73 	 2.467462 
21.74 	 2.467462 
21.75 	 2.467462 
21.76 	 2.467462 
21.77 	 2.467462 
21.78 	 2.467462 
21.79 	 2.467462 
21.80 	 2.467462 
21.81 	 2.467462 
21.82 	 2.467462 
21.83 	 2.467462 
21.84 	 2.467462 
21.85 	 2.467462 
21.86 	 2.467462 
21.87 	 2.467462 
21.88 	 2.467462 
21.89 	 2.467462 
21.90 	 2.467462 
21.91 	 2.467462 
21.92 	 2.467462 
21.93 	 2.467462 
21.94 	 2.467462 
21.95 	 2.467462 
21.96 	 2.467462 
21.97 	 2.467462 
21.98 	 2.467462 
21.99 	 2.467462 
22.00 	 2.467462 
22.01 	 2.467462 
22.02 	 2.467462 
22.03 	 2.467462 
22.04 	 2.467462 
22.05 	 2.467462 
22.06 	 2.467462 
22.07 	 2.467462 
22.08 	 2.467462 
22.09 	 2.467462 
22.10 	 2.467462 
22.11 	 2.467462 
22.12 	 2.467462 
22.13 	 2.467462 
22.14 	 2.467462 
22.15 	 2.467462 
22.16 	 2.467462 
22.17 	 2.467462 
22.18 	 2.467462 
22.19 	 2.467462 
22.20 	 2.467462 
22.21 	 2.467462 
22.22 	 2.467462 
22.23 	 2.467462 
22.24 	 2.467462 
22.25 	 2.467462 
22.26 	 2.467462 
22.27 	 2.467462 
22.28 	 2.467462 
22.29 	 2.467462 
22.30 	 2.467462 
22.31 	 2.467462 
22.32 	 2.467462 
22.33 	 2.467462 
22.34 	 2.467462 
22.35 	 2.467462 
22.36 	 2.467462 
22.37 	 2.467462 
22.38 	 2.467462 
22.39 	 2.467462 
22.40 	 2.467462 
22.41 	 2.467462 
22.42 	 2.467462 
22.43 	 2.467462 
22.44 	 2.467462 
22.45 	 2.467462 
22.46 	 2.467462 
22.47 	 2.467462 
22.48 	 2.467462 
22.49 	 2.467462 
22.50 	 2.467462 
22.51 	 2.467462 
22.52 	 2.467462 
22.53 	 2.467462 
22.54 	 2.467462 
22.55 	 2.467462 
22.56 	 2.467462 
22.57 	 2.467462 
22.58 	 2.467462 
22.59 	 2.467462 
22.60 	 2.467462 
22.61 	 2.467462 
22.62 	 2.467462 
22.63 	 2.467462 
22.64 	 2.467462 
22.65 	 2.467462 
22.66 	 2.467462 
22.67 	 2.467462 
22.68 	 2.467462 
22.69 	 2.467462 
22.70 	 2.467462 
22.71 	 2.467462 
22.72 	 2.467462 
22.73 	 2.467462 
22.74 	 2.467462 
22.75 	 2.467462 
22.76 	 2.467462 
22.77 	 2.467462 
22.78 	 2.467462 
22.79 	 2.467462 
22.80 	 2.467462 
22.81 	 2.467462 
22.82 	 2.467462 
22.83 	 2.467462 
22.84 	 2.467462 
22.85 	 2.467462 
22.86 	 2.467462 
22.87 	 2.467462 
22.88 	 2.467462 
22.89 	 2.467462 
22.90 	 2.467462 
22.91 	 2.467462 
22.92 	 2.467462 
22.93 	 2.467462 
22.94 	 2.467462 
22.95 	 2.467462 
22.96 	 2.467462 
22.97 	 2.467462 
22.98 	 2.467462 
22.99 	 2.467462 
23.00 	 2.467462 
23.01 	 2.467462 
23.02 	 2.467462 
23.03 	 2.467462 
23.04 	 2.467462 
23.05 	 2.467462 
23.06 	 2.467462 
23.07 	 2.467462 
23.08 	 2.467462 
23.09 	 2.467462 
23.10 	 2.467462 
23.11 	 2.467462 
23.12 	 2.467462 
23.13 	 2.467462 
23.14 	 2.467462 
23.15 	 2.467462 
23.16 	 2.467462 
23.17 	 2.467462 
23.18 	 2.467462 
23.19 	 2.467462 
23.20 	 2.467462 
23.21 	 2.467462 
23.22 	 2.467462 
23.23 	 2.467462 
23.24 	 2.467462 
23.25 	 2.467462 
23.26 	 2.467462 
23.27 	 2.467462 
23.28 	 2.467462 
23.29 	 2.467462 
23.30 	 2.467462 
23.31 	 2.467462 
23.32 	 2.467462 
23.33 	 2.467462 
23.34 	 2.467462 
23.35 	 2.467462 
23.36 	 2.467462 
23.37 	 2.467462 
23.38 	 2.467462 
23.39 	 2.467462 
23.40 	 2.467462 
23.41 	 2.467462 
23.42 	 2.467462 
23.43 	 2.467462 
23.44 	 2.467462 
23.45 	 2.467462 
23.46 	 2.467462 
23.47 	 2.467462 
23.48 	 2.467462 
23.49 	 2.467462 
23.50 	 2.467462 
23.51 	 2.467462 
23.52 	 2.467462 
23.53 	 2.467462 
23.54 	 2.467462 
23.55 	 2.467462 
23.56 	 2.467462 
23.57 	 2.467462 
23.58 	 2.467462 
23.59 	 2.467462 
23.60 	 2.467462 
23.61 	 2.467462 
23.62 	 2.467462 
23.63 	 2.467462 
23.64 	 2.467462 
23.65 	 2.467462 
23.66 	 2.467462 
23.67 	 2.467462 
23.68 	 2.467462 
23.69 	 2.467462 
23.70 	 2.467462 
23.71 	 2.467462 
23.72 	 2.467462 
23.73 	 2.467462 
23.74 	 2.467462 
23.75 	 2.467462 
23.76 	 2.467462 
23.77 	 2.467462 
23.78 	 2.467462 
23.79 	 2.467462 
23.80 	 2.467462 
23.81 	 2.467462 
23.82 	 2.467462 
23.83 	 2.467462 
23.84 	 2.467462 
23.85 	 2.467462 
23.86 	 2.467462 
23.87 	 2.467462 
23.88 	 2.467462 
23.89 	 2.467462 
23.90 	 2.467462 
23.91 	 2.467462 
23.92 	 2.467462 
23.93 	 2.467462 
23.94 	 2.467462 
23.95 	 2.467462 
23.96 	 2.467462 
23.97 	 2.467462 
23.98 	 2.467462 
23.99 	 2.467462 
24.00 	 2.467462 
24.01 	 2.467462 
24.02 	 2.467462 
24.03 	 2.467462 
24.04 	 2.467462 
24.05 	 2.467462 
24.06 	 2.467462 
24.07 	 2.467462 
24.08 	 2.467462 
24.09 	 2.467462 
24.10 	 2.467462 
24.11 	 2.467462 
24.12 	 2.467462 
24.13 	 2.467462 
24.14 	 2.467462 
24.15 	 2.467462 
24.16 	 2.467462 
24.17 	 2.467462 
24.18 	 2.467462 
24.19 	 2.467462 
24.20 	 2.467462 
24.21 	 2.467462 
24.22 	 2.467462 
24.23 	 2.467462 
24.24 	 2.467462 
24.25 	 2.467462 
24.26 	 2.467462 
24.27 	 2.467462 
24.28 	 2.467462 
24.29 	 2.467462 
24.30 	 2.467462 
24.31 	 2.467462 
24.32 	 2.467462 
24.33 	 2.467462 
24.34 	 2.467462 
24.35 	 2.467462 
24.36 	 2.467462 
24.37 	 2.467462 
24.38 	 2.467462 
24.39 	 2.467462 
24.40 	 2.467462 
24.41 	 2.467462 
24.42 	 2.467462 
24.43 	 2.467462 
24.44 	 2.467462 
24.45 	 2.467462 
24.46 	 2.467462 
24.47 	 2.467462 
24.48 	 2.467462 
24.49 	 2.467462 
24.50 	 2.467462 
24.51 	 2.467462 
24.52 	 2.467462 
24.53 	 2.467462 
24.54 	 2.467462 
24.55 	 2.467462 
24.56 	 2.467462 
24.57 	 2.467462 
24.58 	 2.467462 
24.59 	 2.467462 
24.60 	 2.467462 
24.61 	 2.467462 
24.62 	 2.467462 
24.63 	 2.467462 
24.64 	 2.467462 
24.65 	 2.467462 
24.66 	 2.467462 
24.67 	 2.467462 
24.68 	 2.467462 
24.69 	 2.467462 
24.70 	 2.467462 
24.71 	 2.467462 
24.72 	 2.467462 
24.73 	 2.467462 
24.74 	 2.467462 
24.75 	 2.467462 
24.76 	 2.467462 
24.77 	 2.467462 
24.78 	 2.467462 
24.79 	 2.467462 
24.80 	 2.467462 
24.81 	 2.467462 
24.82 	 2.467462 
24.83 	 2.467462 
24.84 	 2.467462 
24.85 	 2.467462 
24.86 	 2.467462 
24.87 	 2.467462 
24.88 	 2.467462 
24.89 	 2.467462 
24.90 	 2.467462 
24.91 	 2.467462 
24.92 	 2.467462 
24.93 	 2.467462 
24.94 	 2.467462 
24.95 	 2.467462 
24.96 	 2.467462 
24.97 	 2.467462 
24.98 	 2.467462 
24.99 	 2.467462 
25.00 	 2.467462 
25.01 	 2.467462 
25.02 	 2.467462 
25.03 	 2.467462 
25.04 	 2.467462 
25.05 	 2.467462 
25.06 	 2.467462 
25.07 	 2.467462 
25.08 	 2.467462 
25.09 	 2.467462 
25.10 	 2.467462 
25.11 	 2.467462 
25.12 	 2.467462 
25.13 	 2.467462 
25.14 	 2.467462 
25.15 	 2.467462 
25.16 	 2.467462 
25.17 	 2.467462 
25.18 	 2.467462 
25.19 	 2.467462 
25.20 	 2.467462 
25.21 	 2.467462 
25.22 	 2.467462 
25.23 	 2.467462 
25.24 	 2.467462 
25.25 	 2.467462 
25.26 	 2.467462 
25.27 	 2.467462 
25.28 	 2.467462 
25.29 	 2.467462 
25.30 	 2.467462 
25.31 	 2.467462 
25.32 	 2.467462 
25.33 	 2.467462 
25.34 	 2.467462 
25.35 	 2.467462 
25.36 	 2.467462 
25.37 	 2.467462 
25.38 	 2.467462 
25.39 	 2.467462 
25.40 	 2.467462 
25.41 	 2.467462 
25.42 	 2.467462 
25.43 	 2.467462 
25.44 	 2.467462 
25.45 	 2.467462 
25.46 	 2.467462 
25.47 	 2.467462 
25.48 	 2.467462 
25.49 	 2.467462 
25.50 	 2.467462 
25.51 	 2.467462 
25.52 	 2.467462 
25.53 	 2.467462 
25.54 	 2.467462 
25.55 	 2.467462 
25.56 	 2.467462 
25.57 	 2.467462 
25.58 	 2.467462 
25.59 	 2.467462 
25.60 	 2.467462 
25.61 	 2.467462 
25.62 	 2.467462 
25.63 	 2.467462 
25.64 	 2.467462 
25.65 	 2.467462 
25.66 	 2.467462 
25.67 	 2.467462 
25.68 	 2.467462 
25.69 	 2.467462 
25.70 	 2.467462 
25.71 	 2.467462 
25.72 	 2.467462 
25.73 	 2.467462 
25.74 	 2.467462 
25.75 	 2.467462 
25.76 	 2.467462 
25.77 	 2.467462 
25.78 	 2.467462 
25.79 	 2.467462 
25.80 	 2.467462 
25.81 	 2.467462 
25.82 	 2.467462 
25.83 	 2.467462 
25.84 	 2.467462 
25.85 	 2.467462 
25.86 	 2.467462 
25.87 	 2.467462 
25.88 	 2.467462 
25.89 	 2.467462 
25.90 	 2.467462 
25.91 	 2.467462 
25.92 	 2.467462 
25.93 	 2.467462 
25.94 	 2.467462 
25.95 	 2.467462 
25.96 	 2.467462 
25.97 	 2.467462 
25.98 	 2.467462 
25.99 	 2.467462 
26.00 	 2.467462 
26.01 	 2.467462 
26.02 	 2.467462 
26.03 	 2.467462 
26.04 	 2.467462 
26.05 	 2.467462 
26.06 	 2.467462 
26.07 	 2.467462 
26.08 	 2.467462 
26.09 	 2.467462 
26.10 	 2.467462 
26.11 	 2.467462 
26.12 	 2.467462 
26.13 	 2.467462 
26.14 	 2.467462 
26.15 	 2.467462 
26.16 	 2.467462 
26.17 	 2.467462 
26.18 	 2.467462 
26.19 	 2.467462 
26.20 	 2.467462 
26.21 	 2.467462 
26.22 	 2.467462 
26.23 	 2.467462 
26.24 	 2.467462 
26.25 	 2.467462 
26.26 	 2.467462 
26.27 	 2.467462 
26.28 	 2.467462 
26.29 	 2.467462 
26.30 	 2.467462 
26.31 	 2.467462 
26.32 	 2.467462 
26.33 	 2.467462 
26.34 	 2.467462 
26.35 	 2.467462 
26.36 	 2.467462 
26.37 	 2.467462 
26.38 	 2.467462 
26.39 	 2.467462 
26.40 	 2.467462 
26.41 	 2.467462 
26.42 	 2.467462 
26.43 	 2.467462 
26.44 	 2.467462 
26.45 	 2.467462 
26.46 	 2.467462 
26.47 	 2.467462 
26.48 	 2.467462 
26.49 	 2.467462 
26.50 	 2.467462 
26.51 	 2.467462 
26.52 	 2.467462 
26.53 	 2.467462 
26.54 	 2.467462 
26.55 	 2.467462 
26.56 	 2.467462 
26.57 	 2.467462 
26.58 	 2.467462 
26.59 	 2.467462 
26.60 	 2.467462 
26.61 	 2.467462 
26.62 	 2.467462 
26.63 	 2.467462 
26.64 	 2.467462 
26.65 	 2.467462 
26.66 	 2.467462 
26.67 	 2.467462 
26.68 	 2.467462 
26.69 	 2.467462 
26.70 	 2.467462 
26.71 	 2.467462 
26.72 	 2.467462 
26.73 	 2.467462 
26.74 	 2.467462 
26.75 	 2.467462 
26.76 	 2.467462 
26.77 	 2.467462 
26.78 	 2.467462 
26.79 	 2.467462 
26.80 	 2.467462 
26.81 	 2.467462 
26.82 	 2.467462 
26.83 	 2.467462 
26.84 	 2.467462 
26.85 	 2.467462 
26.86 	 2.467462 
26.87 	 2.467462 
26.88 	 2.467462 
26.89 	 2.467462 
26.90 	 2.467462 
26.91 	 2.467462 
26.92 	 2.467462 
26.93 	 2.467462 
26.94 	 2.467462 
26.95 	 2.467462 
26.96 	 2.467462 
26.97 	 2.467462 
26.98 	 2.467462 
26.99 	 2.467462 
27.00 	 2.467462 
27.01 	 2.467462 
27.02 	 2.467462 
27.03 	 2.467462 
27.04 	 2.467462 
27.05 	 2.467462 
27.06 	 2.467462 
27.07 	 2.467462 
27.08 	 2.467462 
27.09 	 2.467462 
27.10 	 2.467462 
27.11 	 2.467462 
27.12 	 2.467462 
27.13 	 2.467462 
27.14 	 2.467462 
27.15 	 2.467462 
27.16 	 2.467462 
27.17 	 2.467462 
27.18 	 2.467462 
27.19 	 2.467462 
27.20 	 2.467462 
27.21 	 2.467462 
27.22 	 2.467462 
27.23 	 2.467462 
27.24 	 2.467462 
27.25 	 2.467462 
27.26 	 2.467462 
27.27 	 2.467462 
27.28 	 2.467462 
27.29 	 2.467462 
27.30 	 2.467462 
27.31 	 2.467462 
27.32 	 2.467462 
27.33 	 2.467462 
27.34 	 2.467462 
27.35 	 2.467462 
27.36 	 2.467462 
27.37 	 2.467462 
27.38 	 2.467462 
27.39 	 2.467462 
27.40 	 2.467462 
27.41 	 2.467462 
27.42 	 2.467462 
27.43 	 2.467462 
27.44 	 2.467462 
27.45 	 2.467462 
27.46 	 2.467462 
27.47 	 2.467462 
27.48 	 2.467462 
27.49 	 2.467462 
27.50 	 2.467462 
27.51 	 2.467462 
27.52 	 2.467462 
27.53 	 2.467462 
27.54 	 2.467462 
27.55 	 2.467462 
27.56 	 2.467462 
27.57 	 2.467462 
27.58 	 2.467462 
27.59 	 2.467462 
27.60 	 2.467462 
27.61 	 2.467462 
27.62 	 2.467462 
27.63 	 2.467462 
27.64 	 2.467462 
27.65 	 2.467462 
27.66 	 2.467462 
27.67 	 2.467462 
27.68 	 2.467462 
27.69 	 2.467462 
27.70 	 2.467462 
27.71 	 2.467462 
27.72 	 2.467462 
27.73 	 2.467462 
27.74 	 2.467462 
27.75 	 2.467462 
27.76 	 2.467462 
27.77 	 2.467462 
27.78 	 2.467462 
27.79 	 2.467462 
27.80 	 2.467462 
27.81 	 2.467462 
27.82 	 2.467462 
27.83 	 2.467462 
27.84 	 2.467462 
27.85 	 2.467462 
27.86 	 2.467462 
27.87 	 2.467462 
27.88 	 2.467462 
27.89 	 2.467462 
27.90 	 2.467462 
27.91 	 2.467462 
27.92 	 2.467462 
27.93 	 2.467462 
27.94 	 2.467462 
27.95 	 2.467462 
27.96 	 2.467462 
27.97 	 2.467462 
27.98 	 2.467462 
27.99 	 2.467462 
28.00 	 2.467462 
28.01 	 2.467462 
28.02 	 2.467462 
28.03 	 2.467462 
28.04 	 2.467462 
28.05 	 2.467462 
28.06 	 2.467462 
28.07 	 2.467462 
28.08 	 2.467462 
28.09 	 2.467462 
28.10 	 2.467462 
28.11 	 2.467462 
28.12 	 2.467462 
28.13 	 2.467462 
28.14 	 2.467462 
28.15 	 2.467462 
28.16 	 2.467462 
28.17 	 2.467462 
28.18 	 2.467462 
28.19 	 2.467462 
28.20 	 2.467462 
28.21 	 2.467462 
28.22 	 2.467462 
28.23 	 2.467462 
28.24 	 2.467462 
28.25 	 2.467462 
28.26 	 2.467462 
28.27 	 2.467462 
28.28 	 2.467462 
28.29 	 2.467462 
28.30 	 2.467462 
28.31 	 2.467462 
28.32 	 2.467462 
28.33 	 2.467462 
28.34 	 2.467462 
28.35 	 2.467462 
28.36 	 2.467462 
28.37 	 2.467462 
28.38 	 2.467462 
28.39 	 2.467462 
28.40 	 2.467462 
28.41 	 2.467462 
28.42 	 2.467462 
28.43 	 2.467462 
28.44 	 2.467462 
28.45 	 2.467462 
28.46 	 2.467462 
28.47 	 2.467462 
28.48 	 2.467462 
28.49 	 2.467462 
28.50 	 2.467462 
28.51 	 2.467462 
28.52 	 2.467462 
28.53 	 2.467462 
28.54 	 2.467462 
28.55 	 2.467462 
28.56 	 2.467462 
28.57 	 2.467462 
28.58 	 2.467462 
28.59 	 2.467462 
28.60 	 2.467462 
28.61 	 2.467462 
28.62 	 2.467462 
28.63 	 2.467462 
28.64 	 2.467462 
28.65 	 2.467462 
28.66 	 2.467462 
28.67 	 2.467462 
28.68 	 2.467462 
28.69 	 2.467462 
28.70 	 2.467462 
28.71 	 2.467462 
28.72 	 2.467462 
28.73 	 2.467462 
28.74 	 2.467462 
28.75 	 2.467462 
28.76 	 2.467462 
28.77 	 2.467462 
28.78 	 2.467462 
28.79 	 2.467462 
28.80 	 2.467462 
28.81 	 2.467462 
28.82 	 2.467462 
28.83 	 2.467462 
28.84 	 2.467462 
28.85 	 2.467462 
28.86 	 2.467462 
28.87 	 2.467462 
28.88 	 2.467462 
28.89 	 2.467462 
28.90 	 2.467462 
28.91 	 2.467462 
28.92 	 2.467462 
28.93 	 2.467462 
28.94 	 2.467462 
28.95 	 2.467462 
28.96 	 2.467462 
28.97 	 2.467462 
28.98 	 2.467462 
28.99 	 2.467462 
29.00 	 2.467462 
29.01 	 2.467462 
29.02 	 2.467462 
29.03 	 2.467462 
29.04 	 2.467462 
29.05 	 2.467462 
29.06 	 2.467462 
29.07 	 2.467462 
29.08 	 2.467462 
29.09 	 2.467462 
29.10 	 2.467462 
29.11 	 2.467462 
29.12 	 2.467462 
29.13 	 2.467462 
29.14 	 2.467462 
29.15 	 2.467462 
29.16 	 2.467462 
29.17 	 2.467462 
29.18 	 2.467462 
29.19 	 2.467462 
29.20 	 2.467462 
29.21 	 2.467462 
29.22 	 2.467462 
29.23 	 2.467462 
29.24 	 2.467462 
29.25 	 2.467462 
29.26 	 2.467462 
29.27 	 2.467462 
29.28 	 2.467462 
29.29 	 2.467462 
29.30 	 2.467462 
29.31 	 2.467462 
29.32 	 2.467462 
29.33 	 2.467462 
29.34 	 2.467462 
29.35 	 2.467462 
29.36 	 2.467462 
29.37 	 2.467462 
29.38 	 2.467462 
29.39 	 2.467462 
29.40 	 2.467462 
29.41 	 2.467462 
29.42 	 2.467462 
29.43 	 2.467462 
29.44 	 2.467462 
29.45 	 2.467462 
29.46 	 2.467462 
29.47 	 2.467462 
29.48 	 2.467462 
29.49 	 2.467462 
29.50 	 2.467462 
29.51 	 2.467462 
29.52 	 2.467462 
29.53 	 2.467462 
29.54 	 2.467462 
29.55 	 2.467462 
29.56 	 2.467462 
29.57 	 2.467462 
29.58 	 2.467462 
29.59 	 2.467462 
29.60 	 2.467462 
29.61 	 2.467462 
29.62 	 2.467462 
29.63 	 2.467462 
29.64 	 2.467462 
29.65 	 2.467462 
29.66 	 2.467462 
29.67 	 2.467462 
29.68 	 2.467462 
29.69 	 2.467462 
29.70 	 2.467462 
29.71 	 2.467462 
29.72 	 2.467462 
29.73 	 2.467462 
29.74 	 2.467462 
29.75 	 2.467462 
29.76 	 2.467462 
29.77 	 2.467462 
29.78 	 2.467462 
29.79 	 2.467462 
29.80 	 2.467462 
29.81 	 2.467462 
29.82 	 2.467462 
29.83 	 2.467462 
29.84 	 2.467462 
29.85 	 2.467462 
29.86 	 2.467462 
29.87 	 2.467462 
29.88 	 2.467462 
29.89 	 2.467462 
29.90 	 2.467462 
29.91 	 2.467462 
29.92 	 2.467462 
29.93 	 2.467462 
29.94 	 2.467462 
29.95 	 2.467462 
29.96 	 2.467462 
29.97 	 2.467462 
29.98 	 2.467462 
29.99 	 2.467462 
30.00 	 2.467462 
30.01 	 2.467462 
30.02 	 2.467462 
30.03 	 2.467462 
30.04 	 2.467462 
30.05 	 2.467462 
30.06 	 2.467462 
30.07 	 2.467462 
30.08 	 2.467462 
30.09 	 2.467462 
30.10 	 2.467462 
30.11 	 2.467462 
30.12 	 2.467462 
30.13 	 2.467462 
30.14 	 2.467462 
30.15 	 2.467462 
30.16 	 2.467462 
30.17 	 2.467462 
30.18 	 2.467462 
30.19 	 2.467462 
30.20 	 2.467462 
30.21 	 2.467462 
30.22 	 2.467462 
30.23 	 2.467462 
30.24 	 2.467462 
30.25 	 2.467462 
30.26 	 2.467462 
30.27 	 2.467462 
30.28 	 2.467462 
30.29 	 2.467462 
30.30 	 2.467462 
30.31 	 2.467462 
30.32 	 2.467462 
30.33 	 2.467462 
30.34 	 2.467462 
30.35 	 2.467462 
30.36 	 2.467462 
30.37 	 2.467462 
30.38 	 2.467462 
30.39 	 2.467462 
30.40 	 2.467462 
30.41 	 2.467462 
30.42 	 2.467462 
30.43 	 2.467462 
30.44 	 2.467462 
30.45 	 2.467462 
30.46 	 2.467462 
30.47 	 2.467462 
30.48 	 2.467462 
30.49 	 2.467462 
30.50 	 2.467462 
30.51 	 2.467462 
30.52 	 2.467462 
30.53 	 2.467462 
30.54 	 2.467462 
30.55 	 2.467462 
30.56 	 2.467462 
30.57 	 2.467462 
30.58 	 2.467462 
30.59 	 2.467462 
30.60 	 2.467462 
30.61 	 2.467462 
30.62 	 2.467462 
30.63 	 2.467462 
30.64 	 2.467462 
30.65 	 2.467462 
30.66 	 2.467462 
30.67 	 2.467462 
30.68 	 2.467462 
30.69 	 2.467462 
30.70 	 2.467462 
30.71 	 2.467462 
30.72 	 2.467462 
30.73 	 2.467462 
30.74 	 2.467462 
30.75 	 2.467462 
30.76 	 2.467462 
30.77 	 2.467462 
30.78 	 2.467462 
30.79 	 2.467462 
30.80 	 2.467462 
30.81 	 2.467462 
30.82 	 2.467462 
30.83 	 2.467462 
30.84 	 2.467462 
30.85 	 2.467462 
30.86 	 2.467462 
30.87 	 2.467462 
30.88 	 2.467462 
30.89 	 2.467462 
30.90 	 2.467462 
30.91 	 2.467462 
30.92 	 2.467462 
30.93 	 2.467462 
30.94 	 2.467462 
30.95 	 2.467462 
30.96 	 2.467462 
30.97 	 2.467462 
30.98 	 2.467462 
30.99 	 2.467462 
31.00 	 2.467462 
31.01 	 2.467462 
31.02 	 2.467462 
31.03 	 2.467462 
31.04 	 2.467462 
31.05 	 2.467462 
31.06 	 2.467462 
31.07 	 2.467462 
31.08 	 2.467462 
31.09 	 2.467462 
31.10 	 2.467462 
31.11 	 2.467462 
31.12 	 2.467462 
31.13 	 2.467462 
31.14 	 2.467462 
31.15 	 2.467462 
31.16 	 2.467462 
31.17 	 2.467462 
31.18 	 2.467462 
31.19 	 2.467462 
31.20 	 2.467462 
31.21 	 2.467462 
31.22 	 2.467462 
31.23 	 2.467462 
31.24 	 2.467462 
31.25 	 2.467462 
31.26 	 2.467462 
31.27 	 2.467462 
31.28 	 2.467462 
31.29 	 2.467462 
31.30 	 2.467462 
31.31 	 2.467462 
31.32 	 2.467462 
31.33 	 2.467462 
31.34 	 2.467462 
31.35 	 2.467462 
31.36 	 2.467462 
31.37 	 2.467462 
31.38 	 2.467462 
31.39 	 2.467462 
31.40 	 2.467462 
31.41 	 2.467462 
31.42 	 2.467462 
31.43 	 2.467462 
31.44 	 2.467462 
31.45 	 2.467462 
31.46 	 2.467462 
31.47 	 2.467462 
31.48 	 2.467462 
31.49 	 2.467462 
31.50 	 2.467462 
31.51 	 2.467462 
31.52 	 2.467462 
31.53 	 2.467462 
31.54 	 2.467462 
31.55 	 2.467462 
31.56 	 2.467462 
31.57 	 2.467462 
31.58 	 2.467462 
31.59 	 2.467462 
31.60 	 2.467462 
31.61 	 2.467462 
31.62 	 2.467462 
31.63 	 2.467462 
31.64 	 2.467462 
31.65 	 2.467462 
31.66 	 2.467462 
31.67 	 2.467462 
31.68 	 2.467462 
31.69 	 2.467462 
31.70 	 2.467462 
31.71 	 2.467462 
31.72 	 2.467462 
31.73 	 2.467462 
31.74 	 2.467462 
31.75 	 2.467462 
31.76 	 2.467462 
31.77 	 2.467462 
31.78 	 2.467462 
31.79 	 2.467462 
31.80 	 2.467462 
31.81 	 2.467462 
31.82 	 2.467462 
31.83 	 2.467462 
31.84 	 2.467462 
31.85 	 2.467462 
31.86 	 2.467462 
31.87 	 2.467462 
31.88 	 2.467462 
31.89 	 2.467462 
31.90 	 2.467462 
31.91 	 2.467462 
31.92 	 2.467462 
31.93 	 2.467462 
31.94 	 2.467462 
31.95 	 2.467462 
31.96 	 2.467462 
31.97 	 2.467462 
31.98 	 2.467462 
31.99 	 2.467462 
32.00 	 2.467462 
32.01 	 2.467462 
32.02 	 2.467462 
32.03 	 2.467462 
32.04 	 2.467462 
32.05 	 2.467462 
32.06 	 2.467462 
32.07 	 2.467462 
32.08 	 2.467462 
32.09 	 2.467462 
32.10 	 2.467462 
32.11 	 2.467462 
32.12 	 2.467462 
32.13 	 2.467462 
32.14 	 2.467462 
32.15 	 2.467462 
32.16 	 2.467462 
32.17 	 2.467462 
32.18 	 2.467462 
32.19 	 2.467462 
32.20 	 2.467462 
32.21 	 2.467462 
32.22 	 2.467462 
32.23 	 2.467462 
32.24 	 2.467462 
32.25 	 2.467462 
32.26 	 2.467462 
32.27 	 2.467462 
32.28 	 2.467462 
32.29 	 2.467462 
32.30 	 2.467462 
32.31 	 2.467462 
32.32 	 2.467462 
32.33 	 2.467462 
32.34 	 2.467462 
32.35 	 2.467462 
32.36 	 2.467462 
32.37 	 2.467462 
32.38 	 2.467462 
32.39 	 2.467462 
32.40 	 2.467462 
32.41 	 2.467462 
32.42 	 2.467462 
32.43 	 2.467462 
32.44 	 2.467462 
32.45 	 2.467462 
32.46 	 2.467462 
32.47 	 2.467462 
32.48 	 2.467462 
32.49 	 2.467462 
32.50 	 2.467462 
32.51 	 2.467462 
32.52 	 2.467462 
32.53 	 2.467462 
32.54 	 2.467462 
32.55 	 2.467462 
32.56 	 2.467462 
32.57 	 2.467462 
32.58 	 2.467462 
32.59 	 2.467462 
32.60 	 2.467462 
32.61 	 2.467462 
32.62 	 2.467462 
32.63 	 2.467462 
32.64 	 2.467462 
32.65 	 2.467462 
32.66 	 2.467462 
32.67 	 2.467462 
32.68 	 2.467462 
32.69 	 2.467462 
32.70 	 2.467462 
32.71 	 2.467462 
32.72 	 2.467462 
32.73 	 2.467462 
32.74 	 2.467462 
32.75 	 2.467462 
32.76 	 2.467462 
32.77 	 2.467462 
32.78 	 2.467462 
32.79 	 2.467462 
32.80 	 2.467462 
32.81 	 2.467462 
32.82 	 2.467462 
32.83 	 2.467462 
32.84 	 2.467462 
32.85 	 2.467462 
32.86 	 2.467462 
32.87 	 2.467462 
32.88 	 2.467462 
32.89 	 2.467462 
32.90 	 2.467462 
32.91 	 2.467462 
32.92 	 2.467462 
32.93 	 2.467462 
32.94 	 2.467462 
32.95 	 2.467462 
32.96 	 2.467462 
32.97 	 2.467462 
32.98 	 2.467462 
32.99 	 2.467462 
33.00 	 2.467462 
33.01 	 2.467462 
33.02 	 2.467462 
33.03 	 2.467462 
33.04 	 2.467462 
33.05 	 2.467462 
33.06 	 2.467462 
33.07 	 2.467462 
33.08 	 2.467462 
33.09 	 2.467462 
33.10 	 2.467462 
33.11 	 2.467462 
33.12 	 2.467462 
33.13 	 2.467462 
33.14 	 2.467462 
33.15 	 2.467462 
33.16 	 2.467462 
33.17 	 2.467462 
33.18 	 2.467462 
33.19 	 2.467462 
33.20 	 2.467462 
33.21 	 2.467462 
33.22 	 2.467462 
33.23 	 2.467462 
33.24 	 2.467462 
33.25 	 2.467462 
33.26 	 2.467462 
33.27 	 2.467462 
33.28 	 2.467462 
33.29 	 2.467462 
33.30 	 2.467462 
33.31 	 2.467462 
33.32 	 2.467462 
33.33 	 2.467462 
33.34 	 2.467462 
33.35 	 2.467462 
33.36 	 2.467462 
33.37 	 2.467462 
33.38 	 2.467462 
33.39 	 2.467462 
33.40 	 2.467462 
33.41 	 2.467462 
33.42 	 2.467462 
33.43 	 2.467462 
33.44 	 2.467462 
33.45 	 2.467462 
33.46 	 2.467462 
33.47 	 2.467462 
33.48 	 2.467462 
33.49 	 2.467462 
33.50 	 2.467462 
33.51 	 2.467462 
33.52 	 2.467462 
33.53 	 2.467462 
33.54 	 2.467462 
33.55 	 2.467462 
33.56 	 2.467462 
33.57 	 2.467462 
33.58 	 2.467462 
33.59 	 2.467462 
33.60 	 2.467462 
33.61 	 2.467462 
33.62 	 2.467462 
33.63 	 2.467462 
33.64 	 2.467462 
33.65 	 2.467462 
33.66 	 2.467462 
33.67 	 2.467462 
33.68 	 2.467462 
33.69 	 2.467462 
33.70 	 2.467462 
33.71 	 2.467462 
33.72 	 2.467462 
33.73 	 2.467462 
33.74 	 2.467462 
33.75 	 2.467462 
33.76 	 2.467462 
33.77 	 2.467462 
33.78 	 2.467462 
33.79 	 2.467462 
33.80 	 2.467462 
33.81 	 2.467462 
33.82 	 2.467462 
33.83 	 2.467462 
33.84 	 2.467462 
33.85 	 2.467462 
33.86 	 2.467462 
33.87 	 2.467462 
33.88 	 2.467462 
33.89 	 2.467462 
33.90 	 2.467462 
33.91 	 2.467462 
33.92 	 2.467462 
33.93 	 2.467462 
33.94 	 2.467462 
33.95 	 2.467462 
33.96 	 2.467462 
33.97 	 2.467462 
33.98 	 2.467462 
33.99 	 2.467462 
34.00 	 2.467462 
34.01 	 2.467462 
34.02 	 2.467462 
34.03 	 2.467462 
34.04 	 2.467462 
34.05 	 2.467462 
34.06 	 2.467462 
34.07 	 2.467462 
34.08 	 2.467462 
34.09 	 2.467462 
34.10 	 2.467462 
34.11 	 2.467462 
34.12 	 2.467462 
34.13 	 2.467462 
34.14 	 2.467462 
34.15 	 2.467462 
34.16 	 2.467462 
34.17 	 2.467462 
34.18 	 2.467462 
34.19 	 2.467462 
34.20 	 2.467462 
34.21 	 2.467462 
34.22 	 2.467462 
34.23 	 2.467462 
34.24 	 2.467462 
34.25 	 2.467462 
34.26 	 2.467462 
34.27 	 2.467462 
34.28 	 2.467462 
34.29 	 2.467462 
34.30 	 2.467462 
34.31 	 2.467462 
34.32 	 2.467462 
34.33 	 2.467462 
34.34 	 2.467462 
34.35 	 2.467462 
34.36 	 2.467462 
34.37 	 2.467462 
34.38 	 2.467462 
34.39 	 2.467462 
34.40 	 2.467462 
34.41 	 2.467462 
34.42 	 2.467462 
34.43 	 2.467462 
34.44 	 2.467462 
34.45 	 2.467462 
34.46 	 2.467462 
34.47 	 2.467462 
34.48 	 2.467462 
34.49 	 2.467462 
34.50 	 2.467462 
34.51 	 2.467462 
34.52 	 2.467462 
34.53 	 2.467462 
34.54 	 2.467462 
34.55 	 2.467462 
34.56 	 2.467462 
34.57 	 2.467462 
34.58 	 2.467462 
34.59 	 2.467462 
34.60 	 2.467462 
34.61 	 2.467462 
34.62 	 2.467462 
34.63 	 2.467462 
34.64 	 2.467462 
34.65 	 2.467462 
34.66 	 2.467462 
34.67 	 2.467462 
34.68 	 2.467462 
34.69 	 2.467462 
34.70 	 2.467462 
34.71 	 2.467462 
34.72 	 2.467462 
34.73 	 2.467462 
34.74 	 2.467462 
34.75 	 2.467462 
34.76 	 2.467462 
34.77 	 2.467462 
34.78 	 2.467462 
34.79 	 2.467462 
34.80 	 2.467462 
34.81 	 2.467462 
34.82 	 2.467462 
34.83 	 2.467462 
34.84 	 2.467462 
34.85 	 2.467462 
34.86 	 2.467462 
34.87 	 2.467462 
34.88 	 2.467462 
34.89 	 2.467462 
34.90 	 2.467462 
34.91 	 2.467462 
34.92 	 2.467462 
34.93 	 2.467462 
34.94 	 2.467462 
34.95 	 2.467462 
34.96 	 2.467462 
34.97 	 2.467462 
34.98 	 2.467462 
34.99 	 2.467462 
35.00 	 2.467462 
35.01 	 2.467462 
35.02 	 2.467462 
35.03 	 2.467462 
35.04 	 2.467462 
35.05 	 2.467462 
35.06 	 2.467462 
35.07 	 2.467462 
35.08 	 2.467462 
35.09 	 2.467462 
35.10 	 2.467462 
35.11 	 2.467462 
35.12 	 2.467462 
35.13 	 2.467462 
35.14 	 2.467462 
35.15 	 2.467462 
35.16 	 2.467462 
35.17 	 2.467462 
35.18 	 2.467462 
35.19 	 2.467462 
35.20 	 2.467462 
35.21 	 2.467462 
35.22 	 2.467462 
35.23 	 2.467462 
35.24 	 2.467462 
35.25 	 2.467462 
35.26 	 2.467462 
35.27 	 2.467462 
35.28 	 2.467462 
35.29 	 2.467462 
35.30 	 2.467462 
35.31 	 2.467462 
35.32 	 2.467462 
35.33 	 2.467462 
35.34 	 2.467462 
35.35 	 2.467462 
35.36 	 2.467462 
35.37 	 2.467462 
35.38 	 2.467462 
35.39 	 2.467462 
35.40 	 2.467462 
35.41 	 2.467462 
35.42 	 2.467462 
35.43 	 2.467462 
35.44 	 2.467462 
35.45 	 2.467462 
35.46 	 2.467462 
35.47 	 2.467462 
35.48 	 2.467462 
35.49 	 2.467462 
35.50 	 2.467462 
35.51 	 2.467462 
35.52 	 2.467462 
35.53 	 2.467462 
35.54 	 2.467462 
35.55 	 2.467462 
35.56 	 2.467462 
35.57 	 2.467462 
35.58 	 2.467462 
35.59 	 2.467462 
35.60 	 2.467462 
35.61 	 2.467462 
35.62 	 2.467462 
35.63 	 2.467462 
35.64 	 2.467462 
35.65 	 2.467462 
35.66 	 2.467462 
35.67 	 2.467462 
35.68 	 2.467462 
35.69 	 2.467462 
35.70 	 2.467462 
35.71 	 2.467462 
35.72 	 2.467462 
35.73 	 2.467462 
35.74 	 2.467462 
35.75 	 2.467462 
35.76 	 2.467462 
35.77 	 2.467462 
35.78 	 2.467462 
35.79 	 2.467462 
35.80 	 2.467462 
35.81 	 2.467462 
35.82 	 2.467462 
35.83 	 2.467462 
35.84 	 2.467462 
35.85 	 2.467462 
35.86 	 2.467462 
35.87 	 2.467462 
35.88 	 2.467462 
35.89 	 2.467462 
35.90 	 2.467462 
35.91 	 2.467462 
35.92 	 2.467462 
35.93 	 2.467462 
35.94 	 2.467462 
35.95 	 2.467462 
35.96 	 2.467462 
35.97 	 2.467462 
35.98 	 2.467462 
35.99 	 2.467462 
36.00 	 2.467462 
36.01 	 2.467462 
36.02 	 2.467462 
36.03 	 2.467462 
36.04 	 2.467462 
36.05 	 2.467462 
36.06 	 2.467462 
36.07 	 2.467462 
36.08 	 2.467462 
36.09 	 2.467462 
36.10 	 2.467462 
36.11 	 2.467462 
36.12 	 2.467462 
36.13 	 2.467462 
36.14 	 2.467462 
36.15 	 2.467462 
36.16 	 2.467462 
36.17 	 2.467462 
36.18 	 2.467462 
36.19 	 2.467462 
36.20 	 2.467462 
36.21 	 2.467462 
36.22 	 2.467462 
36.23 	 2.467462 
36.24 	 2.467462 
36.25 	 2.467462 
36.26 	 2.467462 
36.27 	 2.467462 
36.28 	 2.467462 
36.29 	 2.467462 
36.30 	 2.467462 
36.31 	 2.467462 
36.32 	 2.467462 
36.33 	 2.467462 
36.34 	 2.467462 
36.35 	 2.467462 
36.36 	 2.467462 
36.37 	 2.467462 
36.38 	 2.467462 
36.39 	 2.467462 
36.40 	 2.467462 
36.41 	 2.467462 
36.42 	 2.467462 
36.43 	 2.467462 
36.44 	 2.467462 
36.45 	 2.467462 
36.46 	 2.467462 
36.47 	 2.467462 
36.48 	 2.467462 
36.49 	 2.467462 
36.50 	 2.467462 
36.51 	 2.467462 
36.52 	 2.467462 
36.53 	 2.467462 
36.54 	 2.467462 
36.55 	 2.467462 
36.56 	 2.467462 
36.57 	 2.467462 
36.58 	 2.467462 
36.59 	 2.467462 
36.60 	 2.467462 
36.61 	 2.467462 
36.62 	 2.467462 
36.63 	 2.467462 
36.64 	 2.467462 
36.65 	 2.467462 
36.66 	 2.467462 
36.67 	 2.467462 
36.68 	 2.467462 
36.69 	 2.467462 
36.70 	 2.467462 
36.71 	 2.467462 
36.72 	 2.467462 
36.73 	 2.467462 
36.74 	 2.467462 
36.75 	 2.467462 
36.76 	 2.467462 
36.77 	 2.467462 
36.78 	 2.467462 
36.79 	 2.467462 
36.80 	 2.467462 
36.81 	 2.467462 
36.82 	 2.467462 
36.83 	 2.467462 
36.84 	 2.467462 
36.85 	 2.467462 
36.86 	 2.467462 
36.87 	 2.467462 
36.88 	 2.467462 
36.89 	 2.467462 
36.90 	 2.467462 
36.91 	 2.467462 
36.92 	 2.467462 
36.93 	 2.467462 
36.94 	 2.467462 
36.95 	 2.467462 
36.96 	 2.467462 
36.97 	 2.467462 
36.98 	 2.467462 
36.99 	 2.467462 
37.00 	 2.467462 
37.01 	 2.467462 
37.02 	 2.467462 
37.03 	 2.467462 
37.04 	 2.467462 
37.05 	 2.467462 
37.06 	 2.467462 
37.07 	 2.467462 
37.08 	 2.467462 
37.09 	 2.467462 
37.10 	 2.467462 
37.11 	 2.467462 
37.12 	 2.467462 
37.13 	 2.467462 
37.14 	 2.467462 
37.15 	 2.467462 
37.16 	 2.467462 
37.17 	 2.467462 
37.18 	 2.467462 
37.19 	 2.467462 
37.20 	 2.467462 
37.21 	 2.467462 
37.22 	 2.467462 
37.23 	 2.467462 
37.24 	 2.467462 
37.25 	 2.467462 
37.26 	 2.467462 
37.27 	 2.467462 
37.28 	 2.467462 
37.29 	 2.467462 
37.30 	 2.467462 
37.31 	 2.467462 
37.32 	 2.467462 
37.33 	 2.467462 
37.34 	 2.467462 
37.35 	 2.467462 
37.36 	 2.467462 
37.37 	 2.467462 
37.38 	 2.467462 
37.39 	 2.467462 
37.40 	 2.467462 
37.41 	 2.467462 
37.42 	 2.467462 
37.43 	 2.467462 
37.44 	 2.467462 
37.45 	 2.467462 
37.46 	 2.467462 
37.47 	 2.467462 
37.48 	 2.467462 
37.49 	 2.467462 
37.50 	 2.467462 
37.51 	 2.467462 
37.52 	 2.467462 
37.53 	 2.467462 
37.54 	 2.467462 
37.55 	 2.467462 
37.56 	 2.467462 
37.57 	 2.467462 
37.58 	 2.467462 
37.59 	 2.467462 
37.60 	 2.467462 
37.61 	 2.467462 
37.62 	 2.467462 
37.63 	 2.467462 
37.64 	 2.467462 
37.65 	 2.467462 
37.66 	 2.467462 
37.67 	 2.467462 
37.68 	 2.467462 
37.69 	 2.467462 
37.70 	 2.467462 
37.71 	 2.467462 
37.72 	 2.467462 
37.73 	 2.467462 
37.74 	 2.467462 
37.75 	 2.467462 
37.76 	 2.467462 
37.77 	 2.467462 
37.78 	 2.467462 
37.79 	 2.467462 
37.80 	 2.467462 
37.81 	 2.467462 
37.82 	 2.467462 
37.83 	 2.467462 
37.84 	 2.467462 
37.85 	 2.467462 
37.86 	 2.467462 
37.87 	 2.467462 
37.88 	 2.467462 
37.89 	 2.467462 
37.90 	 2.467462 
37.91 	 2.467462 
37.92 	 2.467462 
37.93 	 2.467462 
37.94 	 2.467462 
37.95 	 2.467462 
37.96 	 2.467462 
37.97 	 2.467462 
37.98 	 2.467462 
37.99 	 2.467462 
38.00 	 2.467462 
38.01 	 2.467462 
38.02 	 2.467462 
38.03 	 2.467462 
38.04 	 2.467462 
38.05 	 2.467462 
38.06 	 2.467462 
38.07 	 2.467462 
38.08 	 2.467462 
38.09 	 2.467462 
38.10 	 2.467462 
38.11 	 2.467462 
38.12 	 2.467462 
38.13 	 2.467462 
38.14 	 2.467462 
38.15 	 2.467462 
38.16 	 2.467462 
38.17 	 2.467462 
38.18 	 2.467462 
38.19 	 2.467462 
38.20 	 2.467462 
38.21 	 2.467462 
38.22 	 2.467462 
38.23 	 2.467462 
38.24 	 2.467462 
38.25 	 2.467462 
38.26 	 2.467462 
38.27 	 2.467462 
38.28 	 2.467462 
38.29 	 2.467462 
38.30 	 2.467462 
38.31 	 2.467462 
38.32 	 2.467462 
38.33 	 2.467462 
38.34 	 2.467462 
38.35 	 2.467462 
38.36 	 2.467462 
38.37 	 2.467462 
38.38 	 2.467462 
38.39 	 2.467462 
38.40 	 2.467462 
38.41 	 2.467462 
38.42 	 2.467462 
38.43 	 2.467462 
38.44 	 2.467462 
38.45 	 2.467462 
38.46 	 2.467462 
38.47 	 2.467462 
38.48 	 2.467462 
38.49 	 2.467462 
38.50 	 2.467462 
38.51 	 2.467462 
38.52 	 2.467462 
38.53 	 2.467462 
38.54 	 2.467462 
38.55 	 2.467462 
38.56 	 2.467462 
38.57 	 2.467462 
38.58 	 2.467462 
38.59 	 2.467462 
38.60 	 2.467462 
38.61 	 2.467462 
38.62 	 2.467462 
38.63 	 2.467462 
38.64 	 2.467462 
38.65 	 2.467462 
38.66 	 2.467462 
38.67 	 2.467462 
38.68 	 2.467462 
38.69 	 2.467462 
38.70 	 2.467462 
38.71 	 2.467462 
38.72 	 2.467462 
38.73 	 2.467462 
38.74 	 2.467462 
38.75 	 2.467462 
38.76 	 2.467462 
38.77 	 2.467462 
38.78 	 2.467462 
38.79 	 2.467462 
38.80 	 2.467462 
38.81 	 2.467462 
38.82 	 2.467462 
38.83 	 2.467462 
38.84 	 2.467462 
38.85 	 2.467462 
38.86 	 2.467462 
38.87 	 2.467462 
38.88 	 2.467462 
38.89 	 2.467462 
38.90 	 2.467462 
38.91 	 2.467462 
38.92 	 2.467462 
38.93 	 2.467462 
38.94 	 2.467462 
38.95 	 2.467462 
38.96 	 2.467462 
38.97 	 2.467462 
38.98 	 2.467462 
38.99 	 2.467462 
39.00 	 2.467462 
39.01 	 2.467462 
39.02 	 2.467462 
39.03 	 2.467462 
39.04 	 2.467462 
39.05 	 2.467462 
39.06 	 2.467462 
39.07 	 2.467462 
39.08 	 2.467462 
39.09 	 2.467462 
39.10 	 2.467462 
39.11 	 2.467462 
39.12 	 2.467462 
39.13 	 2.467462 
39.14 	 2.467462 
39.15 	 2.467462 
39.16 	 2.467462 
39.17 	 2.467462 
39.18 	 2.467462 
39.19 	 2.467462 
39.20 	 2.467462 
39.21 	 2.467462 
39.22 	 2.467462 
39.23 	 2.467462 
39.24 	 2.467462 
39.25 	 2.467462 
39.26 	 2.467462 
39.27 	 2.467462 
39.28 	 2.467462 
39.29 	 2.467462 
39.30 	 2.467462 
39.31 	 2.467462 
39.32 	 2.467462 
39.33 	 2.467462 
39.34 	 2.467462 
39.35 	 2.467462 
39.36 	 2.467462 
39.37 	 2.467462 
39.38 	 2.467462 
39.39 	 2.467462 
39.40 	 2.467462 
39.41 	 2.467462 
39.42 	 2.467462 
39.43 	 2.467462 
39.44 	 2.467462 
39.45 	 2.467462 
39.46 	 2.467462 
39.47 	 2.467462 
39.48 	 2.467462 
39.49 	 2.467462 
39.50 	 2.467462 
39.51 	 2.467462 
39.52 	 2.467462 
39.53 	 2.467462 
39.54 	 2.467462 
39.55 	 2.467462 
39.56 	 2.467462 
39.57 	 2.467462 
39.58 	 2.467462 
39.59 	 2.467462 
39.60 	 2.467462 
39.61 	 2.467462 
39.62 	 2.467462 
39.63 	 2.467462 
39.64 	 2.467462 
39.65 	 2.467462 
39.66 	 2.467462 
39.67 	 2.467462 
39.68 	 2.467462 
39.69 	 2.467462 
39.70 	 2.467462 
39.71 	 2.467462 
39.72 	 2.467462 
39.73 	 2.467462 
39.74 	 2.467462 
39.75 	 2.467462 
39.76 	 2.467462 
39.77 	 2.467462 
39.78 	 2.467462 
39.79 	 2.467462 
39.80 	 2.467462 
39.81 	 2.467462 
39.82 	 2.467462 
39.83 	 2.467462 
39.84 	 2.467462 
39.85 	 2.467462 
39.86 	 2.467462 
39.87 	 2.467462 
39.88 	 2.467462 
39.89 	 2.467462 
39.90 	 2.467462 
39.91 	 2.467462 
39.92 	 2.467462 
39.93 	 2.467462 
39.94 	 2.467462 
39.95 	 2.467462 
39.96 	 2.467462 
39.97 	 2.467462 
39.98 	 2.467462 
39.99 	 2.467462 
