0.00 	 2.500000 
0.01 	 2.499699 
0.02 	 2.499401 
0.03 	 2.499105 
0.04 	 2.498812 
0.05 	 2.498522 
0.06 	 2.498234 
0.07 	 2.497948 
0.08 	 2.497665 
0.09 	 2.497385 
0.10 	 2.497107 
0.11 	 2.496831 
0.12 	 2.496558 
0.13 	 2.496287 
0.14 	 2.496019 
0.15 	 2.495753 
0.16 	 2.495489 
0.17 	 2.495228 
0.18 	 2.494969 
0.19 	 2.494712 
0.20 	 2.494458 
0.21 	 2.494205 
0.22 	 2.493955 
0.23 	 2.493708 
0.24 	 2.493462 
0.25 	 2.493219 
0.26 	 2.492977 
0.27 	 2.492738 
0.28 	 2.492501 
0.29 	 2.492266 
0.30 	 2.492034 
0.31 	 2.491803 
0.32 	 2.491574 
0.33 	 2.491348 
0.34 	 2.491123 
0.35 	 2.490901 
0.36 	 2.490680 
0.37 	 2.490462 
0.38 	 2.490245 
0.39 	 2.490031 
0.40 	 2.489818 
0.41 	 2.489607 
0.42 	 2.489399 
0.43 	 2.489192 
0.44 	 2.488986 
0.45 	 2.488783 
0.46 	 2.488582 
0.47 	 2.488382 
0.48 	 2.488185 
0.49 	 2.487989 
0.50 	 2.487794 
0.51 	 2.487602 
0.52 	 2.487411 
0.53 	 2.487222 
0.54 	 2.487035 
0.55 	 2.486850 
0.56 	 2.486666 
0.57 	 2.486484 
0.58 	 2.486303 
0.59 	 2.486125 
0.60 	 2.485947 
0.61 	 2.485772 
0.62 	 2.485598 
0.63 	 2.485426 
0.64 	 2.485255 
0.65 	 2.485086 
0.66 	 2.484918 
0.67 	 2.484752 
0.68 	 2.484587 
0.69 	 2.484424 
0.70 	 2.484263 
0.71 	 2.484103 
0.72 	 2.483944 
0.73 	 2.483787 
0.74 	 2.483632 
0.75 	 2.483477 
0.76 	 2.483325 
0.77 	 2.483173 
0.78 	 2.483023 
0.79 	 2.482875 
0.80 	 2.482727 
0.81 	 2.482582 
0.82 	 2.482437 
0.83 	 2.482294 
0.84 	 2.482152 
0.85 	 2.482012 
0.86 	 2.481872 
0.87 	 2.481735 
0.88 	 2.481598 
0.89 	 2.481463 
0.90 	 2.481328 
0.91 	 2.481196 
0.92 	 2.481064 
0.93 	 2.480934 
0.94 	 2.480805 
0.95 	 2.480677 
0.96 	 2.480550 
0.97 	 2.480424 
0.98 	 2.480300 
0.99 	 2.480177 
1.00 	 2.480055 
1.01 	 2.479934 
1.02 	 2.479814 
1.03 	 2.479695 
1.04 	 2.479578 
1.05 	 2.479461 
1.06 	 2.479346 
1.07 	 2.479232 
1.08 	 2.479119 
1.09 	 2.479007 
1.10 	 2.478896 
1.11 	 2.478786 
1.12 	 2.478677 
1.13 	 2.478569 
1.14 	 2.478462 
1.15 	 2.478356 
1.16 	 2.478251 
1.17 	 2.478147 
1.18 	 2.478044 
1.19 	 2.477942 
1.20 	 2.477841 
1.21 	 2.477741 
1.22 	 2.477642 
1.23 	 2.477544 
1.24 	 2.477446 
1.25 	 2.477350 
1.26 	 2.477255 
1.27 	 2.477160 
1.28 	 2.477066 
1.29 	 2.476974 
1.30 	 2.476882 
1.31 	 2.476791 
1.32 	 2.476701 
1.33 	 2.476611 
1.34 	 2.476523 
1.35 	 2.476436 
1.36 	 2.476349 
1.37 	 2.476263 
1.38 	 2.476178 
1.39 	 2.476093 
1.40 	 2.476010 
1.41 	 2.475927 
1.42 	 2.475845 
1.43 	 2.475764 
1.44 	 2.475684 
1.45 	 2.475604 
1.46 	 2.475525 
1.47 	 2.475447 
1.48 	 2.475370 
1.49 	 2.475294 
1.50 	 2.475218 
1.51 	 2.475143 
1.52 	 2.475068 
1.53 	 2.474994 
1.54 	 2.474921 
1.55 	 2.474849 
1.56 	 2.474777 
1.57 	 2.474707 
1.58 	 2.474636 
1.59 	 2.474567 
1.60 	 2.474498 
1.61 	 2.474430 
1.62 	 2.474362 
1.63 	 2.474295 
1.64 	 2.474229 
1.65 	 2.474163 
1.66 	 2.474098 
1.67 	 2.474034 
1.68 	 2.473970 
1.69 	 2.473907 
1.70 	 2.473844 
1.71 	 2.473782 
1.72 	 2.473721 
1.73 	 2.473660 
1.74 	 2.473600 
1.75 	 2.473540 
1.76 	 2.473481 
1.77 	 2.473422 
1.78 	 2.473364 
1.79 	 2.473307 
1.80 	 2.473250 
1.81 	 2.473194 
1.82 	 2.473138 
1.83 	 2.473083 
1.84 	 2.473028 
1.85 	 2.472974 
1.86 	 2.472921 
1.87 	 2.472867 
1.88 	 2.472815 
1.89 	 2.472763 
1.90 	 2.472711 
1.91 	 2.472660 
1.92 	 2.472610 
1.93 	 2.472559 
1.94 	 2.472510 
1.95 	 2.472461 
1.96 	 2.472412 
1.97 	 2.472364 
1.98 	 2.472316 
1.99 	 2.472269 
2.00 	 2.472222 
2.01 	 2.472176 
2.02 	 2.472130 
2.03 	 2.472084 
2.04 	 2.472039 
2.05 	 2.471995 
2.06 	 2.471950 
2.07 	 2.471907 
2.08 	 2.471863 
2.09 	 2.471820 
2.10 	 2.471778 
2.11 	 2.471736 
2.12 	 2.471694 
2.13 	 2.471653 
2.14 	 2.471612 
2.15 	 2.471572 
2.16 	 2.471531 
2.17 	 2.471492 
2.18 	 2.471452 
2.19 	 2.471414 
2.20 	 2.471375 
2.21 	 2.471337 
2.22 	 2.471299 
2.23 	 2.471262 
2.24 	 2.471224 
2.25 	 2.471188 
2.26 	 2.471151 
2.27 	 2.471115 
2.28 	 2.471080 
2.29 	 2.471044 
2.30 	 2.471009 
2.31 	 2.470975 
2.32 	 2.470941 
2.33 	 2.470907 
2.34 	 2.470873 
2.35 	 2.470840 
2.36 	 2.470807 
2.37 	 2.470774 
2.38 	 2.470742 
2.39 	 2.470710 
2.40 	 2.470678 
2.41 	 2.470646 
2.42 	 2.470615 
2.43 	 2.470585 
2.44 	 2.470554 
2.45 	 2.470524 
2.46 	 2.470494 
2.47 	 2.470464 
2.48 	 2.470435 
2.49 	 2.470406 
2.50 	 2.470377 
2.51 	 2.470349 
2.52 	 2.470320 
2.53 	 2.470292 
2.54 	 2.470265 
2.55 	 2.470237 
2.56 	 2.470210 
2.57 	 2.470183 
2.58 	 2.470157 
2.59 	 2.470130 
2.60 	 2.470104 
2.61 	 2.470078 
2.62 	 2.470053 
2.63 	 2.470028 
2.64 	 2.470002 
2.65 	 2.469978 
2.66 	 2.469953 
2.67 	 2.469929 
2.68 	 2.469904 
2.69 	 2.469881 
2.70 	 2.469857 
2.71 	 2.469834 
2.72 	 2.469810 
2.73 	 2.469787 
2.74 	 2.469765 
2.75 	 2.469742 
2.76 	 2.469720 
2.77 	 2.469698 
2.78 	 2.469676 
2.79 	 2.469654 
2.80 	 2.469633 
2.81 	 2.469611 
2.82 	 2.469590 
2.83 	 2.469570 
2.84 	 2.469549 
2.85 	 2.469528 
2.86 	 2.469508 
2.87 	 2.469488 
2.88 	 2.469468 
2.89 	 2.469449 
2.90 	 2.469429 
2.91 	 2.469410 
2.92 	 2.469391 
2.93 	 2.469372 
2.94 	 2.469353 
2.95 	 2.469335 
2.96 	 2.469316 
2.97 	 2.469298 
2.98 	 2.469280 
2.99 	 2.469263 
3.00 	 2.469245 
3.01 	 2.469227 
3.02 	 2.469210 
3.03 	 2.469193 
3.04 	 2.469176 
3.05 	 2.469159 
3.06 	 2.469143 
3.07 	 2.469126 
3.08 	 2.469110 
3.09 	 2.469094 
3.10 	 2.469078 
3.11 	 2.469062 
3.12 	 2.469046 
3.13 	 2.469031 
3.14 	 2.469015 
3.15 	 2.469000 
3.16 	 2.468985 
3.17 	 2.468970 
3.18 	 2.468955 
3.19 	 2.468941 
3.20 	 2.468926 
3.21 	 2.468912 
3.22 	 2.468898 
3.23 	 2.468884 
3.24 	 2.468870 
3.25 	 2.468856 
3.26 	 2.468842 
3.27 	 2.468829 
3.28 	 2.468815 
3.29 	 2.468802 
3.30 	 2.468789 
3.31 	 2.468776 
3.32 	 2.468763 
3.33 	 2.468750 
3.34 	 2.468738 
3.35 	 2.468725 
3.36 	 2.468713 
3.37 	 2.468700 
3.38 	 2.468688 
3.39 	 2.468676 
3.40 	 2.468664 
3.41 	 2.468653 
3.42 	 2.468641 
3.43 	 2.468629 
3.44 	 2.468618 
3.45 	 2.468607 
3.46 	 2.468595 
3.47 	 2.468584 
3.48 	 2.468573 
3.49 	 2.468562 
3.50 	 2.468552 
3.51 	 2.468541 
3.52 	 2.468530 
3.53 	 2.468520 
3.54 	 2.468509 
3.55 	 2.468499 
3.56 	 2.468489 
3.57 	 2.468479 
3.58 	 2.468469 
3.59 	 2.468459 
3.60 	 2.468449 
3.61 	 2.468440 
3.62 	 2.468430 
3.63 	 2.468421 
3.64 	 2.468411 
3.65 	 2.468402 
3.66 	 2.468393 
3.67 	 2.468384 
3.68 	 2.468374 
3.69 	 2.468366 
3.70 	 2.468357 
3.71 	 2.468348 
3.72 	 2.468339 
3.73 	 2.468331 
3.74 	 2.468322 
3.75 	 2.468314 
3.76 	 2.468305 
3.77 	 2.468297 
3.78 	 2.468289 
3.79 	 2.468281 
3.80 	 2.468273 
3.81 	 2.468265 
3.82 	 2.468257 
3.83 	 2.468249 
3.84 	 2.468241 
3.85 	 2.468234 
3.86 	 2.468226 
3.87 	 2.468219 
3.88 	 2.468211 
3.89 	 2.468204 
3.90 	 2.468197 
3.91 	 2.468189 
3.92 	 2.468182 
3.93 	 2.468175 
3.94 	 2.468168 
3.95 	 2.468161 
3.96 	 2.468154 
3.97 	 2.468148 
3.98 	 2.468141 
3.99 	 2.468134 
4.00 	 2.468128 
4.01 	 2.468121 
4.02 	 2.468115 
4.03 	 2.468108 
4.04 	 2.468102 
4.05 	 2.468096 
4.06 	 2.468089 
4.07 	 2.468083 
4.08 	 2.468077 
4.09 	 2.468071 
4.10 	 2.468065 
4.11 	 2.468059 
4.12 	 2.468053 
4.13 	 2.468047 
4.14 	 2.468042 
4.15 	 2.468036 
4.16 	 2.468030 
4.17 	 2.468025 
4.18 	 2.468019 
4.19 	 2.468014 
4.20 	 2.468008 
4.21 	 2.468003 
4.22 	 2.467998 
4.23 	 2.467992 
4.24 	 2.467987 
4.25 	 2.467982 
4.26 	 2.467977 
4.27 	 2.467972 
4.28 	 2.467967 
4.29 	 2.467962 
4.30 	 2.467957 
4.31 	 2.467952 
4.32 	 2.467947 
4.33 	 2.467943 
4.34 	 2.467938 
4.35 	 2.467933 
4.36 	 2.467929 
4.37 	 2.467924 
4.38 	 2.467920 
4.39 	 2.467915 
4.40 	 2.467911 
4.41 	 2.467906 
4.42 	 2.467902 
4.43 	 2.467898 
4.44 	 2.467893 
4.45 	 2.467889 
4.46 	 2.467885 
4.47 	 2.467881 
4.48 	 2.467877 
4.49 	 2.467872 
4.50 	 2.467868 
4.51 	 2.467864 
4.52 	 2.467861 
4.53 	 2.467857 
4.54 	 2.467853 
4.55 	 2.467849 
4.56 	 2.467845 
4.57 	 2.467841 
4.58 	 2.467838 
4.59 	 2.467834 
4.60 	 2.467830 
4.61 	 2.467827 
4.62 	 2.467823 
4.63 	 2.467820 
4.64 	 2.467816 
4.65 	 2.467813 
4.66 	 2.467809 
4.67 	 2.467806 
4.68 	 2.467802 
4.69 	 2.467799 
4.70 	 2.467796 
4.71 	 2.467792 
4.72 	 2.467789 
4.73 	 2.467786 
4.74 	 2.467783 
4.75 	 2.467780 
4.76 	 2.467777 
4.77 	 2.467773 
4.78 	 2.467770 
4.79 	 2.467767 
4.80 	 2.467764 
4.81 	 2.467761 
4.82 	 2.467758 
4.83 	 2.467756 
4.84 	 2.467753 
4.85 	 2.467750 
4.86 	 2.467747 
4.87 	 2.467744 
4.88 	 2.467741 
4.89 	 2.467739 
4.90 	 2.467736 
4.91 	 2.467733 
4.92 	 2.467731 
4.93 	 2.467728 
4.94 	 2.467725 
4.95 	 2.467723 
4.96 	 2.467720 
4.97 	 2.467718 
4.98 	 2.467715 
4.99 	 2.467713 
5.00 	 2.467710 
5.01 	 2.467708 
5.02 	 2.467705 
5.03 	 2.467703 
5.04 	 2.467701 
5.05 	 2.467698 
5.06 	 2.467696 
5.07 	 2.467694 
5.08 	 2.467691 
5.09 	 2.467689 
5.10 	 2.467687 
5.11 	 2.467685 
5.12 	 2.467682 
5.13 	 2.467680 
5.14 	 2.467678 
5.15 	 2.467676 
5.16 	 2.467674 
5.17 	 2.467672 
5.18 	 2.467670 
5.19 	 2.467668 
5.20 	 2.467666 
5.21 	 2.467664 
5.22 	 2.467662 
5.23 	 2.467660 
5.24 	 2.467658 
5.25 	 2.467656 
5.26 	 2.467654 
5.27 	 2.467652 
5.28 	 2.467650 
5.29 	 2.467648 
5.30 	 2.467647 
5.31 	 2.467645 
5.32 	 2.467643 
5.33 	 2.467641 
5.34 	 2.467639 
5.35 	 2.467638 
5.36 	 2.467636 
5.37 	 2.467634 
5.38 	 2.467633 
5.39 	 2.467631 
5.40 	 2.467629 
5.41 	 2.467628 
5.42 	 2.467626 
5.43 	 2.467624 
5.44 	 2.467623 
5.45 	 2.467621 
5.46 	 2.467620 
5.47 	 2.467618 
5.48 	 2.467617 
5.49 	 2.467615 
5.50 	 2.467614 
5.51 	 2.467612 
5.52 	 2.467611 
5.53 	 2.467609 
5.54 	 2.467608 
5.55 	 2.467606 
5.56 	 2.467605 
5.57 	 2.467603 
5.58 	 2.467602 
5.59 	 2.467601 
5.60 	 2.467599 
5.61 	 2.467598 
5.62 	 2.467597 
5.63 	 2.467595 
5.64 	 2.467594 
5.65 	 2.467593 
5.66 	 2.467591 
5.67 	 2.467590 
5.68 	 2.467589 
5.69 	 2.467588 
5.70 	 2.467586 
5.71 	 2.467585 
5.72 	 2.467584 
5.73 	 2.467583 
5.74 	 2.467582 
5.75 	 2.467580 
5.76 	 2.467579 
5.77 	 2.467578 
5.78 	 2.467577 
5.79 	 2.467576 
5.80 	 2.467575 
5.81 	 2.467574 
5.82 	 2.467573 
5.83 	 2.467571 
5.84 	 2.467570 
5.85 	 2.467569 
5.86 	 2.467568 
5.87 	 2.467567 
5.88 	 2.467566 
5.89 	 2.467565 
5.90 	 2.467564 
5.91 	 2.467563 
5.92 	 2.467562 
5.93 	 2.467561 
5.94 	 2.467560 
5.95 	 2.467559 
5.96 	 2.467558 
5.97 	 2.467557 
5.98 	 2.467556 
5.99 	 2.467555 
6.00 	 2.467555 
6.01 	 2.467554 
6.02 	 2.467553 
6.03 	 2.467552 
6.04 	 2.467551 
6.05 	 2.467550 
6.06 	 2.467549 
6.07 	 2.467548 
6.08 	 2.467548 
6.09 	 2.467547 
6.10 	 2.467546 
6.11 	 2.467545 
6.12 	 2.467544 
6.13 	 2.467543 
6.14 	 2.467543 
6.15 	 2.467542 
6.16 	 2.467541 
6.17 	 2.467540 
6.18 	 2.467540 
6.19 	 2.467539 
6.20 	 2.467538 
6.21 	 2.467537 
6.22 	 2.467537 
6.23 	 2.467536 
6.24 	 2.467535 
6.25 	 2.467534 
6.26 	 2.467534 
6.27 	 2.467533 
6.28 	 2.467532 
6.29 	 2.467532 
6.30 	 2.467531 
6.31 	 2.467530 
6.32 	 2.467530 
6.33 	 2.467529 
6.34 	 2.467528 
6.35 	 2.467528 
6.36 	 2.467527 
6.37 	 2.467526 
6.38 	 2.467526 
6.39 	 2.467525 
6.40 	 2.467524 
6.41 	 2.467524 
6.42 	 2.467523 
6.43 	 2.467523 
6.44 	 2.467522 
6.45 	 2.467521 
6.46 	 2.467521 
6.47 	 2.467520 
6.48 	 2.467520 
6.49 	 2.467519 
6.50 	 2.467519 
6.51 	 2.467518 
6.52 	 2.467517 
6.53 	 2.467517 
6.54 	 2.467516 
6.55 	 2.467516 
6.56 	 2.467515 
6.57 	 2.467515 
6.58 	 2.467514 
6.59 	 2.467514 
6.60 	 2.467513 
6.61 	 2.467513 
6.62 	 2.467512 
6.63 	 2.467512 
6.64 	 2.467511 
6.65 	 2.467511 
6.66 	 2.467510 
6.67 	 2.467510 
6.68 	 2.467509 
6.69 	 2.467509 
6.70 	 2.467508 
6.71 	 2.467508 
6.72 	 2.467508 
6.73 	 2.467507 
6.74 	 2.467507 
6.75 	 2.467506 
6.76 	 2.467506 
6.77 	 2.467505 
6.78 	 2.467505 
6.79 	 2.467505 
6.80 	 2.467504 
6.81 	 2.467504 
6.82 	 2.467503 
6.83 	 2.467503 
6.84 	 2.467502 
6.85 	 2.467502 
6.86 	 2.467502 
6.87 	 2.467501 
6.88 	 2.467501 
6.89 	 2.467501 
6.90 	 2.467500 
6.91 	 2.467500 
6.92 	 2.467499 
6.93 	 2.467499 
6.94 	 2.467499 
6.95 	 2.467498 
6.96 	 2.467498 
6.97 	 2.467498 
6.98 	 2.467497 
6.99 	 2.467497 
7.00 	 2.467497 
7.01 	 2.467496 
7.02 	 2.467496 
7.03 	 2.467496 
7.04 	 2.467495 
7.05 	 2.467495 
7.06 	 2.467495 
7.07 	 2.467494 
7.08 	 2.467494 
7.09 	 2.467494 
7.10 	 2.467493 
7.11 	 2.467493 
7.12 	 2.467493 
7.13 	 2.467492 
7.14 	 2.467492 
7.15 	 2.467492 
7.16 	 2.467492 
7.17 	 2.467491 
7.18 	 2.467491 
7.19 	 2.467491 
7.20 	 2.467490 
7.21 	 2.467490 
7.22 	 2.467490 
7.23 	 2.467490 
7.24 	 2.467489 
7.25 	 2.467489 
7.26 	 2.467489 
7.27 	 2.467489 
7.28 	 2.467488 
7.29 	 2.467488 
7.30 	 2.467488 
7.31 	 2.467487 
7.32 	 2.467487 
7.33 	 2.467487 
7.34 	 2.467487 
7.35 	 2.467487 
7.36 	 2.467486 
7.37 	 2.467486 
7.38 	 2.467486 
7.39 	 2.467486 
7.40 	 2.467485 
7.41 	 2.467485 
7.42 	 2.467485 
7.43 	 2.467485 
7.44 	 2.467484 
7.45 	 2.467484 
7.46 	 2.467484 
7.47 	 2.467484 
7.48 	 2.467484 
7.49 	 2.467483 
7.50 	 2.467483 
7.51 	 2.467483 
7.52 	 2.467483 
7.53 	 2.467483 
7.54 	 2.467482 
7.55 	 2.467482 
7.56 	 2.467482 
7.57 	 2.467482 
7.58 	 2.467482 
7.59 	 2.467481 
7.60 	 2.467481 
7.61 	 2.467481 
7.62 	 2.467481 
7.63 	 2.467481 
7.64 	 2.467480 
7.65 	 2.467480 
7.66 	 2.467480 
7.67 	 2.467480 
7.68 	 2.467480 
7.69 	 2.467480 
7.70 	 2.467479 
7.71 	 2.467479 
7.72 	 2.467479 
7.73 	 2.467479 
7.74 	 2.467479 
7.75 	 2.467479 
7.76 	 2.467478 
7.77 	 2.467478 
7.78 	 2.467478 
7.79 	 2.467478 
7.80 	 2.467478 
7.81 	 2.467478 
7.82 	 2.467477 
7.83 	 2.467477 
7.84 	 2.467477 
7.85 	 2.467477 
7.86 	 2.467477 
7.87 	 2.467477 
7.88 	 2.467477 
7.89 	 2.467476 
7.90 	 2.467476 
7.91 	 2.467476 
7.92 	 2.467476 
7.93 	 2.467476 
7.94 	 2.467476 
7.95 	 2.467476 
7.96 	 2.467475 
7.97 	 2.467475 
7.98 	 2.467475 
7.99 	 2.467475 
8.00 	 2.467475 
8.01 	 2.467475 
8.02 	 2.467475 
8.03 	 2.467475 
8.04 	 2.467474 
8.05 	 2.467474 
8.06 	 2.467474 
8.07 	 2.467474 
8.08 	 2.467474 
8.09 	 2.467474 
8.10 	 2.467474 
8.11 	 2.467474 
8.12 	 2.467474 
8.13 	 2.467473 
8.14 	 2.467473 
8.15 	 2.467473 
8.16 	 2.467473 
8.17 	 2.467473 
8.18 	 2.467473 
8.19 	 2.467473 
8.20 	 2.467473 
8.21 	 2.467473 
8.22 	 2.467472 
8.23 	 2.467472 
8.24 	 2.467472 
8.25 	 2.467472 
8.26 	 2.467472 
8.27 	 2.467472 
8.28 	 2.467472 
8.29 	 2.467472 
8.30 	 2.467472 
8.31 	 2.467472 
8.32 	 2.467471 
8.33 	 2.467471 
8.34 	 2.467471 
8.35 	 2.467471 
8.36 	 2.467471 
8.37 	 2.467471 
8.38 	 2.467471 
8.39 	 2.467471 
8.40 	 2.467471 
8.41 	 2.467471 
8.42 	 2.467471 
8.43 	 2.467471 
8.44 	 2.467470 
8.45 	 2.467470 
8.46 	 2.467470 
8.47 	 2.467470 
8.48 	 2.467470 
8.49 	 2.467470 
8.50 	 2.467470 
8.51 	 2.467470 
8.52 	 2.467470 
8.53 	 2.467470 
8.54 	 2.467470 
8.55 	 2.467470 
8.56 	 2.467470 
8.57 	 2.467469 
8.58 	 2.467469 
8.59 	 2.467469 
8.60 	 2.467469 
8.61 	 2.467469 
8.62 	 2.467469 
8.63 	 2.467469 
8.64 	 2.467469 
8.65 	 2.467469 
8.66 	 2.467469 
8.67 	 2.467469 
8.68 	 2.467469 
8.69 	 2.467469 
8.70 	 2.467469 
8.71 	 2.467469 
8.72 	 2.467468 
8.73 	 2.467468 
8.74 	 2.467468 
8.75 	 2.467468 
8.76 	 2.467468 
8.77 	 2.467468 
8.78 	 2.467468 
8.79 	 2.467468 
8.80 	 2.467468 
8.81 	 2.467468 
8.82 	 2.467468 
8.83 	 2.467468 
8.84 	 2.467468 
8.85 	 2.467468 
8.86 	 2.467468 
8.87 	 2.467468 
8.88 	 2.467468 
8.89 	 2.467467 
8.90 	 2.467467 
8.91 	 2.467467 
8.92 	 2.467467 
8.93 	 2.467467 
8.94 	 2.467467 
8.95 	 2.467467 
8.96 	 2.467467 
8.97 	 2.467467 
8.98 	 2.467467 
8.99 	 2.467467 
9.00 	 2.467467 
9.01 	 2.467467 
9.02 	 2.467467 
9.03 	 2.467467 
9.04 	 2.467467 
9.05 	 2.467467 
9.06 	 2.467467 
9.07 	 2.467467 
9.08 	 2.467467 
9.09 	 2.467467 
9.10 	 2.467466 
9.11 	 2.467466 
9.12 	 2.467466 
9.13 	 2.467466 
9.14 	 2.467466 
9.15 	 2.467466 
9.16 	 2.467466 
9.17 	 2.467466 
9.18 	 2.467466 
9.19 	 2.467466 
9.20 	 2.467466 
9.21 	 2.467466 
9.22 	 2.467466 
9.23 	 2.467466 
9.24 	 2.467466 
9.25 	 2.467466 
9.26 	 2.467466 
9.27 	 2.467466 
9.28 	 2.467466 
9.29 	 2.467466 
9.30 	 2.467466 
9.31 	 2.467466 
9.32 	 2.467466 
9.33 	 2.467466 
9.34 	 2.467466 
9.35 	 2.467466 
9.36 	 2.467465 
9.37 	 2.467465 
9.38 	 2.467465 
9.39 	 2.467465 
9.40 	 2.467465 
9.41 	 2.467465 
9.42 	 2.467465 
9.43 	 2.467465 
9.44 	 2.467465 
9.45 	 2.467465 
9.46 	 2.467465 
9.47 	 2.467465 
9.48 	 2.467465 
9.49 	 2.467465 
9.50 	 2.467465 
9.51 	 2.467465 
9.52 	 2.467465 
9.53 	 2.467465 
9.54 	 2.467465 
9.55 	 2.467465 
9.56 	 2.467465 
9.57 	 2.467465 
9.58 	 2.467465 
9.59 	 2.467465 
9.60 	 2.467465 
9.61 	 2.467465 
9.62 	 2.467465 
9.63 	 2.467465 
9.64 	 2.467465 
9.65 	 2.467465 
9.66 	 2.467465 
9.67 	 2.467465 
9.68 	 2.467465 
9.69 	 2.467465 
9.70 	 2.467465 
9.71 	 2.467465 
9.72 	 2.467464 
9.73 	 2.467464 
9.74 	 2.467464 
9.75 	 2.467464 
9.76 	 2.467464 
9.77 	 2.467464 
9.78 	 2.467464 
9.79 	 2.467464 
9.80 	 2.467464 
9.81 	 2.467464 
9.82 	 2.467464 
9.83 	 2.467464 
9.84 	 2.467464 
9.85 	 2.467464 
9.86 	 2.467464 
9.87 	 2.467464 
9.88 	 2.467464 
9.89 	 2.467464 
9.90 	 2.467464 
9.91 	 2.467464 
9.92 	 2.467464 
9.93 	 2.467464 
9.94 	 2.467464 
9.95 	 2.467464 
9.96 	 2.467464 
9.97 	 2.467464 
9.98 	 2.467464 
9.99 	 2.467464 
10.00 	 2.467464 
10.01 	 2.467464 
10.02 	 2.467464 
10.03 	 2.467464 
10.04 	 2.467464 
10.05 	 2.467464 
10.06 	 2.467464 
10.07 	 2.467464 
10.08 	 2.467464 
10.09 	 2.467464 
10.10 	 2.467464 
10.11 	 2.467464 
10.12 	 2.467464 
10.13 	 2.467464 
10.14 	 2.467464 
10.15 	 2.467464 
10.16 	 2.467464 
10.17 	 2.467464 
10.18 	 2.467464 
10.19 	 2.467464 
10.20 	 2.467464 
10.21 	 2.467464 
10.22 	 2.467464 
10.23 	 2.467464 
10.24 	 2.467464 
10.25 	 2.467464 
10.26 	 2.467464 
10.27 	 2.467464 
10.28 	 2.467463 
10.29 	 2.467463 
10.30 	 2.467463 
10.31 	 2.467463 
10.32 	 2.467463 
10.33 	 2.467463 
10.34 	 2.467463 
10.35 	 2.467463 
10.36 	 2.467463 
10.37 	 2.467463 
10.38 	 2.467463 
10.39 	 2.467463 
10.40 	 2.467463 
10.41 	 2.467463 
10.42 	 2.467463 
10.43 	 2.467463 
10.44 	 2.467463 
10.45 	 2.467463 
10.46 	 2.467463 
10.47 	 2.467463 
10.48 	 2.467463 
10.49 	 2.467463 
10.50 	 2.467463 
10.51 	 2.467463 
10.52 	 2.467463 
10.53 	 2.467463 
10.54 	 2.467463 
10.55 	 2.467463 
10.56 	 2.467463 
10.57 	 2.467463 
10.58 	 2.467463 
10.59 	 2.467463 
10.60 	 2.467463 
10.61 	 2.467463 
10.62 	 2.467463 
10.63 	 2.467463 
10.64 	 2.467463 
10.65 	 2.467463 
10.66 	 2.467463 
10.67 	 2.467463 
10.68 	 2.467463 
10.69 	 2.467463 
10.70 	 2.467463 
10.71 	 2.467463 
10.72 	 2.467463 
10.73 	 2.467463 
10.74 	 2.467463 
10.75 	 2.467463 
10.76 	 2.467463 
10.77 	 2.467463 
10.78 	 2.467463 
10.79 	 2.467463 
10.80 	 2.467463 
10.81 	 2.467463 
10.82 	 2.467463 
10.83 	 2.467463 
10.84 	 2.467463 
10.85 	 2.467463 
10.86 	 2.467463 
10.87 	 2.467463 
10.88 	 2.467463 
10.89 	 2.467463 
10.90 	 2.467463 
10.91 	 2.467463 
10.92 	 2.467463 
10.93 	 2.467463 
10.94 	 2.467463 
10.95 	 2.467463 
10.96 	 2.467463 
10.97 	 2.467463 
10.98 	 2.467463 
10.99 	 2.467463 
11.00 	 2.467463 
11.01 	 2.467463 
11.02 	 2.467463 
11.03 	 2.467463 
11.04 	 2.467463 
11.05 	 2.467463 
11.06 	 2.467463 
11.07 	 2.467463 
11.08 	 2.467463 
11.09 	 2.467463 
11.10 	 2.467463 
11.11 	 2.467463 
11.12 	 2.467463 
11.13 	 2.467463 
11.14 	 2.467463 
11.15 	 2.467463 
11.16 	 2.467463 
11.17 	 2.467463 
11.18 	 2.467463 
11.19 	 2.467463 
11.20 	 2.467463 
11.21 	 2.467463 
11.22 	 2.467463 
11.23 	 2.467463 
11.24 	 2.467463 
11.25 	 2.467463 
11.26 	 2.467463 
11.27 	 2.467463 
11.28 	 2.467463 
11.29 	 2.467463 
11.30 	 2.467463 
11.31 	 2.467463 
11.32 	 2.467463 
11.33 	 2.467463 
11.34 	 2.467463 
11.35 	 2.467463 
11.36 	 2.467463 
11.37 	 2.467463 
11.38 	 2.467463 
11.39 	 2.467463 
11.40 	 2.467463 
11.41 	 2.467463 
11.42 	 2.467463 
11.43 	 2.467463 
11.44 	 2.467463 
11.45 	 2.467463 
11.46 	 2.467463 
11.47 	 2.467463 
11.48 	 2.467463 
11.49 	 2.467463 
11.50 	 2.467463 
11.51 	 2.467463 
11.52 	 2.467463 
11.53 	 2.467463 
11.54 	 2.467463 
11.55 	 2.467463 
11.56 	 2.467463 
11.57 	 2.467463 
11.58 	 2.467463 
11.59 	 2.467463 
11.60 	 2.467463 
11.61 	 2.467463 
11.62 	 2.467463 
11.63 	 2.467463 
11.64 	 2.467462 
11.65 	 2.467462 
11.66 	 2.467462 
11.67 	 2.467462 
11.68 	 2.467462 
11.69 	 2.467462 
11.70 	 2.467462 
11.71 	 2.467462 
11.72 	 2.467462 
11.73 	 2.467462 
11.74 	 2.467462 
11.75 	 2.467462 
11.76 	 2.467462 
11.77 	 2.467462 
11.78 	 2.467462 
11.79 	 2.467462 
11.80 	 2.467462 
11.81 	 2.467462 
11.82 	 2.467462 
11.83 	 2.467462 
11.84 	 2.467462 
11.85 	 2.467462 
11.86 	 2.467462 
11.87 	 2.467462 
11.88 	 2.467462 
11.89 	 2.467462 
11.90 	 2.467462 
11.91 	 2.467462 
11.92 	 2.467462 
11.93 	 2.467462 
11.94 	 2.467462 
11.95 	 2.467462 
11.96 	 2.467462 
11.97 	 2.467462 
11.98 	 2.467462 
11.99 	 2.467462 
12.00 	 2.467462 
12.01 	 2.467462 
12.02 	 2.467462 
12.03 	 2.467462 
12.04 	 2.467462 
12.05 	 2.467462 
12.06 	 2.467462 
12.07 	 2.467462 
12.08 	 2.467462 
12.09 	 2.467462 
12.10 	 2.467462 
12.11 	 2.467462 
12.12 	 2.467462 
12.13 	 2.467462 
12.14 	 2.467462 
12.15 	 2.467462 
12.16 	 2.467462 
12.17 	 2.467462 
12.18 	 2.467462 
12.19 	 2.467462 
12.20 	 2.467462 
12.21 	 2.467462 
12.22 	 2.467462 
12.23 	 2.467462 
12.24 	 2.467462 
12.25 	 2.467462 
12.26 	 2.467462 
12.27 	 2.467462 
12.28 	 2.467462 
12.29 	 2.467462 
12.30 	 2.467462 
12.31 	 2.467462 
12.32 	 2.467462 
12.33 	 2.467462 
12.34 	 2.467462 
12.35 	 2.467462 
12.36 	 2.467462 
12.37 	 2.467462 
12.38 	 2.467462 
12.39 	 2.467462 
12.40 	 2.467462 
12.41 	 2.467462 
12.42 	 2.467462 
12.43 	 2.467462 
12.44 	 2.467462 
12.45 	 2.467462 
12.46 	 2.467462 
12.47 	 2.467462 
12.48 	 2.467462 
12.49 	 2.467462 
12.50 	 2.467462 
12.51 	 2.467462 
12.52 	 2.467462 
12.53 	 2.467462 
12.54 	 2.467462 
12.55 	 2.467462 
12.56 	 2.467462 
12.57 	 2.467462 
12.58 	 2.467462 
12.59 	 2.467462 
12.60 	 2.467462 
12.61 	 2.467462 
12.62 	 2.467462 
12.63 	 2.467462 
12.64 	 2.467462 
12.65 	 2.467462 
12.66 	 2.467462 
12.67 	 2.467462 
12.68 	 2.467462 
12.69 	 2.467462 
12.70 	 2.467462 
12.71 	 2.467462 
12.72 	 2.467462 
12.73 	 2.467462 
12.74 	 2.467462 
12.75 	 2.467462 
12.76 	 2.467462 
12.77 	 2.467462 
12.78 	 2.467462 
12.79 	 2.467462 
12.80 	 2.467462 
12.81 	 2.467462 
12.82 	 2.467462 
12.83 	 2.467462 
12.84 	 2.467462 
12.85 	 2.467462 
12.86 	 2.467462 
12.87 	 2.467462 
12.88 	 2.467462 
12.89 	 2.467462 
12.90 	 2.467462 
12.91 	 2.467462 
12.92 	 2.467462 
12.93 	 2.467462 
12.94 	 2.467462 
12.95 	 2.467462 
12.96 	 2.467462 
12.97 	 2.467462 
12.98 	 2.467462 
12.99 	 2.467462 
13.00 	 2.467462 
13.01 	 2.467462 
13.02 	 2.467462 
13.03 	 2.467462 
13.04 	 2.467462 
13.05 	 2.467462 
13.06 	 2.467462 
13.07 	 2.467462 
13.08 	 2.467462 
13.09 	 2.467462 
13.10 	 2.467462 
13.11 	 2.467462 
13.12 	 2.467462 
13.13 	 2.467462 
13.14 	 2.467462 
13.15 	 2.467462 
13.16 	 2.467462 
13.17 	 2.467462 
13.18 	 2.467462 
13.19 	 2.467462 
13.20 	 2.467462 
13.21 	 2.467462 
13.22 	 2.467462 
13.23 	 2.467462 
13.24 	 2.467462 
13.25 	 2.467462 
13.26 	 2.467462 
13.27 	 2.467462 
13.28 	 2.467462 
13.29 	 2.467462 
13.30 	 2.467462 
13.31 	 2.467462 
13.32 	 2.467462 
13.33 	 2.467462 
13.34 	 2.467462 
13.35 	 2.467462 
13.36 	 2.467462 
13.37 	 2.467462 
13.38 	 2.467462 
13.39 	 2.467462 
13.40 	 2.467462 
13.41 	 2.467462 
13.42 	 2.467462 
13.43 	 2.467462 
13.44 	 2.467462 
13.45 	 2.467462 
13.46 	 2.467462 
13.47 	 2.467462 
13.48 	 2.467462 
13.49 	 2.467462 
13.50 	 2.467462 
13.51 	 2.467462 
13.52 	 2.467462 
13.53 	 2.467462 
13.54 	 2.467462 
13.55 	 2.467462 
13.56 	 2.467462 
13.57 	 2.467462 
13.58 	 2.467462 
13.59 	 2.467462 
13.60 	 2.467462 
13.61 	 2.467462 
13.62 	 2.467462 
13.63 	 2.467462 
13.64 	 2.467462 
13.65 	 2.467462 
13.66 	 2.467462 
13.67 	 2.467462 
13.68 	 2.467462 
13.69 	 2.467462 
13.70 	 2.467462 
13.71 	 2.467462 
13.72 	 2.467462 
13.73 	 2.467462 
13.74 	 2.467462 
13.75 	 2.467462 
13.76 	 2.467462 
13.77 	 2.467462 
13.78 	 2.467462 
13.79 	 2.467462 
13.80 	 2.467462 
13.81 	 2.467462 
13.82 	 2.467462 
13.83 	 2.467462 
13.84 	 2.467462 
13.85 	 2.467462 
13.86 	 2.467462 
13.87 	 2.467462 
13.88 	 2.467462 
13.89 	 2.467462 
13.90 	 2.467462 
13.91 	 2.467462 
13.92 	 2.467462 
13.93 	 2.467462 
13.94 	 2.467462 
13.95 	 2.467462 
13.96 	 2.467462 
13.97 	 2.467462 
13.98 	 2.467462 
13.99 	 2.467462 
14.00 	 2.467462 
14.01 	 2.467462 
14.02 	 2.467462 
14.03 	 2.467462 
14.04 	 2.467462 
14.05 	 2.467462 
14.06 	 2.467462 
14.07 	 2.467462 
14.08 	 2.467462 
14.09 	 2.467462 
14.10 	 2.467462 
14.11 	 2.467462 
14.12 	 2.467462 
14.13 	 2.467462 
14.14 	 2.467462 
14.15 	 2.467462 
14.16 	 2.467462 
14.17 	 2.467462 
14.18 	 2.467462 
14.19 	 2.467462 
14.20 	 2.467462 
14.21 	 2.467462 
14.22 	 2.467462 
14.23 	 2.467462 
14.24 	 2.467462 
14.25 	 2.467462 
14.26 	 2.467462 
14.27 	 2.467462 
14.28 	 2.467462 
14.29 	 2.467462 
14.30 	 2.467462 
14.31 	 2.467462 
14.32 	 2.467462 
14.33 	 2.467462 
14.34 	 2.467462 
14.35 	 2.467462 
14.36 	 2.467462 
14.37 	 2.467462 
14.38 	 2.467462 
14.39 	 2.467462 
14.40 	 2.467462 
14.41 	 2.467462 
14.42 	 2.467462 
14.43 	 2.467462 
14.44 	 2.467462 
14.45 	 2.467462 
14.46 	 2.467462 
14.47 	 2.467462 
14.48 	 2.467462 
14.49 	 2.467462 
14.50 	 2.467462 
14.51 	 2.467462 
14.52 	 2.467462 
14.53 	 2.467462 
14.54 	 2.467462 
14.55 	 2.467462 
14.56 	 2.467462 
14.57 	 2.467462 
14.58 	 2.467462 
14.59 	 2.467462 
14.60 	 2.467462 
14.61 	 2.467462 
14.62 	 2.467462 
14.63 	 2.467462 
14.64 	 2.467462 
14.65 	 2.467462 
14.66 	 2.467462 
14.67 	 2.467462 
14.68 	 2.467462 
14.69 	 2.467462 
14.70 	 2.467462 
14.71 	 2.467462 
14.72 	 2.467462 
14.73 	 2.467462 
14.74 	 2.467462 
14.75 	 2.467462 
14.76 	 2.467462 
14.77 	 2.467462 
14.78 	 2.467462 
14.79 	 2.467462 
14.80 	 2.467462 
14.81 	 2.467462 
14.82 	 2.467462 
14.83 	 2.467462 
14.84 	 2.467462 
14.85 	 2.467462 
14.86 	 2.467462 
14.87 	 2.467462 
14.88 	 2.467462 
14.89 	 2.467462 
14.90 	 2.467462 
14.91 	 2.467462 
14.92 	 2.467462 
14.93 	 2.467462 
14.94 	 2.467462 
14.95 	 2.467462 
14.96 	 2.467462 
14.97 	 2.467462 
14.98 	 2.467462 
14.99 	 2.467462 
15.00 	 2.467462 
15.01 	 2.467462 
15.02 	 2.467462 
15.03 	 2.467462 
15.04 	 2.467462 
15.05 	 2.467462 
15.06 	 2.467462 
15.07 	 2.467462 
15.08 	 2.467462 
15.09 	 2.467462 
15.10 	 2.467462 
15.11 	 2.467462 
15.12 	 2.467462 
15.13 	 2.467462 
15.14 	 2.467462 
15.15 	 2.467462 
15.16 	 2.467462 
15.17 	 2.467462 
15.18 	 2.467462 
15.19 	 2.467462 
15.20 	 2.467462 
15.21 	 2.467462 
15.22 	 2.467462 
15.23 	 2.467462 
15.24 	 2.467462 
15.25 	 2.467462 
15.26 	 2.467462 
15.27 	 2.467462 
15.28 	 2.467462 
15.29 	 2.467462 
15.30 	 2.467462 
15.31 	 2.467462 
15.32 	 2.467462 
15.33 	 2.467462 
15.34 	 2.467462 
15.35 	 2.467462 
15.36 	 2.467462 
15.37 	 2.467462 
15.38 	 2.467462 
15.39 	 2.467462 
15.40 	 2.467462 
15.41 	 2.467462 
15.42 	 2.467462 
15.43 	 2.467462 
15.44 	 2.467462 
15.45 	 2.467462 
15.46 	 2.467462 
15.47 	 2.467462 
15.48 	 2.467462 
15.49 	 2.467462 
15.50 	 2.467462 
15.51 	 2.467462 
15.52 	 2.467462 
15.53 	 2.467462 
15.54 	 2.467462 
15.55 	 2.467462 
15.56 	 2.467462 
15.57 	 2.467462 
15.58 	 2.467462 
15.59 	 2.467462 
15.60 	 2.467462 
15.61 	 2.467462 
15.62 	 2.467462 
15.63 	 2.467462 
15.64 	 2.467462 
15.65 	 2.467462 
15.66 	 2.467462 
15.67 	 2.467462 
15.68 	 2.467462 
15.69 	 2.467462 
15.70 	 2.467462 
15.71 	 2.467462 
15.72 	 2.467462 
15.73 	 2.467462 
15.74 	 2.467462 
15.75 	 2.467462 
15.76 	 2.467462 
15.77 	 2.467462 
15.78 	 2.467462 
15.79 	 2.467462 
15.80 	 2.467462 
15.81 	 2.467462 
15.82 	 2.467462 
15.83 	 2.467462 
15.84 	 2.467462 
15.85 	 2.467462 
15.86 	 2.467462 
15.87 	 2.467462 
15.88 	 2.467462 
15.89 	 2.467462 
15.90 	 2.467462 
15.91 	 2.467462 
15.92 	 2.467462 
15.93 	 2.467462 
15.94 	 2.467462 
15.95 	 2.467462 
15.96 	 2.467462 
15.97 	 2.467462 
15.98 	 2.467462 
15.99 	 2.467462 
16.00 	 2.467462 
16.01 	 2.467462 
16.02 	 2.467462 
16.03 	 2.467462 
16.04 	 2.467462 
16.05 	 2.467462 
16.06 	 2.467462 
16.07 	 2.467462 
16.08 	 2.467462 
16.09 	 2.467462 
16.10 	 2.467462 
16.11 	 2.467462 
16.12 	 2.467462 
16.13 	 2.467462 
16.14 	 2.467462 
16.15 	 2.467462 
16.16 	 2.467462 
16.17 	 2.467462 
16.18 	 2.467462 
16.19 	 2.467462 
16.20 	 2.467462 
16.21 	 2.467462 
16.22 	 2.467462 
16.23 	 2.467462 
16.24 	 2.467462 
16.25 	 2.467462 
16.26 	 2.467462 
16.27 	 2.467462 
16.28 	 2.467462 
16.29 	 2.467462 
16.30 	 2.467462 
16.31 	 2.467462 
16.32 	 2.467462 
16.33 	 2.467462 
16.34 	 2.467462 
16.35 	 2.467462 
16.36 	 2.467462 
16.37 	 2.467462 
16.38 	 2.467462 
16.39 	 2.467462 
16.40 	 2.467462 
16.41 	 2.467462 
16.42 	 2.467462 
16.43 	 2.467462 
16.44 	 2.467462 
16.45 	 2.467462 
16.46 	 2.467462 
16.47 	 2.467462 
16.48 	 2.467462 
16.49 	 2.467462 
16.50 	 2.467462 
16.51 	 2.467462 
16.52 	 2.467462 
16.53 	 2.467462 
16.54 	 2.467462 
16.55 	 2.467462 
16.56 	 2.467462 
16.57 	 2.467462 
16.58 	 2.467462 
16.59 	 2.467462 
16.60 	 2.467462 
16.61 	 2.467462 
16.62 	 2.467462 
16.63 	 2.467462 
16.64 	 2.467462 
16.65 	 2.467462 
16.66 	 2.467462 
16.67 	 2.467462 
16.68 	 2.467462 
16.69 	 2.467462 
16.70 	 2.467462 
16.71 	 2.467462 
16.72 	 2.467462 
16.73 	 2.467462 
16.74 	 2.467462 
16.75 	 2.467462 
16.76 	 2.467462 
16.77 	 2.467462 
16.78 	 2.467462 
16.79 	 2.467462 
16.80 	 2.467462 
16.81 	 2.467462 
16.82 	 2.467462 
16.83 	 2.467462 
16.84 	 2.467462 
16.85 	 2.467462 
16.86 	 2.467462 
16.87 	 2.467462 
16.88 	 2.467462 
16.89 	 2.467462 
16.90 	 2.467462 
16.91 	 2.467462 
16.92 	 2.467462 
16.93 	 2.467462 
16.94 	 2.467462 
16.95 	 2.467462 
16.96 	 2.467462 
16.97 	 2.467462 
16.98 	 2.467462 
16.99 	 2.467462 
17.00 	 2.467462 
17.01 	 2.467462 
17.02 	 2.467462 
17.03 	 2.467462 
17.04 	 2.467462 
17.05 	 2.467462 
17.06 	 2.467462 
17.07 	 2.467462 
17.08 	 2.467462 
17.09 	 2.467462 
17.10 	 2.467462 
17.11 	 2.467462 
17.12 	 2.467462 
17.13 	 2.467462 
17.14 	 2.467462 
17.15 	 2.467462 
17.16 	 2.467462 
17.17 	 2.467462 
17.18 	 2.467462 
17.19 	 2.467462 
17.20 	 2.467462 
17.21 	 2.467462 
17.22 	 2.467462 
17.23 	 2.467462 
17.24 	 2.467462 
17.25 	 2.467462 
17.26 	 2.467462 
17.27 	 2.467462 
17.28 	 2.467462 
17.29 	 2.467462 
17.30 	 2.467462 
17.31 	 2.467462 
17.32 	 2.467462 
17.33 	 2.467462 
17.34 	 2.467462 
17.35 	 2.467462 
17.36 	 2.467462 
17.37 	 2.467462 
17.38 	 2.467462 
17.39 	 2.467462 
17.40 	 2.467462 
17.41 	 2.467462 
17.42 	 2.467462 
17.43 	 2.467462 
17.44 	 2.467462 
17.45 	 2.467462 
17.46 	 2.467462 
17.47 	 2.467462 
17.48 	 2.467462 
17.49 	 2.467462 
17.50 	 2.467462 
17.51 	 2.467462 
17.52 	 2.467462 
17.53 	 2.467462 
17.54 	 2.467462 
17.55 	 2.467462 
17.56 	 2.467462 
17.57 	 2.467462 
17.58 	 2.467462 
17.59 	 2.467462 
17.60 	 2.467462 
17.61 	 2.467462 
17.62 	 2.467462 
17.63 	 2.467462 
17.64 	 2.467462 
17.65 	 2.467462 
17.66 	 2.467462 
17.67 	 2.467462 
17.68 	 2.467462 
17.69 	 2.467462 
17.70 	 2.467462 
17.71 	 2.467462 
17.72 	 2.467462 
17.73 	 2.467462 
17.74 	 2.467462 
17.75 	 2.467462 
17.76 	 2.467462 
17.77 	 2.467462 
17.78 	 2.467462 
17.79 	 2.467462 
17.80 	 2.467462 
17.81 	 2.467462 
17.82 	 2.467462 
17.83 	 2.467462 
17.84 	 2.467462 
17.85 	 2.467462 
17.86 	 2.467462 
17.87 	 2.467462 
17.88 	 2.467462 
17.89 	 2.467462 
17.90 	 2.467462 
17.91 	 2.467462 
17.92 	 2.467462 
17.93 	 2.467462 
17.94 	 2.467462 
17.95 	 2.467462 
17.96 	 2.467462 
17.97 	 2.467462 
17.98 	 2.467462 
17.99 	 2.467462 
18.00 	 2.467462 
18.01 	 2.467462 
18.02 	 2.467462 
18.03 	 2.467462 
18.04 	 2.467462 
18.05 	 2.467462 
18.06 	 2.467462 
18.07 	 2.467462 
18.08 	 2.467462 
18.09 	 2.467462 
18.10 	 2.467462 
18.11 	 2.467462 
18.12 	 2.467462 
18.13 	 2.467462 
18.14 	 2.467462 
18.15 	 2.467462 
18.16 	 2.467462 
18.17 	 2.467462 
18.18 	 2.467462 
18.19 	 2.467462 
18.20 	 2.467462 
18.21 	 2.467462 
18.22 	 2.467462 
18.23 	 2.467462 
18.24 	 2.467462 
18.25 	 2.467462 
18.26 	 2.467462 
18.27 	 2.467462 
18.28 	 2.467462 
18.29 	 2.467462 
18.30 	 2.467462 
18.31 	 2.467462 
18.32 	 2.467462 
18.33 	 2.467462 
18.34 	 2.467462 
18.35 	 2.467462 
18.36 	 2.467462 
18.37 	 2.467462 
18.38 	 2.467462 
18.39 	 2.467462 
18.40 	 2.467462 
18.41 	 2.467462 
18.42 	 2.467462 
18.43 	 2.467462 
18.44 	 2.467462 
18.45 	 2.467462 
18.46 	 2.467462 
18.47 	 2.467462 
18.48 	 2.467462 
18.49 	 2.467462 
18.50 	 2.467462 
18.51 	 2.467462 
18.52 	 2.467462 
18.53 	 2.467462 
18.54 	 2.467462 
18.55 	 2.467462 
18.56 	 2.467462 
18.57 	 2.467462 
18.58 	 2.467462 
18.59 	 2.467462 
18.60 	 2.467462 
18.61 	 2.467462 
18.62 	 2.467462 
18.63 	 2.467462 
18.64 	 2.467462 
18.65 	 2.467462 
18.66 	 2.467462 
18.67 	 2.467462 
18.68 	 2.467462 
18.69 	 2.467462 
18.70 	 2.467462 
18.71 	 2.467462 
18.72 	 2.467462 
18.73 	 2.467462 
18.74 	 2.467462 
18.75 	 2.467462 
18.76 	 2.467462 
18.77 	 2.467462 
18.78 	 2.467462 
18.79 	 2.467462 
18.80 	 2.467462 
18.81 	 2.467462 
18.82 	 2.467462 
18.83 	 2.467462 
18.84 	 2.467462 
18.85 	 2.467462 
18.86 	 2.467462 
18.87 	 2.467462 
18.88 	 2.467462 
18.89 	 2.467462 
18.90 	 2.467462 
18.91 	 2.467462 
18.92 	 2.467462 
18.93 	 2.467462 
18.94 	 2.467462 
18.95 	 2.467462 
18.96 	 2.467462 
18.97 	 2.467462 
18.98 	 2.467462 
18.99 	 2.467462 
19.00 	 2.467462 
19.01 	 2.467462 
19.02 	 2.467462 
19.03 	 2.467462 
19.04 	 2.467462 
19.05 	 2.467462 
19.06 	 2.467462 
19.07 	 2.467462 
19.08 	 2.467462 
19.09 	 2.467462 
19.10 	 2.467462 
19.11 	 2.467462 
19.12 	 2.467462 
19.13 	 2.467462 
19.14 	 2.467462 
19.15 	 2.467462 
19.16 	 2.467462 
19.17 	 2.467462 
19.18 	 2.467462 
19.19 	 2.467462 
19.20 	 2.467462 
19.21 	 2.467462 
19.22 	 2.467462 
19.23 	 2.467462 
19.24 	 2.467462 
19.25 	 2.467462 
19.26 	 2.467462 
19.27 	 2.467462 
19.28 	 2.467462 
19.29 	 2.467462 
19.30 	 2.467462 
19.31 	 2.467462 
19.32 	 2.467462 
19.33 	 2.467462 
19.34 	 2.467462 
19.35 	 2.467462 
19.36 	 2.467462 
19.37 	 2.467462 
19.38 	 2.467462 
19.39 	 2.467462 
19.40 	 2.467462 
19.41 	 2.467462 
19.42 	 2.467462 
19.43 	 2.467462 
19.44 	 2.467462 
19.45 	 2.467462 
19.46 	 2.467462 
19.47 	 2.467462 
19.48 	 2.467462 
19.49 	 2.467462 
19.50 	 2.467462 
19.51 	 2.467462 
19.52 	 2.467462 
19.53 	 2.467462 
19.54 	 2.467462 
19.55 	 2.467462 
19.56 	 2.467462 
19.57 	 2.467462 
19.58 	 2.467462 
19.59 	 2.467462 
19.60 	 2.467462 
19.61 	 2.467462 
19.62 	 2.467462 
19.63 	 2.467462 
19.64 	 2.467462 
19.65 	 2.467462 
19.66 	 2.467462 
19.67 	 2.467462 
19.68 	 2.467462 
19.69 	 2.467462 
19.70 	 2.467462 
19.71 	 2.467462 
19.72 	 2.467462 
19.73 	 2.467462 
19.74 	 2.467462 
19.75 	 2.467462 
19.76 	 2.467462 
19.77 	 2.467462 
19.78 	 2.467462 
19.79 	 2.467462 
19.80 	 2.467462 
19.81 	 2.467462 
19.82 	 2.467462 
19.83 	 2.467462 
19.84 	 2.467462 
19.85 	 2.467462 
19.86 	 2.467462 
19.87 	 2.467462 
19.88 	 2.467462 
19.89 	 2.467462 
19.90 	 2.467462 
19.91 	 2.467462 
19.92 	 2.467462 
19.93 	 2.467462 
19.94 	 2.467462 
19.95 	 2.467462 
19.96 	 2.467462 
19.97 	 2.467462 
19.98 	 2.467462 
19.99 	 2.467462 
20.00 	 2.467462 
20.01 	 2.467462 
20.02 	 2.467462 
20.03 	 2.467462 
20.04 	 2.467462 
20.05 	 2.467462 
20.06 	 2.467462 
20.07 	 2.467462 
20.08 	 2.467462 
20.09 	 2.467462 
20.10 	 2.467462 
20.11 	 2.467462 
20.12 	 2.467462 
20.13 	 2.467462 
20.14 	 2.467462 
20.15 	 2.467462 
20.16 	 2.467462 
20.17 	 2.467462 
20.18 	 2.467462 
20.19 	 2.467462 
20.20 	 2.467462 
20.21 	 2.467462 
20.22 	 2.467462 
20.23 	 2.467462 
20.24 	 2.467462 
20.25 	 2.467462 
20.26 	 2.467462 
20.27 	 2.467462 
20.28 	 2.467462 
20.29 	 2.467462 
20.30 	 2.467462 
20.31 	 2.467462 
20.32 	 2.467462 
20.33 	 2.467462 
20.34 	 2.467462 
20.35 	 2.467462 
20.36 	 2.467462 
20.37 	 2.467462 
20.38 	 2.467462 
20.39 	 2.467462 
20.40 	 2.467462 
20.41 	 2.467462 
20.42 	 2.467462 
20.43 	 2.467462 
20.44 	 2.467462 
20.45 	 2.467462 
20.46 	 2.467462 
20.47 	 2.467462 
20.48 	 2.467462 
20.49 	 2.467462 
20.50 	 2.467462 
20.51 	 2.467462 
20.52 	 2.467462 
20.53 	 2.467462 
20.54 	 2.467462 
20.55 	 2.467462 
20.56 	 2.467462 
20.57 	 2.467462 
20.58 	 2.467462 
20.59 	 2.467462 
20.60 	 2.467462 
20.61 	 2.467462 
20.62 	 2.467462 
20.63 	 2.467462 
20.64 	 2.467462 
20.65 	 2.467462 
20.66 	 2.467462 
20.67 	 2.467462 
20.68 	 2.467462 
20.69 	 2.467462 
20.70 	 2.467462 
20.71 	 2.467462 
20.72 	 2.467462 
20.73 	 2.467462 
20.74 	 2.467462 
20.75 	 2.467462 
20.76 	 2.467462 
20.77 	 2.467462 
20.78 	 2.467462 
20.79 	 2.467462 
20.80 	 2.467462 
20.81 	 2.467462 
20.82 	 2.467462 
20.83 	 2.467462 
20.84 	 2.467462 
20.85 	 2.467462 
20.86 	 2.467462 
20.87 	 2.467462 
20.88 	 2.467462 
20.89 	 2.467462 
20.90 	 2.467462 
20.91 	 2.467462 
20.92 	 2.467462 
20.93 	 2.467462 
20.94 	 2.467462 
20.95 	 2.467462 
20.96 	 2.467462 
20.97 	 2.467462 
20.98 	 2.467462 
20.99 	 2.467462 
21.00 	 2.467462 
21.01 	 2.467462 
21.02 	 2.467462 
21.03 	 2.467462 
21.04 	 2.467462 
21.05 	 2.467462 
21.06 	 2.467462 
21.07 	 2.467462 
21.08 	 2.467462 
21.09 	 2.467462 
21.10 	 2.467462 
21.11 	 2.467462 
21.12 	 2.467462 
21.13 	 2.467462 
21.14 	 2.467462 
21.15 	 2.467462 
21.16 	 2.467462 
21.17 	 2.467462 
21.18 	 2.467462 
21.19 	 2.467462 
21.20 	 2.467462 
21.21 	 2.467462 
21.22 	 2.467462 
21.23 	 2.467462 
21.24 	 2.467462 
21.25 	 2.467462 
21.26 	 2.467462 
21.27 	 2.467462 
21.28 	 2.467462 
21.29 	 2.467462 
21.30 	 2.467462 
21.31 	 2.467462 
21.32 	 2.467462 
21.33 	 2.467462 
21.34 	 2.467462 
21.35 	 2.467462 
21.36 	 2.467462 
21.37 	 2.467462 
21.38 	 2.467462 
21.39 	 2.467462 
21.40 	 2.467462 
21.41 	 2.467462 
21.42 	 2.467462 
21.43 	 2.467462 
21.44 	 2.467462 
21.45 	 2.467462 
21.46 	 2.467462 
21.47 	 2.467462 
21.48 	 2.467462 
21.49 	 2.467462 
21.50 	 2.467462 
21.51 	 2.467462 
21.52 	 2.467462 
21.53 	 2.467462 
21.54 	 2.467462 
21.55 	 2.467462 
21.56 	 2.467462 
21.57 	 2.467462 
21.58 	 2.467462 
21.59 	 2.467462 
21.60 	 2.467462 
21.61 	 2.467462 
21.62 	 2.467462 
21.63 	 2.467462 
21.64 	 2.467462 
21.65 	 2.467462 
21.66 	 2.467462 
21.67 	 2.467462 
21.68 	 2.467462 
21.69 	 2.467462 
21.70 	 2.467462 
21.71 	 2.467462 
21.72 	 2.467462 
21.73 	 2.467462 
21.74 	 2.467462 
21.75 	 2.467462 
21.76 	 2.467462 
21.77 	 2.467462 
21.78 	 2.467462 
21.79 	 2.467462 
21.80 	 2.467462 
21.81 	 2.467462 
21.82 	 2.467462 
21.83 	 2.467462 
21.84 	 2.467462 
21.85 	 2.467462 
21.86 	 2.467462 
21.87 	 2.467462 
21.88 	 2.467462 
21.89 	 2.467462 
21.90 	 2.467462 
21.91 	 2.467462 
21.92 	 2.467462 
21.93 	 2.467462 
21.94 	 2.467462 
21.95 	 2.467462 
21.96 	 2.467462 
21.97 	 2.467462 
21.98 	 2.467462 
21.99 	 2.467462 
22.00 	 2.467462 
22.01 	 2.467462 
22.02 	 2.467462 
22.03 	 2.467462 
22.04 	 2.467462 
22.05 	 2.467462 
22.06 	 2.467462 
22.07 	 2.467462 
22.08 	 2.467462 
22.09 	 2.467462 
22.10 	 2.467462 
22.11 	 2.467462 
22.12 	 2.467462 
22.13 	 2.467462 
22.14 	 2.467462 
22.15 	 2.467462 
22.16 	 2.467462 
22.17 	 2.467462 
22.18 	 2.467462 
22.19 	 2.467462 
22.20 	 2.467462 
22.21 	 2.467462 
22.22 	 2.467462 
22.23 	 2.467462 
22.24 	 2.467462 
22.25 	 2.467462 
22.26 	 2.467462 
22.27 	 2.467462 
22.28 	 2.467462 
22.29 	 2.467462 
22.30 	 2.467462 
22.31 	 2.467462 
22.32 	 2.467462 
22.33 	 2.467462 
22.34 	 2.467462 
22.35 	 2.467462 
22.36 	 2.467462 
22.37 	 2.467462 
22.38 	 2.467462 
22.39 	 2.467462 
22.40 	 2.467462 
22.41 	 2.467462 
22.42 	 2.467462 
22.43 	 2.467462 
22.44 	 2.467462 
22.45 	 2.467462 
22.46 	 2.467462 
22.47 	 2.467462 
22.48 	 2.467462 
22.49 	 2.467462 
22.50 	 2.467462 
22.51 	 2.467462 
22.52 	 2.467462 
22.53 	 2.467462 
22.54 	 2.467462 
22.55 	 2.467462 
22.56 	 2.467462 
22.57 	 2.467462 
22.58 	 2.467462 
22.59 	 2.467462 
22.60 	 2.467462 
22.61 	 2.467462 
22.62 	 2.467462 
22.63 	 2.467462 
22.64 	 2.467462 
22.65 	 2.467462 
22.66 	 2.467462 
22.67 	 2.467462 
22.68 	 2.467462 
22.69 	 2.467462 
22.70 	 2.467462 
22.71 	 2.467462 
22.72 	 2.467462 
22.73 	 2.467462 
22.74 	 2.467462 
22.75 	 2.467462 
22.76 	 2.467462 
22.77 	 2.467462 
22.78 	 2.467462 
22.79 	 2.467462 
22.80 	 2.467462 
22.81 	 2.467462 
22.82 	 2.467462 
22.83 	 2.467462 
22.84 	 2.467462 
22.85 	 2.467462 
22.86 	 2.467462 
22.87 	 2.467462 
22.88 	 2.467462 
22.89 	 2.467462 
22.90 	 2.467462 
22.91 	 2.467462 
22.92 	 2.467462 
22.93 	 2.467462 
22.94 	 2.467462 
22.95 	 2.467462 
22.96 	 2.467462 
22.97 	 2.467462 
22.98 	 2.467462 
22.99 	 2.467462 
23.00 	 2.467462 
23.01 	 2.467462 
23.02 	 2.467462 
23.03 	 2.467462 
23.04 	 2.467462 
23.05 	 2.467462 
23.06 	 2.467462 
23.07 	 2.467462 
23.08 	 2.467462 
23.09 	 2.467462 
23.10 	 2.467462 
23.11 	 2.467462 
23.12 	 2.467462 
23.13 	 2.467462 
23.14 	 2.467462 
23.15 	 2.467462 
23.16 	 2.467462 
23.17 	 2.467462 
23.18 	 2.467462 
23.19 	 2.467462 
23.20 	 2.467462 
23.21 	 2.467462 
23.22 	 2.467462 
23.23 	 2.467462 
23.24 	 2.467462 
23.25 	 2.467462 
23.26 	 2.467462 
23.27 	 2.467462 
23.28 	 2.467462 
23.29 	 2.467462 
23.30 	 2.467462 
23.31 	 2.467462 
23.32 	 2.467462 
23.33 	 2.467462 
23.34 	 2.467462 
23.35 	 2.467462 
23.36 	 2.467462 
23.37 	 2.467462 
23.38 	 2.467462 
23.39 	 2.467462 
23.40 	 2.467462 
23.41 	 2.467462 
23.42 	 2.467462 
23.43 	 2.467462 
23.44 	 2.467462 
23.45 	 2.467462 
23.46 	 2.467462 
23.47 	 2.467462 
23.48 	 2.467462 
23.49 	 2.467462 
23.50 	 2.467462 
23.51 	 2.467462 
23.52 	 2.467462 
23.53 	 2.467462 
23.54 	 2.467462 
23.55 	 2.467462 
23.56 	 2.467462 
23.57 	 2.467462 
23.58 	 2.467462 
23.59 	 2.467462 
23.60 	 2.467462 
23.61 	 2.467462 
23.62 	 2.467462 
23.63 	 2.467462 
23.64 	 2.467462 
23.65 	 2.467462 
23.66 	 2.467462 
23.67 	 2.467462 
23.68 	 2.467462 
23.69 	 2.467462 
23.70 	 2.467462 
23.71 	 2.467462 
23.72 	 2.467462 
23.73 	 2.467462 
23.74 	 2.467462 
23.75 	 2.467462 
23.76 	 2.467462 
23.77 	 2.467462 
23.78 	 2.467462 
23.79 	 2.467462 
23.80 	 2.467462 
23.81 	 2.467462 
23.82 	 2.467462 
23.83 	 2.467462 
23.84 	 2.467462 
23.85 	 2.467462 
23.86 	 2.467462 
23.87 	 2.467462 
23.88 	 2.467462 
23.89 	 2.467462 
23.90 	 2.467462 
23.91 	 2.467462 
23.92 	 2.467462 
23.93 	 2.467462 
23.94 	 2.467462 
23.95 	 2.467462 
23.96 	 2.467462 
23.97 	 2.467462 
23.98 	 2.467462 
23.99 	 2.467462 
24.00 	 2.467462 
24.01 	 2.467462 
24.02 	 2.467462 
24.03 	 2.467462 
24.04 	 2.467462 
24.05 	 2.467462 
24.06 	 2.467462 
24.07 	 2.467462 
24.08 	 2.467462 
24.09 	 2.467462 
24.10 	 2.467462 
24.11 	 2.467462 
24.12 	 2.467462 
24.13 	 2.467462 
24.14 	 2.467462 
24.15 	 2.467462 
24.16 	 2.467462 
24.17 	 2.467462 
24.18 	 2.467462 
24.19 	 2.467462 
24.20 	 2.467462 
24.21 	 2.467462 
24.22 	 2.467462 
24.23 	 2.467462 
24.24 	 2.467462 
24.25 	 2.467462 
24.26 	 2.467462 
24.27 	 2.467462 
24.28 	 2.467462 
24.29 	 2.467462 
24.30 	 2.467462 
24.31 	 2.467462 
24.32 	 2.467462 
24.33 	 2.467462 
24.34 	 2.467462 
24.35 	 2.467462 
24.36 	 2.467462 
24.37 	 2.467462 
24.38 	 2.467462 
24.39 	 2.467462 
24.40 	 2.467462 
24.41 	 2.467462 
24.42 	 2.467462 
24.43 	 2.467462 
24.44 	 2.467462 
24.45 	 2.467462 
24.46 	 2.467462 
24.47 	 2.467462 
24.48 	 2.467462 
24.49 	 2.467462 
24.50 	 2.467462 
24.51 	 2.467462 
24.52 	 2.467462 
24.53 	 2.467462 
24.54 	 2.467462 
24.55 	 2.467462 
24.56 	 2.467462 
24.57 	 2.467462 
24.58 	 2.467462 
24.59 	 2.467462 
24.60 	 2.467462 
24.61 	 2.467462 
24.62 	 2.467462 
24.63 	 2.467462 
24.64 	 2.467462 
24.65 	 2.467462 
24.66 	 2.467462 
24.67 	 2.467462 
24.68 	 2.467462 
24.69 	 2.467462 
24.70 	 2.467462 
24.71 	 2.467462 
24.72 	 2.467462 
24.73 	 2.467462 
24.74 	 2.467462 
24.75 	 2.467462 
24.76 	 2.467462 
24.77 	 2.467462 
24.78 	 2.467462 
24.79 	 2.467462 
24.80 	 2.467462 
24.81 	 2.467462 
24.82 	 2.467462 
24.83 	 2.467462 
24.84 	 2.467462 
24.85 	 2.467462 
24.86 	 2.467462 
24.87 	 2.467462 
24.88 	 2.467462 
24.89 	 2.467462 
24.90 	 2.467462 
24.91 	 2.467462 
24.92 	 2.467462 
24.93 	 2.467462 
24.94 	 2.467462 
24.95 	 2.467462 
24.96 	 2.467462 
24.97 	 2.467462 
24.98 	 2.467462 
24.99 	 2.467462 
25.00 	 2.467462 
25.01 	 2.467462 
25.02 	 2.467462 
25.03 	 2.467462 
25.04 	 2.467462 
25.05 	 2.467462 
25.06 	 2.467462 
25.07 	 2.467462 
25.08 	 2.467462 
25.09 	 2.467462 
25.10 	 2.467462 
25.11 	 2.467462 
25.12 	 2.467462 
25.13 	 2.467462 
25.14 	 2.467462 
25.15 	 2.467462 
25.16 	 2.467462 
25.17 	 2.467462 
25.18 	 2.467462 
25.19 	 2.467462 
25.20 	 2.467462 
25.21 	 2.467462 
25.22 	 2.467462 
25.23 	 2.467462 
25.24 	 2.467462 
25.25 	 2.467462 
25.26 	 2.467462 
25.27 	 2.467462 
25.28 	 2.467462 
25.29 	 2.467462 
25.30 	 2.467462 
25.31 	 2.467462 
25.32 	 2.467462 
25.33 	 2.467462 
25.34 	 2.467462 
25.35 	 2.467462 
25.36 	 2.467462 
25.37 	 2.467462 
25.38 	 2.467462 
25.39 	 2.467462 
25.40 	 2.467462 
25.41 	 2.467462 
25.42 	 2.467462 
25.43 	 2.467462 
25.44 	 2.467462 
25.45 	 2.467462 
25.46 	 2.467462 
25.47 	 2.467462 
25.48 	 2.467462 
25.49 	 2.467462 
25.50 	 2.467462 
25.51 	 2.467462 
25.52 	 2.467462 
25.53 	 2.467462 
25.54 	 2.467462 
25.55 	 2.467462 
25.56 	 2.467462 
25.57 	 2.467462 
25.58 	 2.467462 
25.59 	 2.467462 
25.60 	 2.467462 
25.61 	 2.467462 
25.62 	 2.467462 
25.63 	 2.467462 
25.64 	 2.467462 
25.65 	 2.467462 
25.66 	 2.467462 
25.67 	 2.467462 
25.68 	 2.467462 
25.69 	 2.467462 
25.70 	 2.467462 
25.71 	 2.467462 
25.72 	 2.467462 
25.73 	 2.467462 
25.74 	 2.467462 
25.75 	 2.467462 
25.76 	 2.467462 
25.77 	 2.467462 
25.78 	 2.467462 
25.79 	 2.467462 
25.80 	 2.467462 
25.81 	 2.467462 
25.82 	 2.467462 
25.83 	 2.467462 
25.84 	 2.467462 
25.85 	 2.467462 
25.86 	 2.467462 
25.87 	 2.467462 
25.88 	 2.467462 
25.89 	 2.467462 
25.90 	 2.467462 
25.91 	 2.467462 
25.92 	 2.467462 
25.93 	 2.467462 
25.94 	 2.467462 
25.95 	 2.467462 
25.96 	 2.467462 
25.97 	 2.467462 
25.98 	 2.467462 
25.99 	 2.467462 
26.00 	 2.467462 
26.01 	 2.467462 
26.02 	 2.467462 
26.03 	 2.467462 
26.04 	 2.467462 
26.05 	 2.467462 
26.06 	 2.467462 
26.07 	 2.467462 
26.08 	 2.467462 
26.09 	 2.467462 
26.10 	 2.467462 
26.11 	 2.467462 
26.12 	 2.467462 
26.13 	 2.467462 
26.14 	 2.467462 
26.15 	 2.467462 
26.16 	 2.467462 
26.17 	 2.467462 
26.18 	 2.467462 
26.19 	 2.467462 
26.20 	 2.467462 
26.21 	 2.467462 
26.22 	 2.467462 
26.23 	 2.467462 
26.24 	 2.467462 
26.25 	 2.467462 
26.26 	 2.467462 
26.27 	 2.467462 
26.28 	 2.467462 
26.29 	 2.467462 
26.30 	 2.467462 
26.31 	 2.467462 
26.32 	 2.467462 
26.33 	 2.467462 
26.34 	 2.467462 
26.35 	 2.467462 
26.36 	 2.467462 
26.37 	 2.467462 
26.38 	 2.467462 
26.39 	 2.467462 
26.40 	 2.467462 
26.41 	 2.467462 
26.42 	 2.467462 
26.43 	 2.467462 
26.44 	 2.467462 
26.45 	 2.467462 
26.46 	 2.467462 
26.47 	 2.467462 
26.48 	 2.467462 
26.49 	 2.467462 
26.50 	 2.467462 
26.51 	 2.467462 
26.52 	 2.467462 
26.53 	 2.467462 
26.54 	 2.467462 
26.55 	 2.467462 
26.56 	 2.467462 
26.57 	 2.467462 
26.58 	 2.467462 
26.59 	 2.467462 
26.60 	 2.467462 
26.61 	 2.467462 
26.62 	 2.467462 
26.63 	 2.467462 
26.64 	 2.467462 
26.65 	 2.467462 
26.66 	 2.467462 
26.67 	 2.467462 
26.68 	 2.467462 
26.69 	 2.467462 
26.70 	 2.467462 
26.71 	 2.467462 
26.72 	 2.467462 
26.73 	 2.467462 
26.74 	 2.467462 
26.75 	 2.467462 
26.76 	 2.467462 
26.77 	 2.467462 
26.78 	 2.467462 
26.79 	 2.467462 
26.80 	 2.467462 
26.81 	 2.467462 
26.82 	 2.467462 
26.83 	 2.467462 
26.84 	 2.467462 
26.85 	 2.467462 
26.86 	 2.467462 
26.87 	 2.467462 
26.88 	 2.467462 
26.89 	 2.467462 
26.90 	 2.467462 
26.91 	 2.467462 
26.92 	 2.467462 
26.93 	 2.467462 
26.94 	 2.467462 
26.95 	 2.467462 
26.96 	 2.467462 
26.97 	 2.467462 
26.98 	 2.467462 
26.99 	 2.467462 
27.00 	 2.467462 
27.01 	 2.467462 
27.02 	 2.467462 
27.03 	 2.467462 
27.04 	 2.467462 
27.05 	 2.467462 
27.06 	 2.467462 
27.07 	 2.467462 
27.08 	 2.467462 
27.09 	 2.467462 
27.10 	 2.467462 
27.11 	 2.467462 
27.12 	 2.467462 
27.13 	 2.467462 
27.14 	 2.467462 
27.15 	 2.467462 
27.16 	 2.467462 
27.17 	 2.467462 
27.18 	 2.467462 
27.19 	 2.467462 
27.20 	 2.467462 
27.21 	 2.467462 
27.22 	 2.467462 
27.23 	 2.467462 
27.24 	 2.467462 
27.25 	 2.467462 
27.26 	 2.467462 
27.27 	 2.467462 
27.28 	 2.467462 
27.29 	 2.467462 
27.30 	 2.467462 
27.31 	 2.467462 
27.32 	 2.467462 
27.33 	 2.467462 
27.34 	 2.467462 
27.35 	 2.467462 
27.36 	 2.467462 
27.37 	 2.467462 
27.38 	 2.467462 
27.39 	 2.467462 
27.40 	 2.467462 
27.41 	 2.467462 
27.42 	 2.467462 
27.43 	 2.467462 
27.44 	 2.467462 
27.45 	 2.467462 
27.46 	 2.467462 
27.47 	 2.467462 
27.48 	 2.467462 
27.49 	 2.467462 
27.50 	 2.467462 
27.51 	 2.467462 
27.52 	 2.467462 
27.53 	 2.467462 
27.54 	 2.467462 
27.55 	 2.467462 
27.56 	 2.467462 
27.57 	 2.467462 
27.58 	 2.467462 
27.59 	 2.467462 
27.60 	 2.467462 
27.61 	 2.467462 
27.62 	 2.467462 
27.63 	 2.467462 
27.64 	 2.467462 
27.65 	 2.467462 
27.66 	 2.467462 
27.67 	 2.467462 
27.68 	 2.467462 
27.69 	 2.467462 
27.70 	 2.467462 
27.71 	 2.467462 
27.72 	 2.467462 
27.73 	 2.467462 
27.74 	 2.467462 
27.75 	 2.467462 
27.76 	 2.467462 
27.77 	 2.467462 
27.78 	 2.467462 
27.79 	 2.467462 
27.80 	 2.467462 
27.81 	 2.467462 
27.82 	 2.467462 
27.83 	 2.467462 
27.84 	 2.467462 
27.85 	 2.467462 
27.86 	 2.467462 
27.87 	 2.467462 
27.88 	 2.467462 
27.89 	 2.467462 
27.90 	 2.467462 
27.91 	 2.467462 
27.92 	 2.467462 
27.93 	 2.467462 
27.94 	 2.467462 
27.95 	 2.467462 
27.96 	 2.467462 
27.97 	 2.467462 
27.98 	 2.467462 
27.99 	 2.467462 
28.00 	 2.467462 
28.01 	 2.467462 
28.02 	 2.467462 
28.03 	 2.467462 
28.04 	 2.467462 
28.05 	 2.467462 
28.06 	 2.467462 
28.07 	 2.467462 
28.08 	 2.467462 
28.09 	 2.467462 
28.10 	 2.467462 
28.11 	 2.467462 
28.12 	 2.467462 
28.13 	 2.467462 
28.14 	 2.467462 
28.15 	 2.467462 
28.16 	 2.467462 
28.17 	 2.467462 
28.18 	 2.467462 
28.19 	 2.467462 
28.20 	 2.467462 
28.21 	 2.467462 
28.22 	 2.467462 
28.23 	 2.467462 
28.24 	 2.467462 
28.25 	 2.467462 
28.26 	 2.467462 
28.27 	 2.467462 
28.28 	 2.467462 
28.29 	 2.467462 
28.30 	 2.467462 
28.31 	 2.467462 
28.32 	 2.467462 
28.33 	 2.467462 
28.34 	 2.467462 
28.35 	 2.467462 
28.36 	 2.467462 
28.37 	 2.467462 
28.38 	 2.467462 
28.39 	 2.467462 
28.40 	 2.467462 
28.41 	 2.467462 
28.42 	 2.467462 
28.43 	 2.467462 
28.44 	 2.467462 
28.45 	 2.467462 
28.46 	 2.467462 
28.47 	 2.467462 
28.48 	 2.467462 
28.49 	 2.467462 
28.50 	 2.467462 
28.51 	 2.467462 
28.52 	 2.467462 
28.53 	 2.467462 
28.54 	 2.467462 
28.55 	 2.467462 
28.56 	 2.467462 
28.57 	 2.467462 
28.58 	 2.467462 
28.59 	 2.467462 
28.60 	 2.467462 
28.61 	 2.467462 
28.62 	 2.467462 
28.63 	 2.467462 
28.64 	 2.467462 
28.65 	 2.467462 
28.66 	 2.467462 
28.67 	 2.467462 
28.68 	 2.467462 
28.69 	 2.467462 
28.70 	 2.467462 
28.71 	 2.467462 
28.72 	 2.467462 
28.73 	 2.467462 
28.74 	 2.467462 
28.75 	 2.467462 
28.76 	 2.467462 
28.77 	 2.467462 
28.78 	 2.467462 
28.79 	 2.467462 
28.80 	 2.467462 
28.81 	 2.467462 
28.82 	 2.467462 
28.83 	 2.467462 
28.84 	 2.467462 
28.85 	 2.467462 
28.86 	 2.467462 
28.87 	 2.467462 
28.88 	 2.467462 
28.89 	 2.467462 
28.90 	 2.467462 
28.91 	 2.467462 
28.92 	 2.467462 
28.93 	 2.467462 
28.94 	 2.467462 
28.95 	 2.467462 
28.96 	 2.467462 
28.97 	 2.467462 
28.98 	 2.467462 
28.99 	 2.467462 
29.00 	 2.467462 
29.01 	 2.467462 
29.02 	 2.467462 
29.03 	 2.467462 
29.04 	 2.467462 
29.05 	 2.467462 
29.06 	 2.467462 
29.07 	 2.467462 
29.08 	 2.467462 
29.09 	 2.467462 
29.10 	 2.467462 
29.11 	 2.467462 
29.12 	 2.467462 
29.13 	 2.467462 
29.14 	 2.467462 
29.15 	 2.467462 
29.16 	 2.467462 
29.17 	 2.467462 
29.18 	 2.467462 
29.19 	 2.467462 
29.20 	 2.467462 
29.21 	 2.467462 
29.22 	 2.467462 
29.23 	 2.467462 
29.24 	 2.467462 
29.25 	 2.467462 
29.26 	 2.467462 
29.27 	 2.467462 
29.28 	 2.467462 
29.29 	 2.467462 
29.30 	 2.467462 
29.31 	 2.467462 
29.32 	 2.467462 
29.33 	 2.467462 
29.34 	 2.467462 
29.35 	 2.467462 
29.36 	 2.467462 
29.37 	 2.467462 
29.38 	 2.467462 
29.39 	 2.467462 
29.40 	 2.467462 
29.41 	 2.467462 
29.42 	 2.467462 
29.43 	 2.467462 
29.44 	 2.467462 
29.45 	 2.467462 
29.46 	 2.467462 
29.47 	 2.467462 
29.48 	 2.467462 
29.49 	 2.467462 
29.50 	 2.467462 
29.51 	 2.467462 
29.52 	 2.467462 
29.53 	 2.467462 
29.54 	 2.467462 
29.55 	 2.467462 
29.56 	 2.467462 
29.57 	 2.467462 
29.58 	 2.467462 
29.59 	 2.467462 
29.60 	 2.467462 
29.61 	 2.467462 
29.62 	 2.467462 
29.63 	 2.467462 
29.64 	 2.467462 
29.65 	 2.467462 
29.66 	 2.467462 
29.67 	 2.467462 
29.68 	 2.467462 
29.69 	 2.467462 
29.70 	 2.467462 
29.71 	 2.467462 
29.72 	 2.467462 
29.73 	 2.467462 
29.74 	 2.467462 
29.75 	 2.467462 
29.76 	 2.467462 
29.77 	 2.467462 
29.78 	 2.467462 
29.79 	 2.467462 
29.80 	 2.467462 
29.81 	 2.467462 
29.82 	 2.467462 
29.83 	 2.467462 
29.84 	 2.467462 
29.85 	 2.467462 
29.86 	 2.467462 
29.87 	 2.467462 
29.88 	 2.467462 
29.89 	 2.467462 
29.90 	 2.467462 
29.91 	 2.467462 
29.92 	 2.467462 
29.93 	 2.467462 
29.94 	 2.467462 
29.95 	 2.467462 
29.96 	 2.467462 
29.97 	 2.467462 
29.98 	 2.467462 
29.99 	 2.467462 
30.00 	 2.467462 
30.01 	 2.467462 
30.02 	 2.467462 
30.03 	 2.467462 
30.04 	 2.467462 
30.05 	 2.467462 
30.06 	 2.467462 
30.07 	 2.467462 
30.08 	 2.467462 
30.09 	 2.467462 
30.10 	 2.467462 
30.11 	 2.467462 
30.12 	 2.467462 
30.13 	 2.467462 
30.14 	 2.467462 
30.15 	 2.467462 
30.16 	 2.467462 
30.17 	 2.467462 
30.18 	 2.467462 
30.19 	 2.467462 
30.20 	 2.467462 
30.21 	 2.467462 
30.22 	 2.467462 
30.23 	 2.467462 
30.24 	 2.467462 
30.25 	 2.467462 
30.26 	 2.467462 
30.27 	 2.467462 
30.28 	 2.467462 
30.29 	 2.467462 
30.30 	 2.467462 
30.31 	 2.467462 
30.32 	 2.467462 
30.33 	 2.467462 
30.34 	 2.467462 
30.35 	 2.467462 
30.36 	 2.467462 
30.37 	 2.467462 
30.38 	 2.467462 
30.39 	 2.467462 
30.40 	 2.467462 
30.41 	 2.467462 
30.42 	 2.467462 
30.43 	 2.467462 
30.44 	 2.467462 
30.45 	 2.467462 
30.46 	 2.467462 
30.47 	 2.467462 
30.48 	 2.467462 
30.49 	 2.467462 
30.50 	 2.467462 
30.51 	 2.467462 
30.52 	 2.467462 
30.53 	 2.467462 
30.54 	 2.467462 
30.55 	 2.467462 
30.56 	 2.467462 
30.57 	 2.467462 
30.58 	 2.467462 
30.59 	 2.467462 
30.60 	 2.467462 
30.61 	 2.467462 
30.62 	 2.467462 
30.63 	 2.467462 
30.64 	 2.467462 
30.65 	 2.467462 
30.66 	 2.467462 
30.67 	 2.467462 
30.68 	 2.467462 
30.69 	 2.467462 
30.70 	 2.467462 
30.71 	 2.467462 
30.72 	 2.467462 
30.73 	 2.467462 
30.74 	 2.467462 
30.75 	 2.467462 
30.76 	 2.467462 
30.77 	 2.467462 
30.78 	 2.467462 
30.79 	 2.467462 
30.80 	 2.467462 
30.81 	 2.467462 
30.82 	 2.467462 
30.83 	 2.467462 
30.84 	 2.467462 
30.85 	 2.467462 
30.86 	 2.467462 
30.87 	 2.467462 
30.88 	 2.467462 
30.89 	 2.467462 
30.90 	 2.467462 
30.91 	 2.467462 
30.92 	 2.467462 
30.93 	 2.467462 
30.94 	 2.467462 
30.95 	 2.467462 
30.96 	 2.467462 
30.97 	 2.467462 
30.98 	 2.467462 
30.99 	 2.467462 
31.00 	 2.467462 
31.01 	 2.467462 
31.02 	 2.467462 
31.03 	 2.467462 
31.04 	 2.467462 
31.05 	 2.467462 
31.06 	 2.467462 
31.07 	 2.467462 
31.08 	 2.467462 
31.09 	 2.467462 
31.10 	 2.467462 
31.11 	 2.467462 
31.12 	 2.467462 
31.13 	 2.467462 
31.14 	 2.467462 
31.15 	 2.467462 
31.16 	 2.467462 
31.17 	 2.467462 
31.18 	 2.467462 
31.19 	 2.467462 
31.20 	 2.467462 
31.21 	 2.467462 
31.22 	 2.467462 
31.23 	 2.467462 
31.24 	 2.467462 
31.25 	 2.467462 
31.26 	 2.467462 
31.27 	 2.467462 
31.28 	 2.467462 
31.29 	 2.467462 
31.30 	 2.467462 
31.31 	 2.467462 
31.32 	 2.467462 
31.33 	 2.467462 
31.34 	 2.467462 
31.35 	 2.467462 
31.36 	 2.467462 
31.37 	 2.467462 
31.38 	 2.467462 
31.39 	 2.467462 
31.40 	 2.467462 
31.41 	 2.467462 
31.42 	 2.467462 
31.43 	 2.467462 
31.44 	 2.467462 
31.45 	 2.467462 
31.46 	 2.467462 
31.47 	 2.467462 
31.48 	 2.467462 
31.49 	 2.467462 
31.50 	 2.467462 
31.51 	 2.467462 
31.52 	 2.467462 
31.53 	 2.467462 
31.54 	 2.467462 
31.55 	 2.467462 
31.56 	 2.467462 
31.57 	 2.467462 
31.58 	 2.467462 
31.59 	 2.467462 
31.60 	 2.467462 
31.61 	 2.467462 
31.62 	 2.467462 
31.63 	 2.467462 
31.64 	 2.467462 
31.65 	 2.467462 
31.66 	 2.467462 
31.67 	 2.467462 
31.68 	 2.467462 
31.69 	 2.467462 
31.70 	 2.467462 
31.71 	 2.467462 
31.72 	 2.467462 
31.73 	 2.467462 
31.74 	 2.467462 
31.75 	 2.467462 
31.76 	 2.467462 
31.77 	 2.467462 
31.78 	 2.467462 
31.79 	 2.467462 
31.80 	 2.467462 
31.81 	 2.467462 
31.82 	 2.467462 
31.83 	 2.467462 
31.84 	 2.467462 
31.85 	 2.467462 
31.86 	 2.467462 
31.87 	 2.467462 
31.88 	 2.467462 
31.89 	 2.467462 
31.90 	 2.467462 
31.91 	 2.467462 
31.92 	 2.467462 
31.93 	 2.467462 
31.94 	 2.467462 
31.95 	 2.467462 
31.96 	 2.467462 
31.97 	 2.467462 
31.98 	 2.467462 
31.99 	 2.467462 
32.00 	 2.467462 
32.01 	 2.467462 
32.02 	 2.467462 
32.03 	 2.467462 
32.04 	 2.467462 
32.05 	 2.467462 
32.06 	 2.467462 
32.07 	 2.467462 
32.08 	 2.467462 
32.09 	 2.467462 
32.10 	 2.467462 
32.11 	 2.467462 
32.12 	 2.467462 
32.13 	 2.467462 
32.14 	 2.467462 
32.15 	 2.467462 
32.16 	 2.467462 
32.17 	 2.467462 
32.18 	 2.467462 
32.19 	 2.467462 
32.20 	 2.467462 
32.21 	 2.467462 
32.22 	 2.467462 
32.23 	 2.467462 
32.24 	 2.467462 
32.25 	 2.467462 
32.26 	 2.467462 
32.27 	 2.467462 
32.28 	 2.467462 
32.29 	 2.467462 
32.30 	 2.467462 
32.31 	 2.467462 
32.32 	 2.467462 
32.33 	 2.467462 
32.34 	 2.467462 
32.35 	 2.467462 
32.36 	 2.467462 
32.37 	 2.467462 
32.38 	 2.467462 
32.39 	 2.467462 
32.40 	 2.467462 
32.41 	 2.467462 
32.42 	 2.467462 
32.43 	 2.467462 
32.44 	 2.467462 
32.45 	 2.467462 
32.46 	 2.467462 
32.47 	 2.467462 
32.48 	 2.467462 
32.49 	 2.467462 
32.50 	 2.467462 
32.51 	 2.467462 
32.52 	 2.467462 
32.53 	 2.467462 
32.54 	 2.467462 
32.55 	 2.467462 
32.56 	 2.467462 
32.57 	 2.467462 
32.58 	 2.467462 
32.59 	 2.467462 
32.60 	 2.467462 
32.61 	 2.467462 
32.62 	 2.467462 
32.63 	 2.467462 
32.64 	 2.467462 
32.65 	 2.467462 
32.66 	 2.467462 
32.67 	 2.467462 
32.68 	 2.467462 
32.69 	 2.467462 
32.70 	 2.467462 
32.71 	 2.467462 
32.72 	 2.467462 
32.73 	 2.467462 
32.74 	 2.467462 
32.75 	 2.467462 
32.76 	 2.467462 
32.77 	 2.467462 
32.78 	 2.467462 
32.79 	 2.467462 
32.80 	 2.467462 
32.81 	 2.467462 
32.82 	 2.467462 
32.83 	 2.467462 
32.84 	 2.467462 
32.85 	 2.467462 
32.86 	 2.467462 
32.87 	 2.467462 
32.88 	 2.467462 
32.89 	 2.467462 
32.90 	 2.467462 
32.91 	 2.467462 
32.92 	 2.467462 
32.93 	 2.467462 
32.94 	 2.467462 
32.95 	 2.467462 
32.96 	 2.467462 
32.97 	 2.467462 
32.98 	 2.467462 
32.99 	 2.467462 
33.00 	 2.467462 
33.01 	 2.467462 
33.02 	 2.467462 
33.03 	 2.467462 
33.04 	 2.467462 
33.05 	 2.467462 
33.06 	 2.467462 
33.07 	 2.467462 
33.08 	 2.467462 
33.09 	 2.467462 
33.10 	 2.467462 
33.11 	 2.467462 
33.12 	 2.467462 
33.13 	 2.467462 
33.14 	 2.467462 
33.15 	 2.467462 
33.16 	 2.467462 
33.17 	 2.467462 
33.18 	 2.467462 
33.19 	 2.467462 
33.20 	 2.467462 
33.21 	 2.467462 
33.22 	 2.467462 
33.23 	 2.467462 
33.24 	 2.467462 
33.25 	 2.467462 
33.26 	 2.467462 
33.27 	 2.467462 
33.28 	 2.467462 
33.29 	 2.467462 
33.30 	 2.467462 
33.31 	 2.467462 
33.32 	 2.467462 
33.33 	 2.467462 
33.34 	 2.467462 
33.35 	 2.467462 
33.36 	 2.467462 
33.37 	 2.467462 
33.38 	 2.467462 
33.39 	 2.467462 
33.40 	 2.467462 
33.41 	 2.467462 
33.42 	 2.467462 
33.43 	 2.467462 
33.44 	 2.467462 
33.45 	 2.467462 
33.46 	 2.467462 
33.47 	 2.467462 
33.48 	 2.467462 
33.49 	 2.467462 
33.50 	 2.467462 
33.51 	 2.467462 
33.52 	 2.467462 
33.53 	 2.467462 
33.54 	 2.467462 
33.55 	 2.467462 
33.56 	 2.467462 
33.57 	 2.467462 
33.58 	 2.467462 
33.59 	 2.467462 
33.60 	 2.467462 
33.61 	 2.467462 
33.62 	 2.467462 
33.63 	 2.467462 
33.64 	 2.467462 
33.65 	 2.467462 
33.66 	 2.467462 
33.67 	 2.467462 
33.68 	 2.467462 
33.69 	 2.467462 
33.70 	 2.467462 
33.71 	 2.467462 
33.72 	 2.467462 
33.73 	 2.467462 
33.74 	 2.467462 
33.75 	 2.467462 
33.76 	 2.467462 
33.77 	 2.467462 
33.78 	 2.467462 
33.79 	 2.467462 
33.80 	 2.467462 
33.81 	 2.467462 
33.82 	 2.467462 
33.83 	 2.467462 
33.84 	 2.467462 
33.85 	 2.467462 
33.86 	 2.467462 
33.87 	 2.467462 
33.88 	 2.467462 
33.89 	 2.467462 
33.90 	 2.467462 
33.91 	 2.467462 
33.92 	 2.467462 
33.93 	 2.467462 
33.94 	 2.467462 
33.95 	 2.467462 
33.96 	 2.467462 
33.97 	 2.467462 
33.98 	 2.467462 
33.99 	 2.467462 
34.00 	 2.467462 
34.01 	 2.467462 
34.02 	 2.467462 
34.03 	 2.467462 
34.04 	 2.467462 
34.05 	 2.467462 
34.06 	 2.467462 
34.07 	 2.467462 
34.08 	 2.467462 
34.09 	 2.467462 
34.10 	 2.467462 
34.11 	 2.467462 
34.12 	 2.467462 
34.13 	 2.467462 
34.14 	 2.467462 
34.15 	 2.467462 
34.16 	 2.467462 
34.17 	 2.467462 
34.18 	 2.467462 
34.19 	 2.467462 
34.20 	 2.467462 
34.21 	 2.467462 
34.22 	 2.467462 
34.23 	 2.467462 
34.24 	 2.467462 
34.25 	 2.467462 
34.26 	 2.467462 
34.27 	 2.467462 
34.28 	 2.467462 
34.29 	 2.467462 
34.30 	 2.467462 
34.31 	 2.467462 
34.32 	 2.467462 
34.33 	 2.467462 
34.34 	 2.467462 
34.35 	 2.467462 
34.36 	 2.467462 
34.37 	 2.467462 
34.38 	 2.467462 
34.39 	 2.467462 
34.40 	 2.467462 
34.41 	 2.467462 
34.42 	 2.467462 
34.43 	 2.467462 
34.44 	 2.467462 
34.45 	 2.467462 
34.46 	 2.467462 
34.47 	 2.467462 
34.48 	 2.467462 
34.49 	 2.467462 
34.50 	 2.467462 
34.51 	 2.467462 
34.52 	 2.467462 
34.53 	 2.467462 
34.54 	 2.467462 
34.55 	 2.467462 
34.56 	 2.467462 
34.57 	 2.467462 
34.58 	 2.467462 
34.59 	 2.467462 
34.60 	 2.467462 
34.61 	 2.467462 
34.62 	 2.467462 
34.63 	 2.467462 
34.64 	 2.467462 
34.65 	 2.467462 
34.66 	 2.467462 
34.67 	 2.467462 
34.68 	 2.467462 
34.69 	 2.467462 
34.70 	 2.467462 
34.71 	 2.467462 
34.72 	 2.467462 
34.73 	 2.467462 
34.74 	 2.467462 
34.75 	 2.467462 
34.76 	 2.467462 
34.77 	 2.467462 
34.78 	 2.467462 
34.79 	 2.467462 
34.80 	 2.467462 
34.81 	 2.467462 
34.82 	 2.467462 
34.83 	 2.467462 
34.84 	 2.467462 
34.85 	 2.467462 
34.86 	 2.467462 
34.87 	 2.467462 
34.88 	 2.467462 
34.89 	 2.467462 
34.90 	 2.467462 
34.91 	 2.467462 
34.92 	 2.467462 
34.93 	 2.467462 
34.94 	 2.467462 
34.95 	 2.467462 
34.96 	 2.467462 
34.97 	 2.467462 
34.98 	 2.467462 
34.99 	 2.467462 
35.00 	 2.467462 
35.01 	 2.467462 
35.02 	 2.467462 
35.03 	 2.467462 
35.04 	 2.467462 
35.05 	 2.467462 
35.06 	 2.467462 
35.07 	 2.467462 
35.08 	 2.467462 
35.09 	 2.467462 
35.10 	 2.467462 
35.11 	 2.467462 
35.12 	 2.467462 
35.13 	 2.467462 
35.14 	 2.467462 
35.15 	 2.467462 
35.16 	 2.467462 
35.17 	 2.467462 
35.18 	 2.467462 
35.19 	 2.467462 
35.20 	 2.467462 
35.21 	 2.467462 
35.22 	 2.467462 
35.23 	 2.467462 
35.24 	 2.467462 
35.25 	 2.467462 
35.26 	 2.467462 
35.27 	 2.467462 
35.28 	 2.467462 
35.29 	 2.467462 
35.30 	 2.467462 
35.31 	 2.467462 
35.32 	 2.467462 
35.33 	 2.467462 
35.34 	 2.467462 
35.35 	 2.467462 
35.36 	 2.467462 
35.37 	 2.467462 
35.38 	 2.467462 
35.39 	 2.467462 
35.40 	 2.467462 
35.41 	 2.467462 
35.42 	 2.467462 
35.43 	 2.467462 
35.44 	 2.467462 
35.45 	 2.467462 
35.46 	 2.467462 
35.47 	 2.467462 
35.48 	 2.467462 
35.49 	 2.467462 
35.50 	 2.467462 
35.51 	 2.467462 
35.52 	 2.467462 
35.53 	 2.467462 
35.54 	 2.467462 
35.55 	 2.467462 
35.56 	 2.467462 
35.57 	 2.467462 
35.58 	 2.467462 
35.59 	 2.467462 
35.60 	 2.467462 
35.61 	 2.467462 
35.62 	 2.467462 
35.63 	 2.467462 
35.64 	 2.467462 
35.65 	 2.467462 
35.66 	 2.467462 
35.67 	 2.467462 
35.68 	 2.467462 
35.69 	 2.467462 
35.70 	 2.467462 
35.71 	 2.467462 
35.72 	 2.467462 
35.73 	 2.467462 
35.74 	 2.467462 
35.75 	 2.467462 
35.76 	 2.467462 
35.77 	 2.467462 
35.78 	 2.467462 
35.79 	 2.467462 
35.80 	 2.467462 
35.81 	 2.467462 
35.82 	 2.467462 
35.83 	 2.467462 
35.84 	 2.467462 
35.85 	 2.467462 
35.86 	 2.467462 
35.87 	 2.467462 
35.88 	 2.467462 
35.89 	 2.467462 
35.90 	 2.467462 
35.91 	 2.467462 
35.92 	 2.467462 
35.93 	 2.467462 
35.94 	 2.467462 
35.95 	 2.467462 
35.96 	 2.467462 
35.97 	 2.467462 
35.98 	 2.467462 
35.99 	 2.467462 
36.00 	 2.467462 
36.01 	 2.467462 
36.02 	 2.467462 
36.03 	 2.467462 
36.04 	 2.467462 
36.05 	 2.467462 
36.06 	 2.467462 
36.07 	 2.467462 
36.08 	 2.467462 
36.09 	 2.467462 
36.10 	 2.467462 
36.11 	 2.467462 
36.12 	 2.467462 
36.13 	 2.467462 
36.14 	 2.467462 
36.15 	 2.467462 
36.16 	 2.467462 
36.17 	 2.467462 
36.18 	 2.467462 
36.19 	 2.467462 
36.20 	 2.467462 
36.21 	 2.467462 
36.22 	 2.467462 
36.23 	 2.467462 
36.24 	 2.467462 
36.25 	 2.467462 
36.26 	 2.467462 
36.27 	 2.467462 
36.28 	 2.467462 
36.29 	 2.467462 
36.30 	 2.467462 
36.31 	 2.467462 
36.32 	 2.467462 
36.33 	 2.467462 
36.34 	 2.467462 
36.35 	 2.467462 
36.36 	 2.467462 
36.37 	 2.467462 
36.38 	 2.467462 
36.39 	 2.467462 
36.40 	 2.467462 
36.41 	 2.467462 
36.42 	 2.467462 
36.43 	 2.467462 
36.44 	 2.467462 
36.45 	 2.467462 
36.46 	 2.467462 
36.47 	 2.467462 
36.48 	 2.467462 
36.49 	 2.467462 
36.50 	 2.467462 
36.51 	 2.467462 
36.52 	 2.467462 
36.53 	 2.467462 
36.54 	 2.467462 
36.55 	 2.467462 
36.56 	 2.467462 
36.57 	 2.467462 
36.58 	 2.467462 
36.59 	 2.467462 
36.60 	 2.467462 
36.61 	 2.467462 
36.62 	 2.467462 
36.63 	 2.467462 
36.64 	 2.467462 
36.65 	 2.467462 
36.66 	 2.467462 
36.67 	 2.467462 
36.68 	 2.467462 
36.69 	 2.467462 
36.70 	 2.467462 
36.71 	 2.467462 
36.72 	 2.467462 
36.73 	 2.467462 
36.74 	 2.467462 
36.75 	 2.467462 
36.76 	 2.467462 
36.77 	 2.467462 
36.78 	 2.467462 
36.79 	 2.467462 
36.80 	 2.467462 
36.81 	 2.467462 
36.82 	 2.467462 
36.83 	 2.467462 
36.84 	 2.467462 
36.85 	 2.467462 
36.86 	 2.467462 
36.87 	 2.467462 
36.88 	 2.467462 
36.89 	 2.467462 
36.90 	 2.467462 
36.91 	 2.467462 
36.92 	 2.467462 
36.93 	 2.467462 
36.94 	 2.467462 
36.95 	 2.467462 
36.96 	 2.467462 
36.97 	 2.467462 
36.98 	 2.467462 
36.99 	 2.467462 
37.00 	 2.467462 
37.01 	 2.467462 
37.02 	 2.467462 
37.03 	 2.467462 
37.04 	 2.467462 
37.05 	 2.467462 
37.06 	 2.467462 
37.07 	 2.467462 
37.08 	 2.467462 
37.09 	 2.467462 
37.10 	 2.467462 
37.11 	 2.467462 
37.12 	 2.467462 
37.13 	 2.467462 
37.14 	 2.467462 
37.15 	 2.467462 
37.16 	 2.467462 
37.17 	 2.467462 
37.18 	 2.467462 
37.19 	 2.467462 
37.20 	 2.467462 
37.21 	 2.467462 
37.22 	 2.467462 
37.23 	 2.467462 
37.24 	 2.467462 
37.25 	 2.467462 
37.26 	 2.467462 
37.27 	 2.467462 
37.28 	 2.467462 
37.29 	 2.467462 
37.30 	 2.467462 
37.31 	 2.467462 
37.32 	 2.467462 
37.33 	 2.467462 
37.34 	 2.467462 
37.35 	 2.467462 
37.36 	 2.467462 
37.37 	 2.467462 
37.38 	 2.467462 
37.39 	 2.467462 
37.40 	 2.467462 
37.41 	 2.467462 
37.42 	 2.467462 
37.43 	 2.467462 
37.44 	 2.467462 
37.45 	 2.467462 
37.46 	 2.467462 
37.47 	 2.467462 
37.48 	 2.467462 
37.49 	 2.467462 
37.50 	 2.467462 
37.51 	 2.467462 
37.52 	 2.467462 
37.53 	 2.467462 
37.54 	 2.467462 
37.55 	 2.467462 
37.56 	 2.467462 
37.57 	 2.467462 
37.58 	 2.467462 
37.59 	 2.467462 
37.60 	 2.467462 
37.61 	 2.467462 
37.62 	 2.467462 
37.63 	 2.467462 
37.64 	 2.467462 
37.65 	 2.467462 
37.66 	 2.467462 
37.67 	 2.467462 
37.68 	 2.467462 
37.69 	 2.467462 
37.70 	 2.467462 
37.71 	 2.467462 
37.72 	 2.467462 
37.73 	 2.467462 
37.74 	 2.467462 
37.75 	 2.467462 
37.76 	 2.467462 
37.77 	 2.467462 
37.78 	 2.467462 
37.79 	 2.467462 
37.80 	 2.467462 
37.81 	 2.467462 
37.82 	 2.467462 
37.83 	 2.467462 
37.84 	 2.467462 
37.85 	 2.467462 
37.86 	 2.467462 
37.87 	 2.467462 
37.88 	 2.467462 
37.89 	 2.467462 
37.90 	 2.467462 
37.91 	 2.467462 
37.92 	 2.467462 
37.93 	 2.467462 
37.94 	 2.467462 
37.95 	 2.467462 
37.96 	 2.467462 
37.97 	 2.467462 
37.98 	 2.467462 
37.99 	 2.467462 
38.00 	 2.467462 
38.01 	 2.467462 
38.02 	 2.467462 
38.03 	 2.467462 
38.04 	 2.467462 
38.05 	 2.467462 
38.06 	 2.467462 
38.07 	 2.467462 
38.08 	 2.467462 
38.09 	 2.467462 
38.10 	 2.467462 
38.11 	 2.467462 
38.12 	 2.467462 
38.13 	 2.467462 
38.14 	 2.467462 
38.15 	 2.467462 
38.16 	 2.467462 
38.17 	 2.467462 
38.18 	 2.467462 
38.19 	 2.467462 
38.20 	 2.467462 
38.21 	 2.467462 
38.22 	 2.467462 
38.23 	 2.467462 
38.24 	 2.467462 
38.25 	 2.467462 
38.26 	 2.467462 
38.27 	 2.467462 
38.28 	 2.467462 
38.29 	 2.467462 
38.30 	 2.467462 
38.31 	 2.467462 
38.32 	 2.467462 
38.33 	 2.467462 
38.34 	 2.467462 
38.35 	 2.467462 
38.36 	 2.467462 
38.37 	 2.467462 
38.38 	 2.467462 
38.39 	 2.467462 
38.40 	 2.467462 
38.41 	 2.467462 
38.42 	 2.467462 
38.43 	 2.467462 
38.44 	 2.467462 
38.45 	 2.467462 
38.46 	 2.467462 
38.47 	 2.467462 
38.48 	 2.467462 
38.49 	 2.467462 
38.50 	 2.467462 
38.51 	 2.467462 
38.52 	 2.467462 
38.53 	 2.467462 
38.54 	 2.467462 
38.55 	 2.467462 
38.56 	 2.467462 
38.57 	 2.467462 
38.58 	 2.467462 
38.59 	 2.467462 
38.60 	 2.467462 
38.61 	 2.467462 
38.62 	 2.467462 
38.63 	 2.467462 
38.64 	 2.467462 
38.65 	 2.467462 
38.66 	 2.467462 
38.67 	 2.467462 
38.68 	 2.467462 
38.69 	 2.467462 
38.70 	 2.467462 
38.71 	 2.467462 
38.72 	 2.467462 
38.73 	 2.467462 
38.74 	 2.467462 
38.75 	 2.467462 
38.76 	 2.467462 
38.77 	 2.467462 
38.78 	 2.467462 
38.79 	 2.467462 
38.80 	 2.467462 
38.81 	 2.467462 
38.82 	 2.467462 
38.83 	 2.467462 
38.84 	 2.467462 
38.85 	 2.467462 
38.86 	 2.467462 
38.87 	 2.467462 
38.88 	 2.467462 
38.89 	 2.467462 
38.90 	 2.467462 
38.91 	 2.467462 
38.92 	 2.467462 
38.93 	 2.467462 
38.94 	 2.467462 
38.95 	 2.467462 
38.96 	 2.467462 
38.97 	 2.467462 
38.98 	 2.467462 
38.99 	 2.467462 
39.00 	 2.467462 
39.01 	 2.467462 
39.02 	 2.467462 
39.03 	 2.467462 
39.04 	 2.467462 
39.05 	 2.467462 
39.06 	 2.467462 
39.07 	 2.467462 
39.08 	 2.467462 
39.09 	 2.467462 
39.10 	 2.467462 
39.11 	 2.467462 
39.12 	 2.467462 
39.13 	 2.467462 
39.14 	 2.467462 
39.15 	 2.467462 
39.16 	 2.467462 
39.17 	 2.467462 
39.18 	 2.467462 
39.19 	 2.467462 
39.20 	 2.467462 
39.21 	 2.467462 
39.22 	 2.467462 
39.23 	 2.467462 
39.24 	 2.467462 
39.25 	 2.467462 
39.26 	 2.467462 
39.27 	 2.467462 
39.28 	 2.467462 
39.29 	 2.467462 
39.30 	 2.467462 
39.31 	 2.467462 
39.32 	 2.467462 
39.33 	 2.467462 
39.34 	 2.467462 
39.35 	 2.467462 
39.36 	 2.467462 
39.37 	 2.467462 
39.38 	 2.467462 
39.39 	 2.467462 
39.40 	 2.467462 
39.41 	 2.467462 
39.42 	 2.467462 
39.43 	 2.467462 
39.44 	 2.467462 
39.45 	 2.467462 
39.46 	 2.467462 
39.47 	 2.467462 
39.48 	 2.467462 
39.49 	 2.467462 
39.50 	 2.467462 
39.51 	 2.467462 
39.52 	 2.467462 
39.53 	 2.467462 
39.54 	 2.467462 
39.55 	 2.467462 
39.56 	 2.467462 
39.57 	 2.467462 
39.58 	 2.467462 
39.59 	 2.467462 
39.60 	 2.467462 
39.61 	 2.467462 
39.62 	 2.467462 
39.63 	 2.467462 
39.64 	 2.467462 
39.65 	 2.467462 
39.66 	 2.467462 
39.67 	 2.467462 
39.68 	 2.467462 
39.69 	 2.467462 
39.70 	 2.467462 
39.71 	 2.467462 
39.72 	 2.467462 
39.73 	 2.467462 
39.74 	 2.467462 
39.75 	 2.467462 
39.76 	 2.467462 
39.77 	 2.467462 
39.78 	 2.467462 
39.79 	 2.467462 
39.80 	 2.467462 
39.81 	 2.467462 
39.82 	 2.467462 
39.83 	 2.467462 
39.84 	 2.467462 
39.85 	 2.467462 
39.86 	 2.467462 
39.87 	 2.467462 
39.88 	 2.467462 
39.89 	 2.467462 
39.90 	 2.467462 
39.91 	 2.467462 
39.92 	 2.467462 
39.93 	 2.467462 
39.94 	 2.467462 
39.95 	 2.467462 
39.96 	 2.467462 
39.97 	 2.467462 
39.98 	 2.467462 
39.99 	 2.467462 
