0.10 	 9.450042 
0.10 	 9.949842 
0.10 	 9.949641 
0.10 	 9.949439 
0.10 	 9.949236 
0.10 	 9.949033 
0.10 	 9.948829 
0.10 	 9.948624 
0.10 	 9.948418 
0.10 	 9.948211 
0.10 	 9.948004 
0.10 	 9.947796 
0.10 	 9.947587 
0.10 	 9.947377 
0.10 	 9.947166 
0.10 	 9.946954 
0.10 	 9.946742 
0.10 	 9.946529 
0.10 	 9.946314 
0.10 	 9.946099 
0.10 	 9.945883 
0.10 	 9.945667 
0.10 	 9.945449 
0.10 	 9.945231 
0.10 	 9.945011 
0.11 	 9.944791 
0.11 	 9.944570 
0.11 	 9.944348 
0.11 	 9.944125 
0.11 	 9.943901 
0.11 	 9.943677 
0.11 	 9.943451 
0.11 	 9.943225 
0.11 	 9.942997 
0.11 	 9.942769 
0.11 	 9.942540 
0.11 	 9.942310 
0.11 	 9.942079 
0.11 	 9.941847 
0.11 	 9.941614 
0.11 	 9.941380 
0.11 	 9.941145 
0.11 	 9.940910 
0.11 	 9.940673 
0.11 	 9.940436 
0.11 	 9.940197 
0.11 	 9.939958 
0.11 	 9.939717 
0.11 	 9.939476 
0.11 	 9.939234 
0.11 	 9.938990 
0.11 	 9.938746 
0.11 	 9.938501 
0.11 	 9.938255 
0.11 	 9.938007 
0.11 	 9.937759 
0.11 	 9.937510 
0.11 	 9.937260 
0.11 	 9.937009 
0.11 	 9.936756 
0.11 	 9.936503 
0.11 	 9.936249 
0.11 	 9.935994 
0.11 	 9.935738 
0.11 	 9.935480 
0.11 	 9.935222 
0.11 	 9.934963 
0.11 	 9.934703 
0.11 	 9.934441 
0.11 	 9.934179 
0.12 	 9.933915 
0.12 	 9.933651 
0.12 	 9.933385 
0.12 	 9.933119 
0.12 	 9.932851 
0.12 	 9.932582 
0.12 	 9.932312 
0.12 	 9.932041 
0.12 	 9.931769 
0.12 	 9.931496 
0.12 	 9.931222 
0.12 	 9.930947 
0.12 	 9.930671 
0.12 	 9.930393 
0.12 	 9.930114 
0.12 	 9.929835 
0.12 	 9.929554 
0.12 	 9.929272 
0.12 	 9.928989 
0.12 	 9.928705 
0.12 	 9.928420 
0.12 	 9.928133 
0.12 	 9.927846 
0.12 	 9.927557 
0.12 	 9.927267 
0.12 	 9.926976 
0.12 	 9.926684 
0.12 	 9.926390 
0.12 	 9.926096 
0.12 	 9.925800 
0.12 	 9.925503 
0.12 	 9.925205 
0.12 	 9.924906 
0.12 	 9.924606 
0.12 	 9.924304 
0.12 	 9.924001 
0.12 	 9.923697 
0.12 	 9.923392 
0.12 	 9.923085 
0.12 	 9.922778 
0.12 	 9.922469 
0.12 	 9.922159 
0.13 	 9.921847 
0.13 	 9.921535 
0.13 	 9.921221 
0.13 	 9.920906 
0.13 	 9.920589 
0.13 	 9.920272 
0.13 	 9.919953 
0.13 	 9.919632 
0.13 	 9.919311 
0.13 	 9.918988 
0.13 	 9.918664 
0.13 	 9.918339 
0.13 	 9.918012 
0.13 	 9.917684 
0.13 	 9.917355 
0.13 	 9.917025 
0.13 	 9.916693 
0.13 	 9.916360 
0.13 	 9.916025 
0.13 	 9.915689 
0.13 	 9.915352 
0.13 	 9.915014 
0.13 	 9.914674 
0.13 	 9.914333 
0.13 	 9.913990 
0.13 	 9.913646 
0.13 	 9.913301 
0.13 	 9.912954 
0.13 	 9.912606 
0.13 	 9.912257 
0.13 	 9.911906 
0.13 	 9.911554 
0.13 	 9.911200 
0.13 	 9.910845 
0.13 	 9.910489 
0.13 	 9.910131 
0.13 	 9.909772 
0.13 	 9.909411 
0.13 	 9.909049 
0.14 	 9.908685 
0.14 	 9.908320 
0.14 	 9.907954 
0.14 	 9.907586 
0.14 	 9.907216 
0.14 	 9.906845 
0.14 	 9.906473 
0.14 	 9.906099 
0.14 	 9.905724 
0.14 	 9.905347 
0.14 	 9.904969 
0.14 	 9.904589 
0.14 	 9.904208 
0.14 	 9.903825 
0.14 	 9.903440 
0.14 	 9.903054 
0.14 	 9.902667 
0.14 	 9.902278 
0.14 	 9.901887 
0.14 	 9.901495 
0.14 	 9.901102 
0.14 	 9.900707 
0.14 	 9.900310 
0.14 	 9.899911 
0.14 	 9.899511 
0.14 	 9.899110 
0.14 	 9.898707 
0.14 	 9.898302 
0.14 	 9.897896 
0.14 	 9.897488 
0.14 	 9.897078 
0.14 	 9.896667 
0.14 	 9.896254 
0.14 	 9.895840 
0.14 	 9.895424 
0.15 	 9.895006 
0.15 	 9.894586 
0.15 	 9.894165 
0.15 	 9.893743 
0.15 	 9.893318 
0.15 	 9.892892 
0.15 	 9.892464 
0.15 	 9.892035 
0.15 	 9.891603 
0.15 	 9.891170 
0.15 	 9.890736 
0.15 	 9.890299 
0.15 	 9.889861 
0.15 	 9.889421 
0.15 	 9.888980 
0.15 	 9.888536 
0.15 	 9.888091 
0.15 	 9.887644 
0.15 	 9.887196 
0.15 	 9.886745 
0.15 	 9.886293 
0.15 	 9.885839 
0.15 	 9.885383 
0.15 	 9.884926 
0.15 	 9.884466 
0.15 	 9.884005 
0.15 	 9.883542 
0.15 	 9.883077 
0.15 	 9.882610 
0.15 	 9.882141 
0.15 	 9.881671 
0.15 	 9.881198 
0.15 	 9.880724 
0.15 	 9.880248 
0.16 	 9.879770 
0.16 	 9.879290 
0.16 	 9.878808 
0.16 	 9.878324 
0.16 	 9.877839 
0.16 	 9.877351 
0.16 	 9.876862 
0.16 	 9.876370 
0.16 	 9.875877 
0.16 	 9.875381 
0.16 	 9.874884 
0.16 	 9.874385 
0.16 	 9.873884 
0.16 	 9.873380 
0.16 	 9.872875 
0.16 	 9.872368 
0.16 	 9.871858 
0.16 	 9.871347 
0.16 	 9.870834 
0.16 	 9.870319 
0.16 	 9.869801 
0.16 	 9.869282 
0.16 	 9.868760 
0.16 	 9.868237 
0.16 	 9.867711 
0.16 	 9.867183 
0.16 	 9.866653 
0.16 	 9.866121 
0.16 	 9.865587 
0.16 	 9.865051 
0.16 	 9.864513 
0.17 	 9.863973 
0.17 	 9.863430 
0.17 	 9.862885 
0.17 	 9.862338 
0.17 	 9.861789 
0.17 	 9.861238 
0.17 	 9.860685 
0.17 	 9.860129 
0.17 	 9.859572 
0.17 	 9.859012 
0.17 	 9.858449 
0.17 	 9.857885 
0.17 	 9.857318 
0.17 	 9.856749 
0.17 	 9.856178 
0.17 	 9.855605 
0.17 	 9.855029 
0.17 	 9.854451 
0.17 	 9.853871 
0.17 	 9.853288 
0.17 	 9.852704 
0.17 	 9.852116 
0.17 	 9.851527 
0.17 	 9.850935 
0.17 	 9.850341 
0.17 	 9.849744 
0.17 	 9.849146 
0.17 	 9.848544 
0.17 	 9.847941 
0.17 	 9.847335 
0.18 	 9.846726 
0.18 	 9.846116 
0.18 	 9.845502 
0.18 	 9.844887 
0.18 	 9.844269 
0.18 	 9.843648 
0.18 	 9.843025 
0.18 	 9.842400 
0.18 	 9.841772 
0.18 	 9.841141 
0.18 	 9.840509 
0.18 	 9.839873 
0.18 	 9.839235 
0.18 	 9.838595 
0.18 	 9.837952 
0.18 	 9.837307 
0.18 	 9.836658 
0.18 	 9.836008 
0.18 	 9.835355 
0.18 	 9.834699 
0.18 	 9.834041 
0.18 	 9.833380 
0.18 	 9.832716 
0.18 	 9.832050 
0.18 	 9.831381 
0.18 	 9.830710 
0.18 	 9.830036 
0.19 	 9.829359 
0.19 	 9.828680 
0.19 	 9.827998 
0.19 	 9.827313 
0.19 	 9.826625 
0.19 	 9.825935 
0.19 	 9.825242 
0.19 	 9.824547 
0.19 	 9.823848 
0.19 	 9.823147 
0.19 	 9.822443 
0.19 	 9.821736 
0.19 	 9.821027 
0.19 	 9.820315 
0.19 	 9.819599 
0.19 	 9.818882 
0.19 	 9.818161 
0.19 	 9.817437 
0.19 	 9.816711 
0.19 	 9.815982 
0.19 	 9.815249 
0.19 	 9.814514 
0.19 	 9.813776 
0.19 	 9.813035 
0.19 	 9.812292 
0.19 	 9.811545 
0.19 	 9.810795 
0.20 	 9.810043 
0.20 	 9.809287 
0.20 	 9.808529 
0.20 	 9.807767 
0.20 	 9.807003 
0.20 	 9.806235 
0.20 	 9.805464 
0.20 	 9.804691 
0.20 	 9.803914 
0.20 	 9.803134 
0.20 	 9.802352 
0.20 	 9.801566 
0.20 	 9.800777 
0.20 	 9.799985 
0.20 	 9.799190 
0.20 	 9.798391 
0.20 	 9.797590 
0.20 	 9.796785 
0.20 	 9.795978 
0.20 	 9.795167 
0.20 	 9.794352 
0.20 	 9.793535 
0.20 	 9.792715 
0.20 	 9.791891 
0.20 	 9.791064 
0.21 	 9.790234 
0.21 	 9.789400 
0.21 	 9.788563 
0.21 	 9.787723 
0.21 	 9.786880 
0.21 	 9.786033 
0.21 	 9.785183 
0.21 	 9.784330 
0.21 	 9.783473 
0.21 	 9.782613 
0.21 	 9.781749 
0.21 	 9.780882 
0.21 	 9.780012 
0.21 	 9.779139 
0.21 	 9.778261 
0.21 	 9.777381 
0.21 	 9.776497 
0.21 	 9.775609 
0.21 	 9.774718 
0.21 	 9.773824 
0.21 	 9.772926 
0.21 	 9.772024 
0.21 	 9.771119 
0.21 	 9.770211 
0.22 	 9.769299 
0.22 	 9.768383 
0.22 	 9.767464 
0.22 	 9.766541 
0.22 	 9.765614 
0.22 	 9.764684 
0.22 	 9.763750 
0.22 	 9.762813 
0.22 	 9.761871 
0.22 	 9.760927 
0.22 	 9.759978 
0.22 	 9.759026 
0.22 	 9.758070 
0.22 	 9.757110 
0.22 	 9.756146 
0.22 	 9.755179 
0.22 	 9.754208 
0.22 	 9.753233 
0.22 	 9.752254 
0.22 	 9.751272 
0.22 	 9.750286 
0.22 	 9.749295 
0.22 	 9.748301 
0.23 	 9.747303 
0.23 	 9.746301 
0.23 	 9.745295 
0.23 	 9.744286 
0.23 	 9.743272 
0.23 	 9.742254 
0.23 	 9.741233 
0.23 	 9.740207 
0.23 	 9.739177 
0.23 	 9.738144 
0.23 	 9.737106 
0.23 	 9.736064 
0.23 	 9.735018 
0.23 	 9.733968 
0.23 	 9.732914 
0.23 	 9.731856 
0.23 	 9.730794 
0.23 	 9.729727 
0.23 	 9.728656 
0.23 	 9.727582 
0.23 	 9.726503 
0.23 	 9.725419 
0.24 	 9.724332 
0.24 	 9.723240 
0.24 	 9.722144 
0.24 	 9.721044 
0.24 	 9.719939 
0.24 	 9.718830 
0.24 	 9.717717 
0.24 	 9.716600 
0.24 	 9.715478 
0.24 	 9.714352 
0.24 	 9.713221 
0.24 	 9.712086 
0.24 	 9.710946 
0.24 	 9.709802 
0.24 	 9.708654 
0.24 	 9.707501 
0.24 	 9.706344 
0.24 	 9.705182 
0.24 	 9.704015 
0.24 	 9.702845 
0.24 	 9.701669 
0.25 	 9.700489 
0.25 	 9.699304 
0.25 	 9.698115 
0.25 	 9.696921 
0.25 	 9.695722 
0.25 	 9.694519 
0.25 	 9.693311 
0.25 	 9.692099 
0.25 	 9.690881 
0.25 	 9.689659 
0.25 	 9.688432 
0.25 	 9.687201 
0.25 	 9.685964 
0.25 	 9.684723 
0.25 	 9.683477 
0.25 	 9.682226 
0.25 	 9.680970 
0.25 	 9.679710 
0.25 	 9.678444 
0.25 	 9.677174 
0.26 	 9.675898 
0.26 	 9.674618 
0.26 	 9.673333 
0.26 	 9.672042 
0.26 	 9.670747 
0.26 	 9.669447 
0.26 	 9.668141 
0.26 	 9.666831 
0.26 	 9.665515 
0.26 	 9.664195 
0.26 	 9.662869 
0.26 	 9.661538 
0.26 	 9.660202 
0.26 	 9.658860 
0.26 	 9.657514 
0.26 	 9.656162 
0.26 	 9.654805 
0.26 	 9.653443 
0.26 	 9.652076 
0.27 	 9.650703 
0.27 	 9.649325 
0.27 	 9.647941 
0.27 	 9.646553 
0.27 	 9.645158 
0.27 	 9.643759 
0.27 	 9.642354 
0.27 	 9.640943 
0.27 	 9.639527 
0.27 	 9.638106 
0.27 	 9.636679 
0.27 	 9.635247 
0.27 	 9.633809 
0.27 	 9.632365 
0.27 	 9.630916 
0.27 	 9.629462 
0.27 	 9.628001 
0.27 	 9.626535 
0.27 	 9.625064 
0.28 	 9.623586 
0.28 	 9.622103 
0.28 	 9.620615 
0.28 	 9.619120 
0.28 	 9.617620 
0.28 	 9.616114 
0.28 	 9.614602 
0.28 	 9.613084 
0.28 	 9.611561 
0.28 	 9.610031 
0.28 	 9.608496 
0.28 	 9.606955 
0.28 	 9.605407 
0.28 	 9.603854 
0.28 	 9.602295 
0.28 	 9.600730 
0.28 	 9.599159 
0.28 	 9.597581 
0.29 	 9.595998 
0.29 	 9.594408 
0.29 	 9.592813 
0.29 	 9.591211 
0.29 	 9.589603 
0.29 	 9.587989 
0.29 	 9.586369 
0.29 	 9.584742 
0.29 	 9.583110 
0.29 	 9.581470 
0.29 	 9.579825 
0.29 	 9.578173 
0.29 	 9.576515 
0.29 	 9.574851 
0.29 	 9.573180 
0.29 	 9.571503 
0.29 	 9.569819 
0.29 	 9.568129 
0.30 	 9.566432 
0.30 	 9.564729 
0.30 	 9.563019 
0.30 	 9.561303 
0.30 	 9.559580 
0.30 	 9.557851 
0.30 	 9.556115 
0.30 	 9.554372 
0.30 	 9.552622 
0.30 	 9.550866 
0.30 	 9.549103 
0.30 	 9.547333 
0.30 	 9.545557 
0.30 	 9.543774 
0.30 	 9.541984 
0.30 	 9.540187 
0.31 	 9.538383 
0.31 	 9.536572 
0.31 	 9.534754 
0.31 	 9.532930 
0.31 	 9.531098 
0.31 	 9.529260 
0.31 	 9.527414 
0.31 	 9.525561 
0.31 	 9.523701 
0.31 	 9.521834 
0.31 	 9.519960 
0.31 	 9.518079 
0.31 	 9.516191 
0.31 	 9.514295 
0.31 	 9.512392 
0.31 	 9.510482 
0.31 	 9.508565 
0.32 	 9.506640 
0.32 	 9.504708 
0.32 	 9.502768 
0.32 	 9.500821 
0.32 	 9.498867 
0.32 	 9.496905 
0.32 	 9.494936 
0.32 	 9.492959 
0.32 	 9.490975 
0.32 	 9.488983 
0.32 	 9.486984 
0.32 	 9.484977 
0.32 	 9.482962 
0.32 	 9.480940 
0.32 	 9.478910 
0.32 	 9.476872 
0.33 	 9.474827 
0.33 	 9.472773 
0.33 	 9.470712 
0.33 	 9.468643 
0.33 	 9.466566 
0.33 	 9.464482 
0.33 	 9.462389 
0.33 	 9.460288 
0.33 	 9.458180 
0.33 	 9.456063 
0.33 	 9.453939 
0.33 	 9.451806 
0.33 	 9.449665 
0.33 	 9.447516 
0.33 	 9.445359 
0.34 	 9.443194 
0.34 	 9.441021 
0.34 	 9.438839 
0.34 	 9.436649 
0.34 	 9.434451 
0.34 	 9.432244 
0.34 	 9.430030 
0.34 	 9.427806 
0.34 	 9.425575 
0.34 	 9.423334 
0.34 	 9.421086 
0.34 	 9.418829 
0.34 	 9.416563 
0.34 	 9.414289 
0.34 	 9.412006 
0.35 	 9.409715 
0.35 	 9.407414 
0.35 	 9.405106 
0.35 	 9.402788 
0.35 	 9.400462 
0.35 	 9.398127 
0.35 	 9.395783 
0.35 	 9.393430 
0.35 	 9.391069 
0.35 	 9.388698 
0.35 	 9.386319 
0.35 	 9.383931 
0.35 	 9.381533 
0.35 	 9.379127 
0.35 	 9.376711 
0.36 	 9.374287 
0.36 	 9.371853 
0.36 	 9.369410 
0.36 	 9.366958 
0.36 	 9.364497 
0.36 	 9.362027 
0.36 	 9.359547 
0.36 	 9.357058 
0.36 	 9.354559 
0.36 	 9.352052 
0.36 	 9.349534 
0.36 	 9.347008 
0.36 	 9.344472 
0.36 	 9.341926 
0.37 	 9.339371 
0.37 	 9.336806 
0.37 	 9.334231 
0.37 	 9.331647 
0.37 	 9.329054 
0.37 	 9.326450 
0.37 	 9.323837 
0.37 	 9.321214 
0.37 	 9.318581 
0.37 	 9.315939 
0.37 	 9.313286 
0.37 	 9.310624 
0.37 	 9.307951 
0.37 	 9.305269 
0.38 	 9.302576 
0.38 	 9.299874 
0.38 	 9.297161 
0.38 	 9.294439 
0.38 	 9.291706 
0.38 	 9.288963 
0.38 	 9.286210 
0.38 	 9.283446 
0.38 	 9.280672 
0.38 	 9.277888 
0.38 	 9.275094 
0.38 	 9.272289 
0.38 	 9.269473 
0.39 	 9.266648 
0.39 	 9.263811 
0.39 	 9.260964 
0.39 	 9.258107 
0.39 	 9.255239 
0.39 	 9.252360 
0.39 	 9.249471 
0.39 	 9.246570 
0.39 	 9.243659 
0.39 	 9.240738 
0.39 	 9.237805 
0.39 	 9.234862 
0.39 	 9.231907 
0.40 	 9.228942 
0.40 	 9.225966 
0.40 	 9.222978 
0.40 	 9.219980 
0.40 	 9.216970 
0.40 	 9.213950 
0.40 	 9.210918 
0.40 	 9.207875 
0.40 	 9.204821 
0.40 	 9.201755 
0.40 	 9.198678 
0.40 	 9.195590 
0.40 	 9.192491 
0.41 	 9.189380 
0.41 	 9.186257 
0.41 	 9.183123 
0.41 	 9.179977 
0.41 	 9.176820 
0.41 	 9.173651 
0.41 	 9.170471 
0.41 	 9.167279 
0.41 	 9.164075 
0.41 	 9.160859 
0.41 	 9.157632 
0.41 	 9.154392 
0.42 	 9.151141 
0.42 	 9.147878 
0.42 	 9.144602 
0.42 	 9.141315 
0.42 	 9.138016 
0.42 	 9.134704 
0.42 	 9.131381 
0.42 	 9.128045 
0.42 	 9.124697 
0.42 	 9.121337 
0.42 	 9.117964 
0.42 	 9.114580 
0.42 	 9.111182 
0.43 	 9.107773 
0.43 	 9.104350 
0.43 	 9.100916 
0.43 	 9.097469 
0.43 	 9.094009 
0.43 	 9.090536 
0.43 	 9.087051 
0.43 	 9.083554 
0.43 	 9.080043 
0.43 	 9.076520 
0.43 	 9.072983 
0.43 	 9.069434 
0.44 	 9.065872 
0.44 	 9.062298 
0.44 	 9.058710 
0.44 	 9.055109 
0.44 	 9.051495 
0.44 	 9.047867 
0.44 	 9.044227 
0.44 	 9.040573 
0.44 	 9.036907 
0.44 	 9.033226 
0.44 	 9.029533 
0.45 	 9.025826 
0.45 	 9.022106 
0.45 	 9.018372 
0.45 	 9.014625 
0.45 	 9.010864 
0.45 	 9.007089 
0.45 	 9.003301 
0.45 	 8.999499 
0.45 	 8.995684 
0.45 	 8.991855 
0.45 	 8.988012 
0.45 	 8.984155 
0.46 	 8.980284 
0.46 	 8.976399 
0.46 	 8.972500 
0.46 	 8.968587 
0.46 	 8.964660 
0.46 	 8.960719 
0.46 	 8.956764 
0.46 	 8.952794 
0.46 	 8.948811 
0.46 	 8.944813 
0.46 	 8.940800 
0.47 	 8.936773 
0.47 	 8.932732 
0.47 	 8.928676 
0.47 	 8.924606 
0.47 	 8.920521 
0.47 	 8.916422 
0.47 	 8.912308 
0.47 	 8.908179 
0.47 	 8.904035 
0.47 	 8.899877 
0.47 	 8.895704 
0.48 	 8.891515 
0.48 	 8.887312 
0.48 	 8.883094 
0.48 	 8.878861 
0.48 	 8.874613 
0.48 	 8.870349 
0.48 	 8.866071 
0.48 	 8.861777 
0.48 	 8.857468 
0.48 	 8.853144 
0.48 	 8.848804 
0.49 	 8.844449 
0.49 	 8.840078 
0.49 	 8.835692 
0.49 	 8.831291 
0.49 	 8.826873 
0.49 	 8.822440 
0.49 	 8.817992 
0.49 	 8.813528 
0.49 	 8.809047 
0.49 	 8.804551 
0.49 	 8.800040 
0.50 	 8.795512 
0.50 	 8.790968 
0.50 	 8.786408 
0.50 	 8.781832 
0.50 	 8.777240 
0.50 	 8.772632 
0.50 	 8.768008 
0.50 	 8.763367 
0.50 	 8.758710 
0.50 	 8.754037 
0.51 	 8.749347 
0.51 	 8.744641 
0.51 	 8.739918 
0.51 	 8.735179 
0.51 	 8.730423 
0.51 	 8.725650 
0.51 	 8.720861 
0.51 	 8.716055 
0.51 	 8.711232 
0.51 	 8.706392 
0.52 	 8.701536 
0.52 	 8.696662 
0.52 	 8.691772 
0.52 	 8.686864 
0.52 	 8.681939 
0.52 	 8.676997 
0.52 	 8.672038 
0.52 	 8.667062 
0.52 	 8.662068 
0.52 	 8.657057 
0.53 	 8.652029 
0.53 	 8.646983 
0.53 	 8.641919 
0.53 	 8.636838 
0.53 	 8.631740 
0.53 	 8.626623 
0.53 	 8.621489 
0.53 	 8.616338 
0.53 	 8.611168 
0.53 	 8.605981 
0.54 	 8.600775 
0.54 	 8.595552 
0.54 	 8.590311 
0.54 	 8.585051 
0.54 	 8.579774 
0.54 	 8.574478 
0.54 	 8.569165 
0.54 	 8.563832 
0.54 	 8.558482 
0.54 	 8.553113 
0.55 	 8.547726 
0.55 	 8.542320 
0.55 	 8.536896 
0.55 	 8.531453 
0.55 	 8.525992 
0.55 	 8.520511 
0.55 	 8.515013 
0.55 	 8.509495 
0.55 	 8.503958 
0.56 	 8.498403 
0.56 	 8.492829 
0.56 	 8.487235 
0.56 	 8.481623 
0.56 	 8.475991 
0.56 	 8.470341 
0.56 	 8.464671 
0.56 	 8.458982 
0.56 	 8.453273 
0.56 	 8.447546 
0.57 	 8.441798 
0.57 	 8.436032 
0.57 	 8.430246 
0.57 	 8.424440 
0.57 	 8.418614 
0.57 	 8.412769 
0.57 	 8.406905 
0.57 	 8.401020 
0.57 	 8.395116 
0.58 	 8.389191 
0.58 	 8.383247 
0.58 	 8.377283 
0.58 	 8.371299 
0.58 	 8.365294 
0.58 	 8.359270 
0.58 	 8.353225 
0.58 	 8.347160 
0.58 	 8.341075 
0.59 	 8.334969 
0.59 	 8.328843 
0.59 	 8.322697 
0.59 	 8.316530 
0.59 	 8.310342 
0.59 	 8.304134 
0.59 	 8.297905 
0.59 	 8.291655 
0.59 	 8.285385 
0.60 	 8.279094 
0.60 	 8.272781 
0.60 	 8.266448 
0.60 	 8.260094 
0.60 	 8.253719 
0.60 	 8.247323 
0.60 	 8.240905 
0.60 	 8.234466 
0.60 	 8.228006 
0.61 	 8.221525 
0.61 	 8.215023 
0.61 	 8.208498 
0.61 	 8.201953 
0.61 	 8.195386 
0.61 	 8.188797 
0.61 	 8.182187 
0.61 	 8.175555 
0.61 	 8.168901 
0.62 	 8.162225 
0.62 	 8.155528 
0.62 	 8.148809 
0.62 	 8.142067 
0.62 	 8.135304 
0.62 	 8.128518 
0.62 	 8.121711 
0.62 	 8.114881 
0.63 	 8.108029 
0.63 	 8.101155 
0.63 	 8.094258 
0.63 	 8.087340 
0.63 	 8.080398 
0.63 	 8.073434 
0.63 	 8.066448 
0.63 	 8.059439 
0.63 	 8.052407 
0.64 	 8.045353 
0.64 	 8.038275 
0.64 	 8.031175 
0.64 	 8.024052 
0.64 	 8.016907 
0.64 	 8.009738 
0.64 	 8.002546 
0.64 	 7.995331 
0.65 	 7.988093 
0.65 	 7.980832 
0.65 	 7.973547 
0.65 	 7.966240 
0.65 	 7.958908 
0.65 	 7.951554 
0.65 	 7.944176 
0.65 	 7.936774 
0.66 	 7.929349 
0.66 	 7.921901 
0.66 	 7.914428 
0.66 	 7.906932 
0.66 	 7.899412 
0.66 	 7.891869 
0.66 	 7.884301 
0.66 	 7.876710 
0.67 	 7.869094 
0.67 	 7.861455 
0.67 	 7.853791 
0.67 	 7.846104 
0.67 	 7.838392 
0.67 	 7.830656 
0.67 	 7.822895 
0.67 	 7.815110 
0.67 	 7.807301 
0.68 	 7.799468 
0.68 	 7.791609 
0.68 	 7.783727 
0.68 	 7.775819 
0.68 	 7.767888 
0.68 	 7.759931 
0.68 	 7.751949 
0.69 	 7.743943 
0.69 	 7.735912 
0.69 	 7.727856 
0.69 	 7.719775 
0.69 	 7.711669 
0.69 	 7.703538 
0.69 	 7.695382 
0.69 	 7.687200 
0.70 	 7.678994 
0.70 	 7.670762 
0.70 	 7.662505 
0.70 	 7.654222 
0.70 	 7.645914 
0.70 	 7.637581 
0.70 	 7.629222 
0.70 	 7.620837 
0.71 	 7.612427 
0.71 	 7.603991 
0.71 	 7.595530 
0.71 	 7.587043 
0.71 	 7.578529 
0.71 	 7.569990 
0.71 	 7.561425 
0.71 	 7.552835 
0.72 	 7.544218 
0.72 	 7.535575 
0.72 	 7.526906 
0.72 	 7.518210 
0.72 	 7.509489 
0.72 	 7.500741 
0.72 	 7.491967 
0.73 	 7.483167 
0.73 	 7.474340 
0.73 	 7.465486 
0.73 	 7.456607 
0.73 	 7.447700 
0.73 	 7.438767 
0.73 	 7.429808 
0.73 	 7.420822 
0.74 	 7.411809 
0.74 	 7.402769 
0.74 	 7.393702 
0.74 	 7.384609 
0.74 	 7.375488 
0.74 	 7.366341 
0.74 	 7.357167 
0.75 	 7.347965 
0.75 	 7.338737 
0.75 	 7.329481 
0.75 	 7.320198 
0.75 	 7.310888 
0.75 	 7.301550 
0.75 	 7.292186 
0.75 	 7.282793 
0.76 	 7.273374 
0.76 	 7.263927 
0.76 	 7.254452 
0.76 	 7.244950 
0.76 	 7.235421 
0.76 	 7.225863 
0.76 	 7.216278 
0.77 	 7.206665 
0.77 	 7.197025 
0.77 	 7.187356 
0.77 	 7.177660 
0.77 	 7.167936 
0.77 	 7.158184 
0.77 	 7.148404 
0.78 	 7.138596 
0.78 	 7.128760 
0.78 	 7.118896 
0.78 	 7.109003 
0.78 	 7.099083 
0.78 	 7.089134 
0.78 	 7.079157 
0.79 	 7.069151 
0.79 	 7.059118 
0.79 	 7.049056 
0.79 	 7.038965 
0.79 	 7.028846 
0.79 	 7.018698 
0.79 	 7.008522 
0.80 	 6.998318 
0.80 	 6.988084 
0.80 	 6.977822 
0.80 	 6.967532 
0.80 	 6.957212 
0.80 	 6.946864 
0.80 	 6.936487 
0.81 	 6.926081 
0.81 	 6.915647 
0.81 	 6.905183 
0.81 	 6.894690 
0.81 	 6.884169 
0.81 	 6.873618 
0.81 	 6.863038 
0.82 	 6.852430 
0.82 	 6.841792 
0.82 	 6.831125 
0.82 	 6.820428 
0.82 	 6.809703 
0.82 	 6.798948 
0.82 	 6.788164 
0.83 	 6.777350 
0.83 	 6.766507 
0.83 	 6.755635 
0.83 	 6.744733 
0.83 	 6.733802 
0.83 	 6.722842 
0.83 	 6.711851 
0.84 	 6.700832 
0.84 	 6.689782 
0.84 	 6.678703 
0.84 	 6.667595 
0.84 	 6.656457 
0.84 	 6.645289 
0.85 	 6.634091 
0.85 	 6.622863 
0.85 	 6.611606 
0.85 	 6.600319 
0.85 	 6.589002 
0.85 	 6.577655 
0.85 	 6.566278 
0.86 	 6.554872 
0.86 	 6.543435 
0.86 	 6.531968 
0.86 	 6.520472 
0.86 	 6.508945 
0.86 	 6.497388 
0.87 	 6.485801 
0.87 	 6.474184 
0.87 	 6.462537 
0.87 	 6.450860 
0.87 	 6.439153 
0.87 	 6.427415 
0.87 	 6.415647 
0.88 	 6.403849 
0.88 	 6.392021 
0.88 	 6.380162 
0.88 	 6.368273 
0.88 	 6.356354 
0.88 	 6.344404 
0.89 	 6.332424 
0.89 	 6.320414 
0.89 	 6.308373 
0.89 	 6.296301 
0.89 	 6.284200 
0.89 	 6.272068 
0.89 	 6.259905 
0.90 	 6.247712 
0.90 	 6.235488 
0.90 	 6.223234 
0.90 	 6.210949 
0.90 	 6.198634 
0.90 	 6.186288 
0.91 	 6.173911 
0.91 	 6.161504 
0.91 	 6.149066 
0.91 	 6.136598 
0.91 	 6.124099 
0.91 	 6.111569 
0.91 	 6.099009 
0.92 	 6.086418 
0.92 	 6.073796 
0.92 	 6.061143 
0.92 	 6.048460 
0.92 	 6.035746 
0.92 	 6.023002 
0.93 	 6.010226 
0.93 	 5.997420 
0.93 	 5.984583 
0.93 	 5.971715 
0.93 	 5.958817 
0.93 	 5.945888 
0.94 	 5.932928 
0.94 	 5.919937 
0.94 	 5.906915 
0.94 	 5.893863 
0.94 	 5.880780 
0.94 	 5.867665 
0.95 	 5.854521 
0.95 	 5.841345 
0.95 	 5.828138 
0.95 	 5.814901 
0.95 	 5.801633 
0.95 	 5.788334 
0.96 	 5.775004 
0.96 	 5.761643 
0.96 	 5.748252 
0.96 	 5.734830 
0.96 	 5.721376 
0.96 	 5.707892 
0.96 	 5.694378 
0.97 	 5.680832 
0.97 	 5.667256 
0.97 	 5.653648 
0.97 	 5.640010 
0.97 	 5.626342 
0.97 	 5.612642 
0.98 	 5.598912 
0.98 	 5.585150 
0.98 	 5.571358 
0.98 	 5.557536 
0.98 	 5.543682 
0.98 	 5.529798 
0.99 	 5.515883 
0.99 	 5.501937 
0.99 	 5.487961 
0.99 	 5.473954 
0.99 	 5.459916 
0.99 	 5.445847 
1.00 	 5.431748 
1.00 	 5.417618 
1.00 	 5.403458 
1.00 	 5.389267 
1.00 	 5.375045 
1.01 	 5.360793 
1.01 	 5.346510 
1.01 	 5.332196 
1.01 	 5.317852 
1.01 	 5.303478 
1.01 	 5.289073 
1.02 	 5.274637 
1.02 	 5.260171 
1.02 	 5.245674 
1.02 	 5.231147 
1.02 	 5.216590 
1.02 	 5.202002 
1.03 	 5.187384 
1.03 	 5.172735 
1.03 	 5.158057 
1.03 	 5.143347 
1.03 	 5.128608 
1.03 	 5.113838 
1.04 	 5.099038 
1.04 	 5.084208 
1.04 	 5.069348 
1.04 	 5.054457 
1.04 	 5.039537 
1.04 	 5.024586 
1.05 	 5.009605 
1.05 	 4.994595 
1.05 	 4.979554 
1.05 	 4.964483 
1.05 	 4.949382 
1.05 	 4.934252 
1.06 	 4.919091 
1.06 	 4.903901 
1.06 	 4.888681 
1.06 	 4.873431 
1.06 	 4.858151 
1.07 	 4.842842 
1.07 	 4.827503 
1.07 	 4.812134 
1.07 	 4.796736 
1.07 	 4.781308 
1.07 	 4.765851 
1.08 	 4.750364 
1.08 	 4.734848 
1.08 	 4.719303 
1.08 	 4.703728 
1.08 	 4.688123 
1.08 	 4.672490 
1.09 	 4.656827 
1.09 	 4.641135 
1.09 	 4.625414 
1.09 	 4.609664 
1.09 	 4.593885 
1.10 	 4.578076 
1.10 	 4.562239 
1.10 	 4.546373 
1.10 	 4.530478 
1.10 	 4.514555 
1.10 	 4.498602 
1.11 	 4.482621 
1.11 	 4.466611 
1.11 	 4.450573 
1.11 	 4.434506 
1.11 	 4.418410 
1.11 	 4.402286 
1.12 	 4.386134 
1.12 	 4.369953 
1.12 	 4.353744 
1.12 	 4.337507 
1.12 	 4.321242 
1.13 	 4.304948 
1.13 	 4.288627 
1.13 	 4.272277 
1.13 	 4.255900 
1.13 	 4.239495 
1.13 	 4.223061 
1.14 	 4.206601 
1.14 	 4.190112 
1.14 	 4.173596 
1.14 	 4.157052 
1.14 	 4.140481 
1.15 	 4.123882 
1.15 	 4.107256 
1.15 	 4.090603 
1.15 	 4.073922 
1.15 	 4.057214 
1.15 	 4.040479 
1.16 	 4.023718 
1.16 	 4.006929 
1.16 	 3.990113 
1.16 	 3.973270 
1.16 	 3.956401 
1.17 	 3.939505 
1.17 	 3.922582 
1.17 	 3.905633 
1.17 	 3.888657 
1.17 	 3.871655 
1.18 	 3.854627 
1.18 	 3.837573 
1.18 	 3.820492 
1.18 	 3.803385 
1.18 	 3.786252 
1.18 	 3.769093 
1.19 	 3.751909 
1.19 	 3.734698 
1.19 	 3.717462 
1.19 	 3.700201 
1.19 	 3.682914 
1.20 	 3.665601 
1.20 	 3.648263 
1.20 	 3.630900 
1.20 	 3.613511 
1.20 	 3.596098 
1.20 	 3.578659 
1.21 	 3.561195 
1.21 	 3.543707 
1.21 	 3.526194 
1.21 	 3.508656 
1.21 	 3.491094 
1.22 	 3.473507 
1.22 	 3.455895 
1.22 	 3.438260 
1.22 	 3.420600 
1.22 	 3.402916 
1.23 	 3.385208 
1.23 	 3.367476 
1.23 	 3.349720 
1.23 	 3.331940 
1.23 	 3.314137 
1.23 	 3.296310 
1.24 	 3.278460 
1.24 	 3.260586 
1.24 	 3.242689 
1.24 	 3.224769 
1.24 	 3.206826 
1.25 	 3.188860 
1.25 	 3.170871 
1.25 	 3.152859 
1.25 	 3.134824 
1.25 	 3.116767 
1.26 	 3.098687 
1.26 	 3.080586 
1.26 	 3.062461 
1.26 	 3.044315 
1.26 	 3.026146 
1.27 	 3.007956 
1.27 	 2.989744 
1.27 	 2.971510 
1.27 	 2.953254 
1.27 	 2.934977 
1.27 	 2.916678 
1.28 	 2.898359 
1.28 	 2.880017 
1.28 	 2.861655 
1.28 	 2.843272 
1.28 	 2.824868 
1.29 	 2.806443 
1.29 	 2.787998 
1.29 	 2.769532 
1.29 	 2.751046 
1.29 	 2.732539 
1.30 	 2.714012 
1.30 	 2.695466 
1.30 	 2.676899 
1.30 	 2.658312 
1.30 	 2.639706 
1.31 	 2.621080 
1.31 	 2.602434 
1.31 	 2.583770 
1.31 	 2.565086 
1.31 	 2.546382 
1.32 	 2.527660 
1.32 	 2.508919 
1.32 	 2.490159 
1.32 	 2.471381 
1.32 	 2.452584 
1.32 	 2.433769 
1.33 	 2.414935 
1.33 	 2.396083 
1.33 	 2.377214 
1.33 	 2.358326 
1.33 	 2.339421 
1.34 	 2.320498 
1.34 	 2.301557 
1.34 	 2.282599 
1.34 	 2.263624 
1.34 	 2.244632 
1.35 	 2.225622 
1.35 	 2.206596 
1.35 	 2.187553 
1.35 	 2.168494 
1.35 	 2.149418 
1.36 	 2.130326 
1.36 	 2.111217 
1.36 	 2.092092 
1.36 	 2.072952 
1.36 	 2.053796 
1.37 	 2.034623 
1.37 	 2.015436 
1.37 	 1.996233 
1.37 	 1.977015 
1.37 	 1.957781 
1.38 	 1.938533 
1.38 	 1.919270 
1.38 	 1.899992 
1.38 	 1.880699 
1.38 	 1.861392 
1.39 	 1.842071 
1.39 	 1.822735 
1.39 	 1.803386 
1.39 	 1.784022 
1.39 	 1.764645 
1.40 	 1.745254 
1.40 	 1.725850 
1.40 	 1.706432 
1.40 	 1.687002 
1.40 	 1.667558 
1.41 	 1.648101 
1.41 	 1.628632 
1.41 	 1.609150 
1.41 	 1.589655 
1.41 	 1.570148 
1.42 	 1.550629 
1.42 	 1.531098 
1.42 	 1.511555 
1.42 	 1.492000 
1.42 	 1.472434 
1.42 	 1.452856 
1.43 	 1.433267 
1.43 	 1.413667 
1.43 	 1.394055 
1.43 	 1.374433 
1.43 	 1.354800 
1.44 	 1.335157 
1.44 	 1.315503 
1.44 	 1.295839 
1.44 	 1.276165 
1.44 	 1.256480 
1.45 	 1.236786 
1.45 	 1.217083 
1.45 	 1.197369 
1.45 	 1.177647 
1.45 	 1.157915 
1.46 	 1.138174 
1.46 	 1.118424 
1.46 	 1.098666 
1.46 	 1.078898 
1.46 	 1.059123 
1.47 	 1.039339 
1.47 	 1.019547 
1.47 	 0.999747 
1.47 	 0.979939 
1.47 	 0.960123 
1.48 	 0.940300 
1.48 	 0.920470 
1.48 	 0.900632 
1.48 	 0.880787 
1.48 	 0.860935 
1.49 	 0.841077 
1.49 	 0.821212 
1.49 	 0.801340 
1.49 	 0.781462 
1.49 	 0.761578 
1.50 	 0.741688 
1.50 	 0.721793 
1.50 	 0.701891 
1.50 	 0.681984 
1.50 	 0.662072 
1.51 	 0.642154 
1.51 	 0.622232 
1.51 	 0.602304 
1.51 	 0.582372 
1.51 	 0.562436 
1.52 	 0.542495 
1.52 	 0.522549 
1.52 	 0.502600 
1.52 	 0.482646 
1.52 	 0.462689 
1.53 	 0.442728 
1.53 	 0.422764 
1.53 	 0.402797 
1.53 	 0.382826 
1.53 	 0.362852 
1.54 	 0.342876 
1.54 	 0.322897 
1.54 	 0.302915 
1.54 	 0.282931 
1.54 	 0.262945 
1.55 	 0.242957 
1.55 	 0.222967 
1.55 	 0.202975 
1.55 	 0.182982 
1.55 	 0.162987 
1.56 	 0.142991 
1.56 	 0.122994 
1.56 	 0.102996 
1.56 	 0.082998 
1.56 	 0.062999 
1.57 	 0.042999 
1.57 	 0.022999 
1.57 	 0.002999 
1.57 	 -0.017001 
1.57 	 -0.037000 
1.58 	 -0.057000 
1.58 	 -0.076998 
1.58 	 -0.096997 
1.58 	 -0.116994 
1.58 	 -0.136990 
1.59 	 -0.156985 
1.59 	 -0.176979 
1.59 	 -0.196971 
1.59 	 -0.216962 
1.59 	 -0.236950 
1.60 	 -0.256937 
1.60 	 -0.276922 
1.60 	 -0.296904 
1.60 	 -0.316884 
1.60 	 -0.336861 
1.61 	 -0.356836 
1.61 	 -0.376807 
1.61 	 -0.396776 
1.61 	 -0.416741 
1.61 	 -0.436703 
1.62 	 -0.456661 
1.62 	 -0.476616 
1.62 	 -0.496566 
1.62 	 -0.516513 
1.62 	 -0.536455 
1.63 	 -0.556393 
1.63 	 -0.576327 
1.63 	 -0.596256 
1.63 	 -0.616180 
1.63 	 -0.636099 
1.64 	 -0.656013 
1.64 	 -0.675921 
1.64 	 -0.695825 
1.64 	 -0.715722 
1.64 	 -0.735614 
1.65 	 -0.755500 
1.65 	 -0.775379 
1.65 	 -0.795253 
1.65 	 -0.815120 
1.65 	 -0.834980 
1.66 	 -0.854834 
1.66 	 -0.874681 
1.66 	 -0.894521 
1.66 	 -0.914354 
1.66 	 -0.934179 
1.67 	 -0.953997 
1.67 	 -0.973808 
1.67 	 -0.993610 
1.67 	 -1.013405 
1.67 	 -1.033191 
1.68 	 -1.052969 
1.68 	 -1.072739 
1.68 	 -1.092501 
1.68 	 -1.112253 
1.68 	 -1.131997 
1.69 	 -1.151731 
1.69 	 -1.171457 
1.69 	 -1.191173 
1.69 	 -1.210880 
1.69 	 -1.230577 
1.70 	 -1.250264 
1.70 	 -1.269942 
1.70 	 -1.289609 
1.70 	 -1.309266 
1.70 	 -1.328913 
1.71 	 -1.348549 
1.71 	 -1.368175 
1.71 	 -1.387790 
1.71 	 -1.407393 
1.71 	 -1.426986 
1.72 	 -1.446568 
1.72 	 -1.466138 
1.72 	 -1.485696 
1.72 	 -1.505243 
1.72 	 -1.524778 
1.73 	 -1.544301 
1.73 	 -1.563812 
1.73 	 -1.583310 
1.73 	 -1.602797 
1.73 	 -1.622270 
1.74 	 -1.641731 
1.74 	 -1.661179 
1.74 	 -1.680614 
1.74 	 -1.700036 
1.74 	 -1.719445 
1.75 	 -1.738840 
1.75 	 -1.758222 
1.75 	 -1.777590 
1.75 	 -1.796944 
1.75 	 -1.816284 
1.76 	 -1.835610 
1.76 	 -1.854922 
1.76 	 -1.874220 
1.76 	 -1.893503 
1.76 	 -1.912771 
1.77 	 -1.932024 
1.77 	 -1.951263 
1.77 	 -1.970486 
1.77 	 -1.989694 
1.77 	 -2.008887 
1.78 	 -2.028064 
1.78 	 -2.047226 
1.78 	 -2.066372 
1.78 	 -2.085502 
1.78 	 -2.104616 
1.78 	 -2.123714 
1.79 	 -2.142796 
1.79 	 -2.161861 
1.79 	 -2.180910 
1.79 	 -2.199942 
1.79 	 -2.218957 
1.80 	 -2.237955 
1.80 	 -2.256937 
1.80 	 -2.275901 
1.80 	 -2.294847 
1.80 	 -2.313777 
1.81 	 -2.332688 
1.81 	 -2.351582 
1.81 	 -2.370458 
1.81 	 -2.389317 
1.81 	 -2.408157 
1.82 	 -2.426979 
1.82 	 -2.445782 
1.82 	 -2.464568 
1.82 	 -2.483334 
1.82 	 -2.502082 
1.83 	 -2.520811 
1.83 	 -2.539521 
1.83 	 -2.558212 
1.83 	 -2.576884 
1.83 	 -2.595537 
1.84 	 -2.614170 
1.84 	 -2.632784 
1.84 	 -2.651378 
1.84 	 -2.669952 
1.84 	 -2.688506 
1.84 	 -2.707041 
1.85 	 -2.725555 
1.85 	 -2.744049 
1.85 	 -2.762523 
1.85 	 -2.780976 
1.85 	 -2.799408 
1.86 	 -2.817820 
1.86 	 -2.836211 
1.86 	 -2.854582 
1.86 	 -2.872931 
1.86 	 -2.891259 
1.87 	 -2.909566 
1.87 	 -2.927851 
1.87 	 -2.946115 
1.87 	 -2.964358 
1.87 	 -2.982579 
1.88 	 -3.000778 
1.88 	 -3.018955 
1.88 	 -3.037110 
1.88 	 -3.055243 
1.88 	 -3.073354 
1.89 	 -3.091443 
1.89 	 -3.109509 
1.89 	 -3.127552 
1.89 	 -3.145573 
1.89 	 -3.163572 
1.89 	 -3.181547 
1.90 	 -3.199500 
1.90 	 -3.217429 
1.90 	 -3.235336 
1.90 	 -3.253219 
1.90 	 -3.271079 
1.91 	 -3.288916 
1.91 	 -3.306729 
1.91 	 -3.324518 
1.91 	 -3.342284 
1.91 	 -3.360026 
1.92 	 -3.377744 
1.92 	 -3.395438 
1.92 	 -3.413109 
1.92 	 -3.430755 
1.92 	 -3.448376 
1.92 	 -3.465974 
1.93 	 -3.483547 
1.93 	 -3.501095 
1.93 	 -3.518619 
1.93 	 -3.536118 
1.93 	 -3.553592 
1.94 	 -3.571042 
1.94 	 -3.588466 
1.94 	 -3.605866 
1.94 	 -3.623240 
1.94 	 -3.640589 
1.95 	 -3.657913 
1.95 	 -3.675212 
1.95 	 -3.692485 
1.95 	 -3.709733 
1.95 	 -3.726954 
1.95 	 -3.744151 
1.96 	 -3.761321 
1.96 	 -3.778466 
1.96 	 -3.795584 
1.96 	 -3.812677 
1.96 	 -3.829744 
1.97 	 -3.846784 
1.97 	 -3.863798 
1.97 	 -3.880786 
1.97 	 -3.897748 
1.97 	 -3.914683 
1.97 	 -3.931591 
1.98 	 -3.948473 
1.98 	 -3.965328 
1.98 	 -3.982157 
1.98 	 -3.998958 
1.98 	 -4.015733 
1.99 	 -4.032481 
1.99 	 -4.049202 
1.99 	 -4.065895 
1.99 	 -4.082562 
1.99 	 -4.099201 
1.99 	 -4.115813 
2.00 	 -4.132398 
2.00 	 -4.148955 
2.00 	 -4.165485 
2.00 	 -4.181987 
2.00 	 -4.198461 
2.01 	 -4.214908 
2.01 	 -4.231327 
2.01 	 -4.247719 
2.01 	 -4.264082 
2.01 	 -4.280418 
2.01 	 -4.296725 
2.02 	 -4.313005 
2.02 	 -4.329256 
2.02 	 -4.345480 
2.02 	 -4.361675 
2.02 	 -4.377842 
2.03 	 -4.393980 
2.03 	 -4.410090 
2.03 	 -4.426172 
2.03 	 -4.442225 
2.03 	 -4.458250 
2.03 	 -4.474246 
2.04 	 -4.490214 
2.04 	 -4.506153 
2.04 	 -4.522063 
2.04 	 -4.537944 
2.04 	 -4.553797 
2.05 	 -4.569621 
2.05 	 -4.585415 
2.05 	 -4.601181 
2.05 	 -4.616918 
2.05 	 -4.632626 
2.05 	 -4.648304 
2.06 	 -4.663954 
2.06 	 -4.679574 
2.06 	 -4.695165 
2.06 	 -4.710727 
2.06 	 -4.726259 
2.06 	 -4.741762 
2.07 	 -4.757236 
2.07 	 -4.772680 
2.07 	 -4.788095 
2.07 	 -4.803480 
2.07 	 -4.818836 
2.08 	 -4.834162 
2.08 	 -4.849459 
2.08 	 -4.864726 
2.08 	 -4.879963 
2.08 	 -4.895170 
2.08 	 -4.910348 
2.09 	 -4.925496 
2.09 	 -4.940614 
2.09 	 -4.955702 
2.09 	 -4.970760 
2.09 	 -4.985789 
2.09 	 -5.000787 
2.10 	 -5.015755 
2.10 	 -5.030694 
2.10 	 -5.045602 
2.10 	 -5.060480 
2.10 	 -5.075329 
2.10 	 -5.090147 
2.11 	 -5.104935 
2.11 	 -5.119692 
2.11 	 -5.134420 
2.11 	 -5.149117 
2.11 	 -5.163784 
2.12 	 -5.178421 
2.12 	 -5.193027 
2.12 	 -5.207603 
2.12 	 -5.222149 
2.12 	 -5.236665 
2.12 	 -5.251150 
2.13 	 -5.265604 
2.13 	 -5.280029 
2.13 	 -5.294422 
2.13 	 -5.308786 
2.13 	 -5.323119 
2.13 	 -5.337421 
2.14 	 -5.351693 
2.14 	 -5.365934 
2.14 	 -5.380145 
2.14 	 -5.394325 
2.14 	 -5.408475 
2.14 	 -5.422594 
2.15 	 -5.436682 
2.15 	 -5.450740 
2.15 	 -5.464767 
2.15 	 -5.478764 
2.15 	 -5.492730 
2.15 	 -5.506665 
2.16 	 -5.520570 
2.16 	 -5.534444 
2.16 	 -5.548287 
2.16 	 -5.562100 
2.16 	 -5.575881 
2.16 	 -5.589633 
2.17 	 -5.603353 
2.17 	 -5.617043 
2.17 	 -5.630702 
2.17 	 -5.644330 
2.17 	 -5.657928 
2.17 	 -5.671494 
2.18 	 -5.685030 
2.18 	 -5.698536 
2.18 	 -5.712010 
2.18 	 -5.725454 
2.18 	 -5.738867 
2.18 	 -5.752249 
2.19 	 -5.765601 
2.19 	 -5.778922 
2.19 	 -5.792212 
2.19 	 -5.805471 
2.19 	 -5.818700 
2.19 	 -5.831897 
2.20 	 -5.845064 
2.20 	 -5.858201 
2.20 	 -5.871306 
2.20 	 -5.884381 
2.20 	 -5.897425 
2.20 	 -5.910438 
2.20 	 -5.923421 
2.21 	 -5.936373 
2.21 	 -5.949294 
2.21 	 -5.962184 
2.21 	 -5.975044 
2.21 	 -5.987873 
2.21 	 -6.000671 
2.22 	 -6.013439 
2.22 	 -6.026176 
2.22 	 -6.038882 
2.22 	 -6.051558 
2.22 	 -6.064203 
2.22 	 -6.076818 
2.23 	 -6.089401 
2.23 	 -6.101955 
2.23 	 -6.114477 
2.23 	 -6.126969 
2.23 	 -6.139431 
2.23 	 -6.151861 
2.23 	 -6.164262 
2.24 	 -6.176632 
2.24 	 -6.188971 
2.24 	 -6.201280 
2.24 	 -6.213558 
2.24 	 -6.225806 
2.24 	 -6.238023 
2.25 	 -6.250210 
2.25 	 -6.262367 
2.25 	 -6.274493 
2.25 	 -6.286589 
2.25 	 -6.298654 
2.25 	 -6.310689 
2.26 	 -6.322694 
2.26 	 -6.334668 
2.26 	 -6.346612 
2.26 	 -6.358526 
2.26 	 -6.370409 
2.26 	 -6.382263 
2.26 	 -6.394086 
2.27 	 -6.405879 
2.27 	 -6.417641 
2.27 	 -6.429374 
2.27 	 -6.441076 
2.27 	 -6.452749 
2.27 	 -6.464391 
2.28 	 -6.476003 
2.28 	 -6.487586 
2.28 	 -6.499138 
2.28 	 -6.510660 
2.28 	 -6.522152 
2.28 	 -6.533615 
2.28 	 -6.545047 
2.29 	 -6.556450 
2.29 	 -6.567822 
2.29 	 -6.579165 
2.29 	 -6.590478 
2.29 	 -6.601762 
2.29 	 -6.613015 
2.29 	 -6.624239 
2.30 	 -6.635433 
2.30 	 -6.646598 
2.30 	 -6.657733 
2.30 	 -6.668838 
2.30 	 -6.679914 
2.30 	 -6.690960 
2.31 	 -6.701976 
2.31 	 -6.712964 
2.31 	 -6.723921 
2.31 	 -6.734850 
2.31 	 -6.745749 
2.31 	 -6.756618 
2.31 	 -6.767458 
2.32 	 -6.778269 
2.32 	 -6.789051 
2.32 	 -6.799804 
2.32 	 -6.810527 
2.32 	 -6.821221 
2.32 	 -6.831886 
2.32 	 -6.842522 
2.33 	 -6.853129 
2.33 	 -6.863707 
2.33 	 -6.874256 
2.33 	 -6.884776 
2.33 	 -6.895267 
2.33 	 -6.905729 
2.33 	 -6.916162 
2.34 	 -6.926567 
2.34 	 -6.936942 
2.34 	 -6.947289 
2.34 	 -6.957608 
2.34 	 -6.967897 
2.34 	 -6.978158 
2.34 	 -6.988391 
2.35 	 -6.998595 
2.35 	 -7.008770 
2.35 	 -7.018917 
2.35 	 -7.029036 
2.35 	 -7.039126 
2.35 	 -7.049187 
2.35 	 -7.059221 
2.36 	 -7.069226 
2.36 	 -7.079203 
2.36 	 -7.089152 
2.36 	 -7.099072 
2.36 	 -7.108965 
2.36 	 -7.118829 
2.36 	 -7.128666 
2.37 	 -7.138474 
2.37 	 -7.148255 
2.37 	 -7.158007 
2.37 	 -7.167732 
2.37 	 -7.177429 
2.37 	 -7.187098 
2.37 	 -7.196739 
2.38 	 -7.206353 
2.38 	 -7.215939 
2.38 	 -7.225497 
2.38 	 -7.235028 
2.38 	 -7.244531 
2.38 	 -7.254007 
2.38 	 -7.263456 
2.39 	 -7.272877 
2.39 	 -7.282270 
2.39 	 -7.291637 
2.39 	 -7.300976 
2.39 	 -7.310288 
2.39 	 -7.319572 
2.39 	 -7.328830 
2.39 	 -7.338061 
2.40 	 -7.347264 
2.40 	 -7.356441 
2.40 	 -7.365590 
2.40 	 -7.374713 
2.40 	 -7.383809 
2.40 	 -7.392878 
2.40 	 -7.401920 
2.41 	 -7.410936 
2.41 	 -7.419925 
2.41 	 -7.428887 
2.41 	 -7.437823 
2.41 	 -7.446732 
2.41 	 -7.455615 
2.41 	 -7.464471 
2.41 	 -7.473301 
2.42 	 -7.482104 
2.42 	 -7.490882 
2.42 	 -7.499633 
2.42 	 -7.508358 
2.42 	 -7.517056 
2.42 	 -7.525729 
2.42 	 -7.534376 
2.43 	 -7.542996 
2.43 	 -7.551591 
2.43 	 -7.560160 
2.43 	 -7.568703 
2.43 	 -7.577220 
2.43 	 -7.585711 
2.43 	 -7.594177 
2.43 	 -7.602617 
2.44 	 -7.611031 
2.44 	 -7.619420 
2.44 	 -7.627783 
2.44 	 -7.636121 
2.44 	 -7.644434 
2.44 	 -7.652721 
2.44 	 -7.660983 
2.44 	 -7.669219 
2.45 	 -7.677431 
2.45 	 -7.685617 
2.45 	 -7.693778 
2.45 	 -7.701914 
2.45 	 -7.710025 
2.45 	 -7.718111 
2.45 	 -7.726173 
2.46 	 -7.734209 
2.46 	 -7.742220 
2.46 	 -7.750207 
2.46 	 -7.758169 
2.46 	 -7.766107 
2.46 	 -7.774020 
2.46 	 -7.781908 
2.46 	 -7.789772 
2.47 	 -7.797611 
2.47 	 -7.805426 
2.47 	 -7.813217 
2.47 	 -7.820984 
2.47 	 -7.828726 
2.47 	 -7.836444 
2.47 	 -7.844138 
2.47 	 -7.851807 
2.48 	 -7.859453 
2.48 	 -7.867075 
2.48 	 -7.874673 
2.48 	 -7.882247 
2.48 	 -7.889797 
2.48 	 -7.897323 
2.48 	 -7.904826 
2.48 	 -7.912305 
2.48 	 -7.919761 
2.49 	 -7.927193 
2.49 	 -7.934601 
2.49 	 -7.941986 
2.49 	 -7.949347 
2.49 	 -7.956686 
2.49 	 -7.964001 
2.49 	 -7.971292 
2.49 	 -7.978561 
2.50 	 -7.985806 
2.50 	 -7.993028 
2.50 	 -8.000228 
2.50 	 -8.007404 
2.50 	 -8.014557 
2.50 	 -8.021688 
2.50 	 -8.028795 
2.50 	 -8.035880 
2.51 	 -8.042942 
2.51 	 -8.049982 
2.51 	 -8.056999 
2.51 	 -8.063993 
2.51 	 -8.070965 
2.51 	 -8.077915 
2.51 	 -8.084842 
2.51 	 -8.091746 
2.51 	 -8.098629 
2.52 	 -8.105489 
2.52 	 -8.112327 
2.52 	 -8.119143 
2.52 	 -8.125937 
2.52 	 -8.132708 
2.52 	 -8.139458 
2.52 	 -8.146186 
2.52 	 -8.152892 
2.53 	 -8.159576 
2.53 	 -8.166239 
2.53 	 -8.172880 
2.53 	 -8.179499 
2.53 	 -8.186096 
2.53 	 -8.192672 
2.53 	 -8.199227 
2.53 	 -8.205760 
2.53 	 -8.212272 
2.54 	 -8.218762 
2.54 	 -8.225231 
2.54 	 -8.231679 
2.54 	 -8.238106 
2.54 	 -8.244511 
2.54 	 -8.250896 
2.54 	 -8.257259 
2.54 	 -8.263602 
2.54 	 -8.269923 
2.55 	 -8.276224 
2.55 	 -8.282504 
2.55 	 -8.288763 
2.55 	 -8.295002 
2.55 	 -8.301220 
2.55 	 -8.307417 
2.55 	 -8.313594 
2.55 	 -8.319750 
2.55 	 -8.325886 
2.56 	 -8.332002 
2.56 	 -8.338097 
2.56 	 -8.344172 
2.56 	 -8.350227 
2.56 	 -8.356261 
2.56 	 -8.362276 
2.56 	 -8.368270 
2.56 	 -8.374244 
2.56 	 -8.380199 
2.57 	 -8.386133 
2.57 	 -8.392048 
2.57 	 -8.397943 
2.57 	 -8.403818 
2.57 	 -8.409674 
2.57 	 -8.415509 
2.57 	 -8.421326 
2.57 	 -8.427122 
2.57 	 -8.432900 
2.58 	 -8.438657 
2.58 	 -8.444396 
2.58 	 -8.450115 
2.58 	 -8.455815 
2.58 	 -8.461495 
2.58 	 -8.467157 
2.58 	 -8.472799 
2.58 	 -8.478422 
2.58 	 -8.484026 
2.58 	 -8.489612 
2.59 	 -8.495178 
2.59 	 -8.500726 
2.59 	 -8.506254 
2.59 	 -8.511764 
2.59 	 -8.517256 
2.59 	 -8.522728 
2.59 	 -8.528182 
2.59 	 -8.533618 
2.59 	 -8.539035 
2.60 	 -8.544433 
2.60 	 -8.549813 
2.60 	 -8.555175 
2.60 	 -8.560518 
2.60 	 -8.565844 
2.60 	 -8.571151 
2.60 	 -8.576440 
2.60 	 -8.581710 
2.60 	 -8.586963 
2.60 	 -8.592198 
2.61 	 -8.597415 
2.61 	 -8.602614 
2.61 	 -8.607795 
2.61 	 -8.612958 
2.61 	 -8.618104 
2.61 	 -8.623232 
2.61 	 -8.628342 
2.61 	 -8.633435 
2.61 	 -8.638510 
2.61 	 -8.643568 
2.62 	 -8.648608 
2.62 	 -8.653631 
2.62 	 -8.658637 
2.62 	 -8.663625 
2.62 	 -8.668596 
2.62 	 -8.673550 
2.62 	 -8.678487 
2.62 	 -8.683406 
2.62 	 -8.688309 
2.62 	 -8.693195 
2.63 	 -8.698063 
2.63 	 -8.702915 
2.63 	 -8.707750 
2.63 	 -8.712569 
2.63 	 -8.717370 
2.63 	 -8.722155 
2.63 	 -8.726923 
2.63 	 -8.731674 
2.63 	 -8.736409 
2.63 	 -8.741128 
2.64 	 -8.745830 
2.64 	 -8.750516 
2.64 	 -8.755185 
2.64 	 -8.759838 
2.64 	 -8.764475 
2.64 	 -8.769095 
2.64 	 -8.773700 
2.64 	 -8.778288 
2.64 	 -8.782860 
2.64 	 -8.787417 
2.64 	 -8.791957 
2.65 	 -8.796481 
2.65 	 -8.800990 
2.65 	 -8.805482 
2.65 	 -8.809959 
2.65 	 -8.814421 
2.65 	 -8.818866 
2.65 	 -8.823296 
2.65 	 -8.827710 
2.65 	 -8.832109 
2.65 	 -8.836492 
2.66 	 -8.840860 
2.66 	 -8.845212 
2.66 	 -8.849550 
2.66 	 -8.853871 
2.66 	 -8.858178 
2.66 	 -8.862469 
2.66 	 -8.866745 
2.66 	 -8.871006 
2.66 	 -8.875252 
2.66 	 -8.879483 
2.66 	 -8.883699 
2.67 	 -8.887900 
2.67 	 -8.892086 
2.67 	 -8.896258 
2.67 	 -8.900414 
2.67 	 -8.904556 
2.67 	 -8.908683 
2.67 	 -8.912795 
2.67 	 -8.916893 
2.67 	 -8.920976 
2.67 	 -8.925045 
2.67 	 -8.929099 
2.68 	 -8.933139 
2.68 	 -8.937164 
2.68 	 -8.941176 
2.68 	 -8.945172 
2.68 	 -8.949155 
2.68 	 -8.953123 
2.68 	 -8.957077 
2.68 	 -8.961017 
2.68 	 -8.964943 
2.68 	 -8.968855 
2.68 	 -8.972753 
2.69 	 -8.976637 
2.69 	 -8.980507 
2.69 	 -8.984363 
2.69 	 -8.988206 
2.69 	 -8.992034 
2.69 	 -8.995849 
2.69 	 -8.999651 
2.69 	 -9.003438 
2.69 	 -9.007212 
2.69 	 -9.010973 
2.69 	 -9.014720 
2.69 	 -9.018453 
2.70 	 -9.022173 
2.70 	 -9.025880 
2.70 	 -9.029573 
2.70 	 -9.033253 
2.70 	 -9.036920 
2.70 	 -9.040574 
2.70 	 -9.044214 
2.70 	 -9.047841 
2.70 	 -9.051455 
2.70 	 -9.055057 
2.70 	 -9.058645 
2.71 	 -9.062220 
2.71 	 -9.065782 
2.71 	 -9.069332 
2.71 	 -9.072868 
2.71 	 -9.076392 
2.71 	 -9.079903 
2.71 	 -9.083402 
2.71 	 -9.086887 
2.71 	 -9.090360 
2.71 	 -9.093821 
2.71 	 -9.097269 
2.71 	 -9.100704 
2.72 	 -9.104127 
2.72 	 -9.107538 
2.72 	 -9.110936 
2.72 	 -9.114322 
2.72 	 -9.117695 
2.72 	 -9.121056 
2.72 	 -9.124405 
2.72 	 -9.127742 
2.72 	 -9.131067 
2.72 	 -9.134380 
2.72 	 -9.137680 
2.72 	 -9.140969 
2.72 	 -9.144245 
2.73 	 -9.147510 
2.73 	 -9.150762 
2.73 	 -9.154003 
2.73 	 -9.157232 
2.73 	 -9.160449 
2.73 	 -9.163655 
2.73 	 -9.166849 
2.73 	 -9.170031 
2.73 	 -9.173201 
2.73 	 -9.176360 
2.73 	 -9.179507 
2.73 	 -9.182643 
2.74 	 -9.185768 
2.74 	 -9.188880 
2.74 	 -9.191982 
2.74 	 -9.195072 
2.74 	 -9.198151 
2.74 	 -9.201218 
2.74 	 -9.204275 
2.74 	 -9.207320 
2.74 	 -9.210353 
2.74 	 -9.213376 
2.74 	 -9.216388 
2.74 	 -9.219388 
2.74 	 -9.222378 
2.75 	 -9.225356 
2.75 	 -9.228324 
2.75 	 -9.231281 
2.75 	 -9.234227 
2.75 	 -9.237162 
2.75 	 -9.240086 
2.75 	 -9.242999 
2.75 	 -9.245902 
2.75 	 -9.248794 
2.75 	 -9.251675 
2.75 	 -9.254546 
2.75 	 -9.257406 
2.75 	 -9.260255 
2.76 	 -9.263094 
2.76 	 -9.265923 
2.76 	 -9.268741 
2.76 	 -9.271548 
2.76 	 -9.274346 
2.76 	 -9.277133 
2.76 	 -9.279909 
2.76 	 -9.282676 
2.76 	 -9.285432 
2.76 	 -9.288178 
2.76 	 -9.290914 
2.76 	 -9.293639 
2.76 	 -9.296355 
2.76 	 -9.299060 
2.77 	 -9.301756 
2.77 	 -9.304441 
2.77 	 -9.307117 
2.77 	 -9.309782 
2.77 	 -9.312438 
2.77 	 -9.315084 
2.77 	 -9.317720 
2.77 	 -9.320346 
2.77 	 -9.322962 
2.77 	 -9.325569 
2.77 	 -9.328166 
2.77 	 -9.330754 
2.77 	 -9.333331 
2.78 	 -9.335900 
2.78 	 -9.338458 
2.78 	 -9.341007 
2.78 	 -9.343547 
2.78 	 -9.346077 
2.78 	 -9.348598 
2.78 	 -9.351109 
2.78 	 -9.353611 
2.78 	 -9.356104 
2.78 	 -9.358587 
2.78 	 -9.361061 
2.78 	 -9.363526 
2.78 	 -9.365982 
2.78 	 -9.368428 
2.78 	 -9.370866 
2.79 	 -9.373294 
2.79 	 -9.375713 
2.79 	 -9.378123 
2.79 	 -9.380524 
2.79 	 -9.382917 
2.79 	 -9.385300 
2.79 	 -9.387674 
2.79 	 -9.390039 
2.79 	 -9.392396 
2.79 	 -9.394744 
2.79 	 -9.397083 
2.79 	 -9.399413 
2.79 	 -9.401734 
2.79 	 -9.404047 
2.80 	 -9.406351 
2.80 	 -9.408647 
2.80 	 -9.410934 
2.80 	 -9.413212 
2.80 	 -9.415482 
2.80 	 -9.417743 
2.80 	 -9.419996 
2.80 	 -9.422240 
2.80 	 -9.424476 
2.80 	 -9.426703 
2.80 	 -9.428922 
2.80 	 -9.431133 
2.80 	 -9.433335 
2.80 	 -9.435529 
2.80 	 -9.437715 
2.81 	 -9.439893 
2.81 	 -9.442063 
2.81 	 -9.444224 
2.81 	 -9.446377 
2.81 	 -9.448522 
2.81 	 -9.450659 
2.81 	 -9.452788 
2.81 	 -9.454909 
2.81 	 -9.457022 
2.81 	 -9.459127 
2.81 	 -9.461224 
2.81 	 -9.463313 
2.81 	 -9.465394 
2.81 	 -9.467468 
2.81 	 -9.469533 
2.82 	 -9.471591 
2.82 	 -9.473641 
2.82 	 -9.475683 
2.82 	 -9.477718 
2.82 	 -9.479745 
2.82 	 -9.481764 
2.82 	 -9.483776 
2.82 	 -9.485780 
2.82 	 -9.487776 
2.82 	 -9.489765 
2.82 	 -9.491746 
2.82 	 -9.493720 
2.82 	 -9.495686 
2.82 	 -9.497645 
2.82 	 -9.499597 
2.82 	 -9.501541 
2.83 	 -9.503478 
2.83 	 -9.505407 
2.83 	 -9.507329 
2.83 	 -9.509244 
2.83 	 -9.511152 
2.83 	 -9.513052 
2.83 	 -9.514945 
2.83 	 -9.516831 
2.83 	 -9.518710 
2.83 	 -9.520582 
2.83 	 -9.522446 
2.83 	 -9.524304 
2.83 	 -9.526154 
2.83 	 -9.527998 
2.83 	 -9.529834 
2.83 	 -9.531664 
2.83 	 -9.533486 
2.84 	 -9.535302 
2.84 	 -9.537111 
2.84 	 -9.538912 
2.84 	 -9.540707 
2.84 	 -9.542495 
2.84 	 -9.544277 
2.84 	 -9.546051 
2.84 	 -9.547819 
2.84 	 -9.549580 
2.84 	 -9.551335 
2.84 	 -9.553082 
2.84 	 -9.554823 
2.84 	 -9.556558 
2.84 	 -9.558286 
2.84 	 -9.560007 
2.84 	 -9.561722 
2.85 	 -9.563430 
2.85 	 -9.565131 
2.85 	 -9.566827 
2.85 	 -9.568515 
2.85 	 -9.570198 
2.85 	 -9.571873 
2.85 	 -9.573543 
2.85 	 -9.575206 
2.85 	 -9.576863 
2.85 	 -9.578513 
2.85 	 -9.580157 
2.85 	 -9.581795 
2.85 	 -9.583427 
2.85 	 -9.585052 
2.85 	 -9.586671 
2.85 	 -9.588284 
2.85 	 -9.589891 
2.85 	 -9.591491 
2.86 	 -9.593086 
2.86 	 -9.594674 
2.86 	 -9.596257 
2.86 	 -9.597833 
2.86 	 -9.599403 
2.86 	 -9.600968 
2.86 	 -9.602526 
2.86 	 -9.604078 
2.86 	 -9.605625 
2.86 	 -9.607165 
2.86 	 -9.608700 
2.86 	 -9.610228 
2.86 	 -9.611751 
2.86 	 -9.613268 
2.86 	 -9.614779 
2.86 	 -9.616285 
2.86 	 -9.617784 
2.86 	 -9.619278 
2.87 	 -9.620767 
2.87 	 -9.622249 
2.87 	 -9.623726 
2.87 	 -9.625197 
2.87 	 -9.626662 
2.87 	 -9.628122 
2.87 	 -9.629576 
2.87 	 -9.631025 
2.87 	 -9.632468 
2.87 	 -9.633906 
2.87 	 -9.635338 
2.87 	 -9.636764 
2.87 	 -9.638185 
2.87 	 -9.639601 
2.87 	 -9.641011 
2.87 	 -9.642416 
2.87 	 -9.643815 
2.87 	 -9.645209 
2.87 	 -9.646598 
2.88 	 -9.647981 
2.88 	 -9.649359 
2.88 	 -9.650732 
2.88 	 -9.652099 
2.88 	 -9.653461 
2.88 	 -9.654818 
2.88 	 -9.656170 
2.88 	 -9.657516 
2.88 	 -9.658858 
2.88 	 -9.660194 
2.88 	 -9.661525 
2.88 	 -9.662851 
2.88 	 -9.664171 
2.88 	 -9.665487 
2.88 	 -9.666798 
2.88 	 -9.668103 
2.88 	 -9.669404 
2.88 	 -9.670699 
2.88 	 -9.671990 
2.89 	 -9.673275 
2.89 	 -9.674556 
2.89 	 -9.675832 
2.89 	 -9.677102 
2.89 	 -9.678368 
2.89 	 -9.679629 
2.89 	 -9.680885 
2.89 	 -9.682136 
2.89 	 -9.683383 
2.89 	 -9.684624 
2.89 	 -9.685861 
2.89 	 -9.687093 
2.89 	 -9.688321 
2.89 	 -9.689543 
2.89 	 -9.690761 
2.89 	 -9.691974 
2.89 	 -9.693182 
2.89 	 -9.694386 
2.89 	 -9.695585 
2.89 	 -9.696780 
2.90 	 -9.697970 
2.90 	 -9.699155 
2.90 	 -9.700336 
2.90 	 -9.701512 
2.90 	 -9.702683 
2.90 	 -9.703850 
2.90 	 -9.705013 
2.90 	 -9.706171 
2.90 	 -9.707325 
2.90 	 -9.708474 
2.90 	 -9.709618 
2.90 	 -9.710759 
2.90 	 -9.711894 
2.90 	 -9.713026 
2.90 	 -9.714153 
2.90 	 -9.715276 
2.90 	 -9.716394 
2.90 	 -9.717508 
2.90 	 -9.718618 
2.90 	 -9.719723 
2.90 	 -9.720824 
2.91 	 -9.721921 
2.91 	 -9.723013 
2.91 	 -9.724102 
2.91 	 -9.725186 
2.91 	 -9.726266 
2.91 	 -9.727342 
2.91 	 -9.728413 
2.91 	 -9.729481 
2.91 	 -9.730544 
2.91 	 -9.731603 
2.91 	 -9.732658 
2.91 	 -9.733709 
2.91 	 -9.734756 
2.91 	 -9.735799 
2.91 	 -9.736838 
2.91 	 -9.737873 
2.91 	 -9.738903 
2.91 	 -9.739930 
2.91 	 -9.740953 
2.91 	 -9.741972 
2.91 	 -9.742986 
2.91 	 -9.743997 
2.92 	 -9.745004 
2.92 	 -9.746007 
2.92 	 -9.747007 
2.92 	 -9.748002 
2.92 	 -9.748993 
2.92 	 -9.749981 
2.92 	 -9.750965 
2.92 	 -9.751944 
2.92 	 -9.752921 
2.92 	 -9.753893 
2.92 	 -9.754861 
2.92 	 -9.755826 
2.92 	 -9.756787 
2.92 	 -9.757744 
2.92 	 -9.758698 
2.92 	 -9.759648 
2.92 	 -9.760594 
2.92 	 -9.761536 
2.92 	 -9.762475 
2.92 	 -9.763410 
2.92 	 -9.764342 
2.92 	 -9.765270 
2.92 	 -9.766194 
2.93 	 -9.767115 
2.93 	 -9.768032 
2.93 	 -9.768945 
2.93 	 -9.769855 
2.93 	 -9.770762 
2.93 	 -9.771665 
2.93 	 -9.772564 
2.93 	 -9.773460 
2.93 	 -9.774353 
2.93 	 -9.775241 
2.93 	 -9.776127 
2.93 	 -9.777009 
2.93 	 -9.777887 
2.93 	 -9.778763 
2.93 	 -9.779634 
2.93 	 -9.780503 
2.93 	 -9.781368 
2.93 	 -9.782229 
2.93 	 -9.783088 
2.93 	 -9.783942 
2.93 	 -9.784794 
2.93 	 -9.785642 
2.93 	 -9.786487 
2.93 	 -9.787329 
2.94 	 -9.788167 
2.94 	 -9.789002 
2.94 	 -9.789834 
2.94 	 -9.790663 
2.94 	 -9.791488 
2.94 	 -9.792310 
2.94 	 -9.793129 
2.94 	 -9.793945 
2.94 	 -9.794757 
2.94 	 -9.795567 
2.94 	 -9.796373 
2.94 	 -9.797176 
2.94 	 -9.797976 
2.94 	 -9.798773 
2.94 	 -9.799566 
2.94 	 -9.800357 
2.94 	 -9.801144 
2.94 	 -9.801929 
2.94 	 -9.802710 
2.94 	 -9.803489 
2.94 	 -9.804264 
2.94 	 -9.805036 
2.94 	 -9.805805 
2.94 	 -9.806572 
2.94 	 -9.807335 
2.95 	 -9.808095 
2.95 	 -9.808852 
2.95 	 -9.809607 
2.95 	 -9.810358 
2.95 	 -9.811106 
2.95 	 -9.811852 
2.95 	 -9.812595 
2.95 	 -9.813334 
2.95 	 -9.814071 
2.95 	 -9.814805 
2.95 	 -9.815536 
2.95 	 -9.816264 
2.95 	 -9.816990 
2.95 	 -9.817712 
2.95 	 -9.818432 
2.95 	 -9.819149 
2.95 	 -9.819863 
2.95 	 -9.820574 
2.95 	 -9.821282 
2.95 	 -9.821988 
2.95 	 -9.822691 
2.95 	 -9.823391 
2.95 	 -9.824089 
2.95 	 -9.824783 
2.95 	 -9.825475 
2.95 	 -9.826165 
2.96 	 -9.826851 
2.96 	 -9.827535 
2.96 	 -9.828216 
2.96 	 -9.828895 
2.96 	 -9.829571 
2.96 	 -9.830244 
2.96 	 -9.830915 
2.96 	 -9.831583 
2.96 	 -9.832248 
2.96 	 -9.832911 
2.96 	 -9.833571 
2.96 	 -9.834229 
2.96 	 -9.834884 
2.96 	 -9.835536 
2.96 	 -9.836186 
2.96 	 -9.836833 
2.96 	 -9.837478 
2.96 	 -9.838120 
2.96 	 -9.838760 
2.96 	 -9.839397 
2.96 	 -9.840032 
2.96 	 -9.840664 
2.96 	 -9.841294 
2.96 	 -9.841922 
2.96 	 -9.842546 
2.96 	 -9.843169 
2.96 	 -9.843789 
2.96 	 -9.844406 
2.97 	 -9.845021 
2.97 	 -9.845634 
2.97 	 -9.846244 
2.97 	 -9.846852 
2.97 	 -9.847458 
2.97 	 -9.848061 
2.97 	 -9.848662 
2.97 	 -9.849260 
2.97 	 -9.849856 
2.97 	 -9.850450 
2.97 	 -9.851041 
2.97 	 -9.851630 
2.97 	 -9.852217 
2.97 	 -9.852802 
2.97 	 -9.853384 
2.97 	 -9.853964 
2.97 	 -9.854541 
2.97 	 -9.855117 
2.97 	 -9.855690 
2.97 	 -9.856260 
2.97 	 -9.856829 
2.97 	 -9.857395 
2.97 	 -9.857959 
2.97 	 -9.858521 
2.97 	 -9.859081 
2.97 	 -9.859639 
2.97 	 -9.860194 
2.97 	 -9.860747 
2.97 	 -9.861298 
2.98 	 -9.861847 
2.98 	 -9.862393 
2.98 	 -9.862938 
2.98 	 -9.863480 
2.98 	 -9.864020 
2.98 	 -9.864559 
2.98 	 -9.865095 
2.98 	 -9.865628 
2.98 	 -9.866160 
2.98 	 -9.866690 
2.98 	 -9.867217 
2.98 	 -9.867743 
2.98 	 -9.868266 
2.98 	 -9.868788 
2.98 	 -9.869307 
2.98 	 -9.869825 
2.98 	 -9.870340 
2.98 	 -9.870853 
2.98 	 -9.871364 
2.98 	 -9.871874 
2.98 	 -9.872381 
2.98 	 -9.872886 
2.98 	 -9.873389 
2.98 	 -9.873890 
2.98 	 -9.874390 
2.98 	 -9.874887 
2.98 	 -9.875382 
2.98 	 -9.875876 
2.98 	 -9.876367 
2.98 	 -9.876857 
2.98 	 -9.877344 
2.99 	 -9.877830 
2.99 	 -9.878314 
2.99 	 -9.878796 
2.99 	 -9.879276 
2.99 	 -9.879754 
2.99 	 -9.880230 
2.99 	 -9.880704 
2.99 	 -9.881177 
2.99 	 -9.881647 
2.99 	 -9.882116 
2.99 	 -9.882583 
2.99 	 -9.883048 
2.99 	 -9.883511 
2.99 	 -9.883973 
2.99 	 -9.884432 
2.99 	 -9.884890 
2.99 	 -9.885346 
2.99 	 -9.885800 
2.99 	 -9.886253 
2.99 	 -9.886703 
2.99 	 -9.887152 
2.99 	 -9.887599 
2.99 	 -9.888045 
2.99 	 -9.888488 
2.99 	 -9.888930 
2.99 	 -9.889370 
2.99 	 -9.889808 
2.99 	 -9.890245 
2.99 	 -9.890680 
2.99 	 -9.891113 
2.99 	 -9.891545 
2.99 	 -9.891974 
2.99 	 -9.892402 
3.00 	 -9.892829 
3.00 	 -9.893253 
3.00 	 -9.893677 
3.00 	 -9.894098 
3.00 	 -9.894518 
3.00 	 -9.894936 
3.00 	 -9.895352 
3.00 	 -9.895767 
3.00 	 -9.896180 
3.00 	 -9.896591 
3.00 	 -9.897001 
3.00 	 -9.897410 
3.00 	 -9.897816 
3.00 	 -9.898221 
3.00 	 -9.898625 
3.00 	 -9.899027 
3.00 	 -9.899427 
3.00 	 -9.899825 
3.00 	 -9.900223 
3.00 	 -9.900618 
3.00 	 -9.901012 
3.00 	 -9.901405 
3.00 	 -9.901795 
3.00 	 -9.902185 
3.00 	 -9.902573 
3.00 	 -9.902959 
3.00 	 -9.903344 
3.00 	 -9.903727 
3.00 	 -9.904109 
3.00 	 -9.904489 
3.00 	 -9.904868 
3.00 	 -9.905245 
3.00 	 -9.905620 
3.00 	 -9.905995 
3.00 	 -9.906368 
3.00 	 -9.906739 
3.01 	 -9.907109 
3.01 	 -9.907477 
3.01 	 -9.907844 
3.01 	 -9.908209 
3.01 	 -9.908573 
3.01 	 -9.908936 
3.01 	 -9.909297 
3.01 	 -9.909657 
3.01 	 -9.910015 
3.01 	 -9.910372 
3.01 	 -9.910728 
3.01 	 -9.911082 
3.01 	 -9.911434 
3.01 	 -9.911786 
3.01 	 -9.912136 
3.01 	 -9.912484 
3.01 	 -9.912831 
3.01 	 -9.913177 
3.01 	 -9.913522 
3.01 	 -9.913865 
3.01 	 -9.914206 
3.01 	 -9.914547 
3.01 	 -9.914886 
3.01 	 -9.915223 
3.01 	 -9.915560 
3.01 	 -9.915895 
3.01 	 -9.916228 
3.01 	 -9.916561 
3.01 	 -9.916892 
3.01 	 -9.917222 
3.01 	 -9.917550 
3.01 	 -9.917877 
3.01 	 -9.918203 
3.01 	 -9.918528 
3.01 	 -9.918851 
3.01 	 -9.919173 
3.01 	 -9.919494 
3.01 	 -9.919813 
3.02 	 -9.920131 
3.02 	 -9.920448 
3.02 	 -9.920764 
3.02 	 -9.921078 
3.02 	 -9.921391 
3.02 	 -9.921703 
3.02 	 -9.922014 
3.02 	 -9.922324 
3.02 	 -9.922632 
3.02 	 -9.922939 
3.02 	 -9.923245 
3.02 	 -9.923549 
3.02 	 -9.923853 
3.02 	 -9.924155 
3.02 	 -9.924456 
3.02 	 -9.924756 
3.02 	 -9.925055 
3.02 	 -9.925352 
3.02 	 -9.925648 
3.02 	 -9.925944 
3.02 	 -9.926237 
3.02 	 -9.926530 
3.02 	 -9.926822 
3.02 	 -9.927112 
3.02 	 -9.927402 
3.02 	 -9.927690 
3.02 	 -9.927977 
3.02 	 -9.928263 
3.02 	 -9.928548 
3.02 	 -9.928831 
3.02 	 -9.929114 
3.02 	 -9.929395 
3.02 	 -9.929676 
3.02 	 -9.929955 
3.02 	 -9.930233 
3.02 	 -9.930510 
3.02 	 -9.930786 
3.02 	 -9.931061 
3.02 	 -9.931334 
3.02 	 -9.931607 
3.02 	 -9.931878 
3.03 	 -9.932149 
3.03 	 -9.932418 
3.03 	 -9.932687 
3.03 	 -9.932954 
3.03 	 -9.933220 
3.03 	 -9.933485 
3.03 	 -9.933750 
3.03 	 -9.934013 
3.03 	 -9.934275 
3.03 	 -9.934536 
3.03 	 -9.934796 
3.03 	 -9.935055 
3.03 	 -9.935312 
3.03 	 -9.935569 
3.03 	 -9.935825 
3.03 	 -9.936080 
3.03 	 -9.936334 
3.03 	 -9.936587 
3.03 	 -9.936839 
3.03 	 -9.937089 
3.03 	 -9.937339 
3.03 	 -9.937588 
3.03 	 -9.937836 
3.03 	 -9.938083 
3.03 	 -9.938329 
3.03 	 -9.938574 
3.03 	 -9.938818 
3.03 	 -9.939061 
3.03 	 -9.939303 
3.03 	 -9.939544 
3.03 	 -9.939784 
3.03 	 -9.940023 
3.03 	 -9.940262 
3.03 	 -9.940499 
3.03 	 -9.940735 
3.03 	 -9.940971 
3.03 	 -9.941205 
3.03 	 -9.941439 
3.03 	 -9.941671 
3.03 	 -9.941903 
3.03 	 -9.942134 
3.03 	 -9.942364 
3.03 	 -9.942593 
3.03 	 -9.942821 
3.03 	 -9.943048 
3.04 	 -9.943274 
3.04 	 -9.943500 
3.04 	 -9.943724 
3.04 	 -9.943948 
3.04 	 -9.944170 
3.04 	 -9.944392 
3.04 	 -9.944613 
3.04 	 -9.944833 
3.04 	 -9.945052 
3.04 	 -9.945271 
3.04 	 -9.945488 
3.04 	 -9.945705 
3.04 	 -9.945920 
3.04 	 -9.946135 
3.04 	 -9.946349 
3.04 	 -9.946562 
3.04 	 -9.946775 
3.04 	 -9.946986 
3.04 	 -9.947197 
3.04 	 -9.947407 
3.04 	 -9.947616 
3.04 	 -9.947824 
3.04 	 -9.948031 
3.04 	 -9.948238 
3.04 	 -9.948443 
3.04 	 -9.948648 
3.04 	 -9.948852 
3.04 	 -9.949056 
3.04 	 -9.949258 
3.04 	 -9.949460 
3.04 	 -9.949661 
3.04 	 -9.949861 
3.04 	 -9.950060 
3.04 	 -9.950258 
3.04 	 -9.950456 
3.04 	 -9.950653 
3.04 	 -9.950849 
3.04 	 -9.951044 
3.04 	 -9.951239 
3.04 	 -9.951433 
3.04 	 -9.951626 
3.04 	 -9.951818 
3.04 	 -9.952010 
3.04 	 -9.952200 
3.04 	 -9.952390 
3.04 	 -9.952579 
3.04 	 -9.952768 
3.04 	 -9.952956 
3.04 	 -9.953143 
3.04 	 -9.953329 
3.05 	 -9.953514 
3.05 	 -9.953699 
3.05 	 -9.953883 
3.05 	 -9.954067 
3.05 	 -9.954249 
3.05 	 -9.954431 
3.05 	 -9.954612 
3.05 	 -9.954793 
3.05 	 -9.954972 
3.05 	 -9.955151 
3.05 	 -9.955330 
3.05 	 -9.955507 
3.05 	 -9.955684 
3.05 	 -9.955860 
3.05 	 -9.956036 
3.05 	 -9.956210 
3.05 	 -9.956384 
3.05 	 -9.956558 
3.05 	 -9.956731 
3.05 	 -9.956903 
3.05 	 -9.957074 
3.05 	 -9.957245 
3.05 	 -9.957415 
3.05 	 -9.957584 
3.05 	 -9.957753 
3.05 	 -9.957920 
3.05 	 -9.958088 
3.05 	 -9.958254 
3.05 	 -9.958420 
3.05 	 -9.958586 
3.05 	 -9.958750 
3.05 	 -9.958914 
3.05 	 -9.959078 
3.05 	 -9.959240 
3.05 	 -9.959402 
3.05 	 -9.959564 
3.05 	 -9.959725 
3.05 	 -9.959885 
3.05 	 -9.960044 
3.05 	 -9.960203 
3.05 	 -9.960361 
3.05 	 -9.960519 
3.05 	 -9.960676 
3.05 	 -9.960832 
3.05 	 -9.960988 
3.05 	 -9.961143 
3.05 	 -9.961298 
3.05 	 -9.961452 
3.05 	 -9.961605 
3.05 	 -9.961758 
3.05 	 -9.961910 
3.05 	 -9.962061 
3.05 	 -9.962212 
3.05 	 -9.962362 
3.05 	 -9.962512 
3.06 	 -9.962661 
3.06 	 -9.962810 
3.06 	 -9.962957 
3.06 	 -9.963105 
3.06 	 -9.963251 
3.06 	 -9.963398 
3.06 	 -9.963543 
3.06 	 -9.963688 
3.06 	 -9.963833 
3.06 	 -9.963976 
3.06 	 -9.964120 
3.06 	 -9.964262 
3.06 	 -9.964404 
3.06 	 -9.964546 
3.06 	 -9.964687 
3.06 	 -9.964827 
3.06 	 -9.964967 
3.06 	 -9.965107 
3.06 	 -9.965245 
3.06 	 -9.965384 
3.06 	 -9.965521 
3.06 	 -9.965658 
3.06 	 -9.965795 
3.06 	 -9.965931 
3.06 	 -9.966067 
3.06 	 -9.966202 
3.06 	 -9.966336 
3.06 	 -9.966470 
3.06 	 -9.966603 
3.06 	 -9.966736 
3.06 	 -9.966868 
3.06 	 -9.967000 
3.06 	 -9.967131 
3.06 	 -9.967262 
3.06 	 -9.967392 
3.06 	 -9.967522 
3.06 	 -9.967651 
3.06 	 -9.967780 
3.06 	 -9.967908 
3.06 	 -9.968036 
3.06 	 -9.968163 
3.06 	 -9.968290 
3.06 	 -9.968416 
3.06 	 -9.968541 
3.06 	 -9.968666 
3.06 	 -9.968791 
3.06 	 -9.968915 
3.06 	 -9.969039 
3.06 	 -9.969162 
3.06 	 -9.969285 
3.06 	 -9.969407 
3.06 	 -9.969529 
3.06 	 -9.969650 
3.06 	 -9.969771 
3.06 	 -9.969891 
3.06 	 -9.970011 
3.06 	 -9.970130 
3.06 	 -9.970249 
3.06 	 -9.970367 
3.06 	 -9.970485 
3.06 	 -9.970602 
3.07 	 -9.970719 
3.07 	 -9.970836 
3.07 	 -9.970952 
3.07 	 -9.971067 
3.07 	 -9.971182 
3.07 	 -9.971297 
3.07 	 -9.971411 
3.07 	 -9.971525 
3.07 	 -9.971638 
3.07 	 -9.971751 
3.07 	 -9.971864 
3.07 	 -9.971976 
3.07 	 -9.972087 
3.07 	 -9.972198 
3.07 	 -9.972309 
3.07 	 -9.972419 
3.07 	 -9.972529 
3.07 	 -9.972638 
3.07 	 -9.972747 
3.07 	 -9.972855 
3.07 	 -9.972963 
3.07 	 -9.973071 
3.07 	 -9.973178 
3.07 	 -9.973285 
3.07 	 -9.973391 
3.07 	 -9.973497 
3.07 	 -9.973602 
3.07 	 -9.973707 
3.07 	 -9.973812 
3.07 	 -9.973916 
3.07 	 -9.974020 
3.07 	 -9.974123 
3.07 	 -9.974226 
3.07 	 -9.974329 
3.07 	 -9.974431 
3.07 	 -9.974533 
3.07 	 -9.974634 
3.07 	 -9.974735 
3.07 	 -9.974835 
3.07 	 -9.974936 
3.07 	 -9.975035 
3.07 	 -9.975135 
3.07 	 -9.975234 
3.07 	 -9.975332 
3.07 	 -9.975430 
3.07 	 -9.975528 
3.07 	 -9.975625 
3.07 	 -9.975722 
3.07 	 -9.975819 
3.07 	 -9.975915 
3.07 	 -9.976011 
3.07 	 -9.976107 
3.07 	 -9.976202 
3.07 	 -9.976296 
3.07 	 -9.976391 
3.07 	 -9.976485 
3.07 	 -9.976578 
3.07 	 -9.976671 
3.07 	 -9.976764 
3.07 	 -9.976857 
3.07 	 -9.976949 
3.07 	 -9.977041 
3.07 	 -9.977132 
3.07 	 -9.977223 
3.07 	 -9.977314 
3.07 	 -9.977404 
3.07 	 -9.977494 
3.07 	 -9.977583 
3.07 	 -9.977673 
3.07 	 -9.977761 
3.08 	 -9.977850 
3.08 	 -9.977938 
3.08 	 -9.978026 
3.08 	 -9.978113 
3.08 	 -9.978200 
3.08 	 -9.978287 
3.08 	 -9.978374 
3.08 	 -9.978460 
3.08 	 -9.978545 
3.08 	 -9.978631 
3.08 	 -9.978716 
3.08 	 -9.978800 
3.08 	 -9.978885 
3.08 	 -9.978969 
3.08 	 -9.979053 
3.08 	 -9.979136 
3.08 	 -9.979219 
3.08 	 -9.979302 
3.08 	 -9.979384 
3.08 	 -9.979466 
3.08 	 -9.979548 
3.08 	 -9.979629 
3.08 	 -9.979710 
3.08 	 -9.979791 
3.08 	 -9.979872 
3.08 	 -9.979952 
3.08 	 -9.980031 
3.08 	 -9.980111 
3.08 	 -9.980190 
3.08 	 -9.980269 
3.08 	 -9.980347 
3.08 	 -9.980426 
3.08 	 -9.980504 
3.08 	 -9.980581 
3.08 	 -9.980658 
3.08 	 -9.980735 
3.08 	 -9.980812 
3.08 	 -9.980888 
3.08 	 -9.980965 
3.08 	 -9.981040 
3.08 	 -9.981116 
3.08 	 -9.981191 
3.08 	 -9.981266 
3.08 	 -9.981340 
3.08 	 -9.981415 
3.08 	 -9.981489 
3.08 	 -9.981562 
3.08 	 -9.981636 
3.08 	 -9.981709 
3.08 	 -9.981782 
3.08 	 -9.981854 
3.08 	 -9.981926 
3.08 	 -9.981998 
3.08 	 -9.982070 
3.08 	 -9.982141 
3.08 	 -9.982212 
3.08 	 -9.982283 
3.08 	 -9.982354 
3.08 	 -9.982424 
3.08 	 -9.982494 
3.08 	 -9.982564 
3.08 	 -9.982633 
3.08 	 -9.982702 
3.08 	 -9.982771 
3.08 	 -9.982840 
3.08 	 -9.982908 
3.08 	 -9.982976 
3.08 	 -9.983044 
3.08 	 -9.983111 
3.08 	 -9.983178 
3.08 	 -9.983245 
3.08 	 -9.983312 
3.08 	 -9.983379 
3.08 	 -9.983445 
3.08 	 -9.983511 
3.08 	 -9.983576 
3.08 	 -9.983642 
3.08 	 -9.983707 
3.08 	 -9.983772 
3.08 	 -9.983836 
3.08 	 -9.983901 
3.08 	 -9.983965 
3.09 	 -9.984028 
3.09 	 -9.984092 
3.09 	 -9.984155 
3.09 	 -9.984218 
3.09 	 -9.984281 
3.09 	 -9.984344 
3.09 	 -9.984406 
3.09 	 -9.984468 
3.09 	 -9.984530 
3.09 	 -9.984592 
3.09 	 -9.984653 
3.09 	 -9.984714 
3.09 	 -9.984775 
3.09 	 -9.984836 
3.09 	 -9.984896 
3.09 	 -9.984956 
3.09 	 -9.985016 
3.09 	 -9.985076 
3.09 	 -9.985135 
3.09 	 -9.985194 
3.09 	 -9.985253 
3.09 	 -9.985312 
3.09 	 -9.985370 
3.09 	 -9.985429 
3.09 	 -9.985487 
3.09 	 -9.985544 
3.09 	 -9.985602 
3.09 	 -9.985659 
3.09 	 -9.985716 
3.09 	 -9.985773 
3.09 	 -9.985830 
3.09 	 -9.985886 
3.09 	 -9.985942 
3.09 	 -9.985998 
3.09 	 -9.986054 
3.09 	 -9.986110 
3.09 	 -9.986165 
3.09 	 -9.986220 
3.09 	 -9.986275 
3.09 	 -9.986330 
3.09 	 -9.986384 
3.09 	 -9.986438 
3.09 	 -9.986492 
3.09 	 -9.986546 
3.09 	 -9.986600 
3.09 	 -9.986653 
3.09 	 -9.986706 
3.09 	 -9.986759 
3.09 	 -9.986812 
3.09 	 -9.986864 
3.09 	 -9.986917 
3.09 	 -9.986969 
3.09 	 -9.987020 
3.09 	 -9.987072 
3.09 	 -9.987124 
3.09 	 -9.987175 
3.09 	 -9.987226 
3.09 	 -9.987277 
3.09 	 -9.987327 
3.09 	 -9.987378 
3.09 	 -9.987428 
3.09 	 -9.987478 
3.09 	 -9.987528 
3.09 	 -9.987578 
3.09 	 -9.987627 
3.09 	 -9.987676 
3.09 	 -9.987726 
3.09 	 -9.987774 
3.09 	 -9.987823 
3.09 	 -9.987872 
3.09 	 -9.987920 
3.09 	 -9.987968 
3.09 	 -9.988016 
3.09 	 -9.988064 
3.09 	 -9.988111 
3.09 	 -9.988158 
3.09 	 -9.988206 
3.09 	 -9.988253 
3.09 	 -9.988299 
3.09 	 -9.988346 
3.09 	 -9.988392 
3.09 	 -9.988439 
3.09 	 -9.988485 
3.09 	 -9.988530 
3.09 	 -9.988576 
3.09 	 -9.988622 
3.09 	 -9.988667 
3.09 	 -9.988712 
3.09 	 -9.988757 
3.09 	 -9.988802 
3.09 	 -9.988846 
3.09 	 -9.988891 
3.09 	 -9.988935 
3.09 	 -9.988979 
3.09 	 -9.989023 
3.09 	 -9.989067 
3.09 	 -9.989110 
3.10 	 -9.989154 
3.10 	 -9.989197 
3.10 	 -9.989240 
3.10 	 -9.989283 
3.10 	 -9.989325 
3.10 	 -9.989368 
3.10 	 -9.989410 
3.10 	 -9.989452 
3.10 	 -9.989494 
3.10 	 -9.989536 
3.10 	 -9.989578 
3.10 	 -9.989619 
3.10 	 -9.989661 
3.10 	 -9.989702 
3.10 	 -9.989743 
3.10 	 -9.989784 
3.10 	 -9.989824 
3.10 	 -9.989865 
3.10 	 -9.989905 
3.10 	 -9.989945 
3.10 	 -9.989985 
3.10 	 -9.990025 
3.10 	 -9.990065 
3.10 	 -9.990105 
3.10 	 -9.990144 
3.10 	 -9.990183 
3.10 	 -9.990222 
3.10 	 -9.990261 
3.10 	 -9.990300 
3.10 	 -9.990339 
3.10 	 -9.990377 
3.10 	 -9.990415 
3.10 	 -9.990454 
3.10 	 -9.990492 
3.10 	 -9.990530 
3.10 	 -9.990567 
3.10 	 -9.990605 
3.10 	 -9.990642 
3.10 	 -9.990679 
3.10 	 -9.990717 
3.10 	 -9.990754 
3.10 	 -9.990790 
3.10 	 -9.990827 
3.10 	 -9.990864 
3.10 	 -9.990900 
3.10 	 -9.990936 
3.10 	 -9.990972 
3.10 	 -9.991008 
3.10 	 -9.991044 
3.10 	 -9.991080 
3.10 	 -9.991115 
3.10 	 -9.991151 
3.10 	 -9.991186 
3.10 	 -9.991221 
3.10 	 -9.991256 
3.10 	 -9.991291 
3.10 	 -9.991325 
3.10 	 -9.991360 
3.10 	 -9.991394 
3.10 	 -9.991429 
3.10 	 -9.991463 
3.10 	 -9.991497 
3.10 	 -9.991531 
3.10 	 -9.991564 
3.10 	 -9.991598 
3.10 	 -9.991631 
3.10 	 -9.991665 
3.10 	 -9.991698 
3.10 	 -9.991731 
3.10 	 -9.991764 
3.10 	 -9.991797 
3.10 	 -9.991829 
3.10 	 -9.991862 
3.10 	 -9.991894 
3.10 	 -9.991927 
3.10 	 -9.991959 
3.10 	 -9.991991 
3.10 	 -9.992023 
3.10 	 -9.992054 
3.10 	 -9.992086 
3.10 	 -9.992118 
3.10 	 -9.992149 
3.10 	 -9.992180 
3.10 	 -9.992211 
3.10 	 -9.992242 
3.10 	 -9.992273 
3.10 	 -9.992304 
3.10 	 -9.992335 
3.10 	 -9.992365 
3.10 	 -9.992396 
3.10 	 -9.992426 
3.10 	 -9.992456 
3.10 	 -9.992486 
3.10 	 -9.992516 
3.10 	 -9.992546 
3.10 	 -9.992576 
3.10 	 -9.992605 
3.10 	 -9.992635 
3.10 	 -9.992664 
3.10 	 -9.992693 
3.10 	 -9.992722 
3.10 	 -9.992751 
3.10 	 -9.992780 
3.10 	 -9.992809 
3.10 	 -9.992838 
3.10 	 -9.992866 
3.10 	 -9.992894 
3.10 	 -9.992923 
3.10 	 -9.992951 
3.10 	 -9.992979 
3.10 	 -9.993007 
3.10 	 -9.993035 
3.10 	 -9.993063 
3.10 	 -9.993090 
3.10 	 -9.993118 
3.10 	 -9.993145 
3.10 	 -9.993172 
3.10 	 -9.993200 
3.10 	 -9.993227 
3.10 	 -9.993254 
3.10 	 -9.993281 
3.11 	 -9.993307 
3.11 	 -9.993334 
3.11 	 -9.993361 
3.11 	 -9.993387 
3.11 	 -9.993413 
3.11 	 -9.993440 
3.11 	 -9.993466 
3.11 	 -9.993492 
3.11 	 -9.993518 
3.11 	 -9.993543 
3.11 	 -9.993569 
3.11 	 -9.993595 
3.11 	 -9.993620 
3.11 	 -9.993646 
3.11 	 -9.993671 
3.11 	 -9.993696 
3.11 	 -9.993721 
3.11 	 -9.993746 
3.11 	 -9.993771 
3.11 	 -9.993796 
3.11 	 -9.993821 
3.11 	 -9.993845 
3.11 	 -9.993870 
3.11 	 -9.993894 
3.11 	 -9.993919 
3.11 	 -9.993943 
3.11 	 -9.993967 
3.11 	 -9.993991 
3.11 	 -9.994015 
3.11 	 -9.994039 
3.11 	 -9.994062 
3.11 	 -9.994086 
3.11 	 -9.994110 
3.11 	 -9.994133 
3.11 	 -9.994157 
3.11 	 -9.994180 
3.11 	 -9.994203 
3.11 	 -9.994226 
3.11 	 -9.994249 
3.11 	 -9.994272 
3.11 	 -9.994295 
3.11 	 -9.994317 
3.11 	 -9.994340 
3.11 	 -9.994363 
3.11 	 -9.994385 
3.11 	 -9.994407 
3.11 	 -9.994430 
3.11 	 -9.994452 
3.11 	 -9.994474 
3.11 	 -9.994496 
3.11 	 -9.994518 
3.11 	 -9.994540 
3.11 	 -9.994562 
3.11 	 -9.994583 
3.11 	 -9.994605 
3.11 	 -9.994626 
3.11 	 -9.994648 
3.11 	 -9.994669 
3.11 	 -9.994690 
3.11 	 -9.994711 
3.11 	 -9.994732 
3.11 	 -9.994753 
3.11 	 -9.994774 
3.11 	 -9.994795 
3.11 	 -9.994816 
3.11 	 -9.994837 
3.11 	 -9.994857 
3.11 	 -9.994878 
3.11 	 -9.994898 
3.11 	 -9.994918 
3.11 	 -9.994939 
3.11 	 -9.994959 
3.11 	 -9.994979 
3.11 	 -9.994999 
3.11 	 -9.995019 
3.11 	 -9.995039 
3.11 	 -9.995058 
3.11 	 -9.995078 
3.11 	 -9.995098 
3.11 	 -9.995117 
3.11 	 -9.995137 
3.11 	 -9.995156 
3.11 	 -9.995175 
3.11 	 -9.995194 
3.11 	 -9.995214 
3.11 	 -9.995233 
3.11 	 -9.995252 
3.11 	 -9.995271 
3.11 	 -9.995289 
3.11 	 -9.995308 
3.11 	 -9.995327 
3.11 	 -9.995345 
3.11 	 -9.995364 
3.11 	 -9.995382 
3.11 	 -9.995401 
3.11 	 -9.995419 
3.11 	 -9.995437 
3.11 	 -9.995456 
3.11 	 -9.995474 
3.11 	 -9.995492 
3.11 	 -9.995510 
3.11 	 -9.995528 
3.11 	 -9.995545 
3.11 	 -9.995563 
3.11 	 -9.995581 
3.11 	 -9.995598 
3.11 	 -9.995616 
3.11 	 -9.995633 
3.11 	 -9.995651 
3.11 	 -9.995668 
3.11 	 -9.995685 
3.11 	 -9.995703 
3.11 	 -9.995720 
3.11 	 -9.995737 
3.11 	 -9.995754 
3.11 	 -9.995771 
3.11 	 -9.995787 
3.11 	 -9.995804 
3.11 	 -9.995821 
3.11 	 -9.995838 
3.11 	 -9.995854 
3.11 	 -9.995871 
3.11 	 -9.995887 
3.11 	 -9.995904 
3.11 	 -9.995920 
3.11 	 -9.995936 
3.11 	 -9.995952 
3.11 	 -9.995968 
3.11 	 -9.995984 
3.11 	 -9.996000 
3.11 	 -9.996016 
3.11 	 -9.996032 
3.11 	 -9.996048 
3.11 	 -9.996064 
3.11 	 -9.996079 
3.11 	 -9.996095 
3.11 	 -9.996111 
3.11 	 -9.996126 
3.11 	 -9.996142 
3.11 	 -9.996157 
3.11 	 -9.996172 
3.11 	 -9.996187 
3.11 	 -9.996203 
3.11 	 -9.996218 
3.11 	 -9.996233 
3.11 	 -9.996248 
3.11 	 -9.996263 
3.11 	 -9.996278 
3.11 	 -9.996293 
3.11 	 -9.996307 
3.11 	 -9.996322 
3.11 	 -9.996337 
3.11 	 -9.996351 
3.11 	 -9.996366 
3.11 	 -9.996380 
3.11 	 -9.996395 
3.11 	 -9.996409 
3.11 	 -9.996423 
3.11 	 -9.996438 
3.11 	 -9.996452 
3.12 	 -9.996466 
3.12 	 -9.996480 
3.12 	 -9.996494 
3.12 	 -9.996508 
3.12 	 -9.996522 
3.12 	 -9.996536 
3.12 	 -9.996550 
3.12 	 -9.996563 
3.12 	 -9.996577 
3.12 	 -9.996591 
3.12 	 -9.996604 
3.12 	 -9.996618 
3.12 	 -9.996631 
3.12 	 -9.996645 
3.12 	 -9.996658 
3.12 	 -9.996671 
3.12 	 -9.996685 
3.12 	 -9.996698 
3.12 	 -9.996711 
3.12 	 -9.996724 
3.12 	 -9.996737 
3.12 	 -9.996750 
3.12 	 -9.996763 
3.12 	 -9.996776 
3.12 	 -9.996789 
3.12 	 -9.996802 
3.12 	 -9.996814 
3.12 	 -9.996827 
3.12 	 -9.996840 
3.12 	 -9.996852 
3.12 	 -9.996865 
3.12 	 -9.996877 
3.12 	 -9.996890 
3.12 	 -9.996902 
3.12 	 -9.996914 
3.12 	 -9.996927 
3.12 	 -9.996939 
3.12 	 -9.996951 
3.12 	 -9.996963 
3.12 	 -9.996975 
3.12 	 -9.996987 
3.12 	 -9.996999 
3.12 	 -9.997011 
3.12 	 -9.997023 
3.12 	 -9.997035 
3.12 	 -9.997047 
3.12 	 -9.997059 
3.12 	 -9.997070 
3.12 	 -9.997082 
3.12 	 -9.997094 
3.12 	 -9.997105 
3.12 	 -9.997117 
3.12 	 -9.997128 
3.12 	 -9.997140 
3.12 	 -9.997151 
3.12 	 -9.997162 
3.12 	 -9.997174 
3.12 	 -9.997185 
3.12 	 -9.997196 
3.12 	 -9.997207 
3.12 	 -9.997219 
3.12 	 -9.997230 
3.12 	 -9.997241 
3.12 	 -9.997252 
3.12 	 -9.997263 
3.12 	 -9.997274 
3.12 	 -9.997284 
3.12 	 -9.997295 
3.12 	 -9.997306 
3.12 	 -9.997317 
3.12 	 -9.997327 
3.12 	 -9.997338 
3.12 	 -9.997349 
3.12 	 -9.997359 
3.12 	 -9.997370 
3.12 	 -9.997380 
3.12 	 -9.997391 
3.12 	 -9.997401 
3.12 	 -9.997411 
3.12 	 -9.997422 
3.12 	 -9.997432 
3.12 	 -9.997442 
3.12 	 -9.997452 
3.12 	 -9.997463 
3.12 	 -9.997473 
3.12 	 -9.997483 
3.12 	 -9.997493 
3.12 	 -9.997503 
3.12 	 -9.997513 
3.12 	 -9.997523 
3.12 	 -9.997532 
3.12 	 -9.997542 
3.12 	 -9.997552 
3.12 	 -9.997562 
3.12 	 -9.997572 
3.12 	 -9.997581 
3.12 	 -9.997591 
3.12 	 -9.997600 
3.12 	 -9.997610 
3.12 	 -9.997620 
3.12 	 -9.997629 
3.12 	 -9.997638 
3.12 	 -9.997648 
3.12 	 -9.997657 
3.12 	 -9.997667 
3.12 	 -9.997676 
3.12 	 -9.997685 
3.12 	 -9.997694 
3.12 	 -9.997704 
3.12 	 -9.997713 
3.12 	 -9.997722 
3.12 	 -9.997731 
3.12 	 -9.997740 
3.12 	 -9.997749 
3.12 	 -9.997758 
3.12 	 -9.997767 
3.12 	 -9.997776 
3.12 	 -9.997785 
3.12 	 -9.997793 
3.12 	 -9.997802 
3.12 	 -9.997811 
3.12 	 -9.997820 
3.12 	 -9.997828 
3.12 	 -9.997837 
3.12 	 -9.997846 
3.12 	 -9.997854 
3.12 	 -9.997863 
3.12 	 -9.997871 
3.12 	 -9.997880 
3.12 	 -9.997888 
3.12 	 -9.997897 
3.12 	 -9.997905 
3.12 	 -9.997913 
3.12 	 -9.997922 
3.12 	 -9.997930 
3.12 	 -9.997938 
3.12 	 -9.997946 
3.12 	 -9.997955 
3.12 	 -9.997963 
3.12 	 -9.997971 
3.12 	 -9.997979 
3.12 	 -9.997987 
3.12 	 -9.997995 
3.12 	 -9.998003 
3.12 	 -9.998011 
3.12 	 -9.998019 
3.12 	 -9.998027 
3.12 	 -9.998035 
3.12 	 -9.998042 
3.12 	 -9.998050 
3.12 	 -9.998058 
3.12 	 -9.998066 
3.12 	 -9.998073 
3.12 	 -9.998081 
3.12 	 -9.998089 
3.12 	 -9.998096 
3.12 	 -9.998104 
3.12 	 -9.998111 
3.12 	 -9.998119 
3.12 	 -9.998127 
3.12 	 -9.998134 
3.12 	 -9.998141 
3.12 	 -9.998149 
3.12 	 -9.998156 
3.12 	 -9.998164 
3.12 	 -9.998171 
3.12 	 -9.998178 
3.12 	 -9.998185 
3.12 	 -9.998193 
3.12 	 -9.998200 
3.12 	 -9.998207 
3.12 	 -9.998214 
3.12 	 -9.998221 
3.12 	 -9.998228 
3.12 	 -9.998235 
3.12 	 -9.998242 
3.12 	 -9.998249 
3.12 	 -9.998256 
3.12 	 -9.998263 
3.12 	 -9.998270 
3.12 	 -9.998277 
3.12 	 -9.998284 
3.12 	 -9.998291 
3.12 	 -9.998298 
3.12 	 -9.998304 
3.12 	 -9.998311 
3.12 	 -9.998318 
3.12 	 -9.998325 
3.12 	 -9.998331 
3.12 	 -9.998338 
3.12 	 -9.998345 
3.12 	 -9.998351 
3.12 	 -9.998358 
3.12 	 -9.998364 
3.12 	 -9.998371 
3.12 	 -9.998377 
3.12 	 -9.998384 
3.12 	 -9.998390 
3.12 	 -9.998397 
3.12 	 -9.998403 
3.12 	 -9.998409 
3.12 	 -9.998416 
3.12 	 -9.998422 
3.12 	 -9.998428 
3.12 	 -9.998435 
3.12 	 -9.998441 
3.12 	 -9.998447 
3.12 	 -9.998453 
3.12 	 -9.998459 
3.12 	 -9.998465 
3.12 	 -9.998472 
3.12 	 -9.998478 
3.12 	 -9.998484 
3.12 	 -9.998490 
3.12 	 -9.998496 
3.12 	 -9.998502 
3.12 	 -9.998508 
3.12 	 -9.998514 
3.12 	 -9.998520 
3.12 	 -9.998526 
3.12 	 -9.998531 
3.12 	 -9.998537 
3.12 	 -9.998543 
3.12 	 -9.998549 
3.12 	 -9.998555 
3.12 	 -9.998560 
3.12 	 -9.998566 
3.12 	 -9.998572 
3.12 	 -9.998578 
3.12 	 -9.998583 
3.12 	 -9.998589 
3.12 	 -9.998594 
3.12 	 -9.998600 
3.12 	 -9.998606 
3.12 	 -9.998611 
3.12 	 -9.998617 
3.12 	 -9.998622 
3.13 	 -9.998628 
3.13 	 -9.998633 
3.13 	 -9.998639 
3.13 	 -9.998644 
3.13 	 -9.998649 
3.13 	 -9.998655 
3.13 	 -9.998660 
3.13 	 -9.998666 
3.13 	 -9.998671 
3.13 	 -9.998676 
3.13 	 -9.998681 
3.13 	 -9.998687 
3.13 	 -9.998692 
3.13 	 -9.998697 
3.13 	 -9.998702 
3.13 	 -9.998707 
3.13 	 -9.998713 
3.13 	 -9.998718 
3.13 	 -9.998723 
3.13 	 -9.998728 
3.13 	 -9.998733 
3.13 	 -9.998738 
3.13 	 -9.998743 
3.13 	 -9.998748 
3.13 	 -9.998753 
3.13 	 -9.998758 
3.13 	 -9.998763 
3.13 	 -9.998768 
3.13 	 -9.998773 
3.13 	 -9.998778 
3.13 	 -9.998783 
3.13 	 -9.998787 
3.13 	 -9.998792 
3.13 	 -9.998797 
3.13 	 -9.998802 
3.13 	 -9.998807 
3.13 	 -9.998811 
3.13 	 -9.998816 
3.13 	 -9.998821 
3.13 	 -9.998826 
3.13 	 -9.998830 
3.13 	 -9.998835 
3.13 	 -9.998840 
3.13 	 -9.998844 
3.13 	 -9.998849 
3.13 	 -9.998853 
3.13 	 -9.998858 
3.13 	 -9.998862 
3.13 	 -9.998867 
3.13 	 -9.998872 
3.13 	 -9.998876 
3.13 	 -9.998881 
3.13 	 -9.998885 
3.13 	 -9.998889 
3.13 	 -9.998894 
3.13 	 -9.998898 
3.13 	 -9.998903 
3.13 	 -9.998907 
3.13 	 -9.998911 
3.13 	 -9.998916 
3.13 	 -9.998920 
3.13 	 -9.998924 
3.13 	 -9.998929 
3.13 	 -9.998933 
3.13 	 -9.998937 
3.13 	 -9.998941 
3.13 	 -9.998946 
3.13 	 -9.998950 
3.13 	 -9.998954 
3.13 	 -9.998958 
3.13 	 -9.998962 
3.13 	 -9.998966 
3.13 	 -9.998971 
3.13 	 -9.998975 
3.13 	 -9.998979 
3.13 	 -9.998983 
3.13 	 -9.998987 
3.13 	 -9.998991 
3.13 	 -9.998995 
3.13 	 -9.998999 
3.13 	 -9.999003 
3.13 	 -9.999007 
3.13 	 -9.999011 
3.13 	 -9.999015 
3.13 	 -9.999019 
3.13 	 -9.999023 
3.13 	 -9.999026 
3.13 	 -9.999030 
3.13 	 -9.999034 
3.13 	 -9.999038 
3.13 	 -9.999042 
3.13 	 -9.999046 
3.13 	 -9.999050 
3.13 	 -9.999053 
3.13 	 -9.999057 
3.13 	 -9.999061 
3.13 	 -9.999065 
3.13 	 -9.999068 
3.13 	 -9.999072 
3.13 	 -9.999076 
3.13 	 -9.999079 
3.13 	 -9.999083 
3.13 	 -9.999087 
3.13 	 -9.999090 
3.13 	 -9.999094 
3.13 	 -9.999098 
3.13 	 -9.999101 
3.13 	 -9.999105 
3.13 	 -9.999108 
3.13 	 -9.999112 
3.13 	 -9.999115 
3.13 	 -9.999119 
3.13 	 -9.999122 
3.13 	 -9.999126 
3.13 	 -9.999129 
3.13 	 -9.999133 
3.13 	 -9.999136 
3.13 	 -9.999140 
3.13 	 -9.999143 
3.13 	 -9.999147 
3.13 	 -9.999150 
3.13 	 -9.999153 
3.13 	 -9.999157 
3.13 	 -9.999160 
3.13 	 -9.999163 
3.13 	 -9.999167 
3.13 	 -9.999170 
3.13 	 -9.999173 
3.13 	 -9.999177 
3.13 	 -9.999180 
3.13 	 -9.999183 
3.13 	 -9.999187 
3.13 	 -9.999190 
3.13 	 -9.999193 
3.13 	 -9.999196 
3.13 	 -9.999199 
3.13 	 -9.999203 
3.13 	 -9.999206 
3.13 	 -9.999209 
3.13 	 -9.999212 
3.13 	 -9.999215 
3.13 	 -9.999218 
3.13 	 -9.999221 
3.13 	 -9.999225 
3.13 	 -9.999228 
3.13 	 -9.999231 
3.13 	 -9.999234 
3.13 	 -9.999237 
3.13 	 -9.999240 
3.13 	 -9.999243 
3.13 	 -9.999246 
3.13 	 -9.999249 
3.13 	 -9.999252 
3.13 	 -9.999255 
3.13 	 -9.999258 
3.13 	 -9.999261 
3.13 	 -9.999264 
3.13 	 -9.999267 
3.13 	 -9.999270 
3.13 	 -9.999273 
3.13 	 -9.999275 
3.13 	 -9.999278 
3.13 	 -9.999281 
3.13 	 -9.999284 
3.13 	 -9.999287 
3.13 	 -9.999290 
3.13 	 -9.999293 
3.13 	 -9.999295 
3.13 	 -9.999298 
3.13 	 -9.999301 
3.13 	 -9.999304 
3.13 	 -9.999307 
3.13 	 -9.999309 
3.13 	 -9.999312 
3.13 	 -9.999315 
3.13 	 -9.999318 
3.13 	 -9.999320 
3.13 	 -9.999323 
3.13 	 -9.999326 
3.13 	 -9.999328 
3.13 	 -9.999331 
3.13 	 -9.999334 
3.13 	 -9.999336 
3.13 	 -9.999339 
3.13 	 -9.999342 
3.13 	 -9.999344 
3.13 	 -9.999347 
3.13 	 -9.999349 
3.13 	 -9.999352 
3.13 	 -9.999355 
3.13 	 -9.999357 
3.13 	 -9.999360 
3.13 	 -9.999362 
3.13 	 -9.999365 
3.13 	 -9.999367 
3.13 	 -9.999370 
3.13 	 -9.999372 
3.13 	 -9.999375 
3.13 	 -9.999377 
3.13 	 -9.999380 
3.13 	 -9.999382 
3.13 	 -9.999385 
3.13 	 -9.999387 
3.13 	 -9.999390 
3.13 	 -9.999392 
3.13 	 -9.999395 
3.13 	 -9.999397 
3.13 	 -9.999399 
3.13 	 -9.999402 
3.13 	 -9.999404 
3.13 	 -9.999407 
3.13 	 -9.999409 
3.13 	 -9.999411 
3.13 	 -9.999414 
3.13 	 -9.999416 
3.13 	 -9.999418 
3.13 	 -9.999421 
3.13 	 -9.999423 
3.13 	 -9.999425 
3.13 	 -9.999428 
3.13 	 -9.999430 
3.13 	 -9.999432 
3.13 	 -9.999434 
3.13 	 -9.999437 
3.13 	 -9.999439 
3.13 	 -9.999441 
3.13 	 -9.999443 
3.13 	 -9.999446 
3.13 	 -9.999448 
3.13 	 -9.999450 
3.13 	 -9.999452 
3.13 	 -9.999454 
3.13 	 -9.999456 
3.13 	 -9.999459 
3.13 	 -9.999461 
3.13 	 -9.999463 
3.13 	 -9.999465 
3.13 	 -9.999467 
3.13 	 -9.999469 
3.13 	 -9.999471 
3.13 	 -9.999474 
3.13 	 -9.999476 
3.13 	 -9.999478 
3.13 	 -9.999480 
3.13 	 -9.999482 
3.13 	 -9.999484 
3.13 	 -9.999486 
3.13 	 -9.999488 
3.13 	 -9.999490 
3.13 	 -9.999492 
3.13 	 -9.999494 
3.13 	 -9.999496 
3.13 	 -9.999498 
3.13 	 -9.999500 
3.13 	 -9.999502 
3.13 	 -9.999504 
3.13 	 -9.999506 
3.13 	 -9.999508 
3.13 	 -9.999510 
3.13 	 -9.999512 
3.13 	 -9.999514 
3.13 	 -9.999516 
3.13 	 -9.999518 
3.13 	 -9.999520 
3.13 	 -9.999522 
3.13 	 -9.999524 
3.13 	 -9.999525 
3.13 	 -9.999527 
3.13 	 -9.999529 
3.13 	 -9.999531 
3.13 	 -9.999533 
3.13 	 -9.999535 
3.13 	 -9.999537 
3.13 	 -9.999539 
3.13 	 -9.999540 
3.13 	 -9.999542 
3.13 	 -9.999544 
3.13 	 -9.999546 
3.13 	 -9.999548 
3.13 	 -9.999549 
3.13 	 -9.999551 
3.13 	 -9.999553 
3.13 	 -9.999555 
3.13 	 -9.999557 
3.13 	 -9.999558 
3.13 	 -9.999560 
3.13 	 -9.999562 
3.13 	 -9.999564 
3.13 	 -9.999565 
3.13 	 -9.999567 
3.13 	 -9.999569 
3.13 	 -9.999571 
3.13 	 -9.999572 
3.13 	 -9.999574 
3.13 	 -9.999576 
3.13 	 -9.999577 
3.13 	 -9.999579 
3.13 	 -9.999581 
3.13 	 -9.999582 
3.13 	 -9.999584 
3.13 	 -9.999586 
3.13 	 -9.999587 
3.13 	 -9.999589 
3.13 	 -9.999591 
3.13 	 -9.999592 
3.13 	 -9.999594 
3.13 	 -9.999595 
3.13 	 -9.999597 
3.13 	 -9.999599 
3.13 	 -9.999600 
3.13 	 -9.999602 
3.13 	 -9.999603 
3.13 	 -9.999605 
3.13 	 -9.999607 
3.13 	 -9.999608 
3.13 	 -9.999610 
3.13 	 -9.999611 
3.13 	 -9.999613 
3.13 	 -9.999614 
3.13 	 -9.999616 
3.13 	 -9.999617 
3.13 	 -9.999619 
3.13 	 -9.999621 
3.13 	 -9.999622 
3.13 	 -9.999624 
3.13 	 -9.999625 
3.13 	 -9.999627 
3.13 	 -9.999628 
3.13 	 -9.999629 
3.13 	 -9.999631 
3.13 	 -9.999632 
3.13 	 -9.999634 
3.13 	 -9.999635 
3.13 	 -9.999637 
3.13 	 -9.999638 
3.13 	 -9.999640 
3.13 	 -9.999641 
3.13 	 -9.999643 
3.13 	 -9.999644 
3.13 	 -9.999645 
3.13 	 -9.999647 
3.13 	 -9.999648 
3.13 	 -9.999650 
3.13 	 -9.999651 
3.13 	 -9.999652 
3.13 	 -9.999654 
3.13 	 -9.999655 
3.13 	 -9.999657 
3.13 	 -9.999658 
3.13 	 -9.999659 
3.13 	 -9.999661 
3.13 	 -9.999662 
3.13 	 -9.999663 
3.13 	 -9.999665 
3.13 	 -9.999666 
3.13 	 -9.999667 
3.13 	 -9.999669 
3.13 	 -9.999670 
3.13 	 -9.999671 
3.13 	 -9.999673 
3.13 	 -9.999674 
3.13 	 -9.999675 
3.13 	 -9.999677 
3.13 	 -9.999678 
3.13 	 -9.999679 
3.13 	 -9.999680 
3.13 	 -9.999682 
3.13 	 -9.999683 
3.13 	 -9.999684 
3.13 	 -9.999685 
3.13 	 -9.999687 
3.13 	 -9.999688 
3.13 	 -9.999689 
3.13 	 -9.999690 
3.13 	 -9.999692 
3.13 	 -9.999693 
3.13 	 -9.999694 
3.13 	 -9.999695 
3.13 	 -9.999697 
3.13 	 -9.999698 
3.13 	 -9.999699 
3.13 	 -9.999700 
3.13 	 -9.999701 
3.13 	 -9.999703 
3.13 	 -9.999704 
3.13 	 -9.999705 
3.13 	 -9.999706 
3.13 	 -9.999707 
3.13 	 -9.999708 
3.13 	 -9.999710 
3.13 	 -9.999711 
3.13 	 -9.999712 
3.13 	 -9.999713 
3.13 	 -9.999714 
3.13 	 -9.999715 
3.13 	 -9.999716 
3.13 	 -9.999718 
3.13 	 -9.999719 
3.13 	 -9.999720 
3.13 	 -9.999721 
3.13 	 -9.999722 
3.13 	 -9.999723 
3.13 	 -9.999724 
3.13 	 -9.999725 
3.13 	 -9.999726 
3.13 	 -9.999728 
3.13 	 -9.999729 
3.13 	 -9.999730 
3.13 	 -9.999731 
3.13 	 -9.999732 
3.13 	 -9.999733 
3.13 	 -9.999734 
3.13 	 -9.999735 
3.13 	 -9.999736 
3.13 	 -9.999737 
3.13 	 -9.999738 
3.13 	 -9.999739 
3.13 	 -9.999740 
3.13 	 -9.999741 
3.13 	 -9.999742 
3.13 	 -9.999743 
3.13 	 -9.999744 
3.13 	 -9.999745 
3.13 	 -9.999746 
3.13 	 -9.999747 
3.13 	 -9.999748 
3.13 	 -9.999749 
3.13 	 -9.999750 
3.13 	 -9.999751 
3.13 	 -9.999752 
3.13 	 -9.999753 
3.13 	 -9.999754 
3.13 	 -9.999755 
3.13 	 -9.999756 
3.13 	 -9.999757 
3.13 	 -9.999758 
3.13 	 -9.999759 
3.13 	 -9.999760 
3.13 	 -9.999761 
3.13 	 -9.999762 
3.13 	 -9.999763 
3.13 	 -9.999764 
3.13 	 -9.999765 
3.13 	 -9.999766 
3.13 	 -9.999767 
3.13 	 -9.999768 
3.13 	 -9.999769 
3.13 	 -9.999770 
3.13 	 -9.999771 
3.13 	 -9.999771 
3.13 	 -9.999772 
3.13 	 -9.999773 
3.13 	 -9.999774 
3.13 	 -9.999775 
3.13 	 -9.999776 
3.13 	 -9.999777 
3.13 	 -9.999778 
3.13 	 -9.999779 
3.13 	 -9.999779 
3.13 	 -9.999780 
3.13 	 -9.999781 
3.13 	 -9.999782 
3.14 	 -9.999783 
3.14 	 -9.999784 
3.14 	 -9.999785 
3.14 	 -9.999786 
3.14 	 -9.999786 
3.14 	 -9.999787 
3.14 	 -9.999788 
3.14 	 -9.999789 
3.14 	 -9.999790 
3.14 	 -9.999791 
3.14 	 -9.999791 
3.14 	 -9.999792 
3.14 	 -9.999793 
3.14 	 -9.999794 
3.14 	 -9.999795 
3.14 	 -9.999796 
3.14 	 -9.999796 
3.14 	 -9.999797 
3.14 	 -9.999798 
3.14 	 -9.999799 
3.14 	 -9.999800 
3.14 	 -9.999800 
3.14 	 -9.999801 
3.14 	 -9.999802 
3.14 	 -9.999803 
3.14 	 -9.999804 
3.14 	 -9.999804 
3.14 	 -9.999805 
3.14 	 -9.999806 
3.14 	 -9.999807 
3.14 	 -9.999807 
3.14 	 -9.999808 
3.14 	 -9.999809 
3.14 	 -9.999810 
3.14 	 -9.999811 
3.14 	 -9.999811 
3.14 	 -9.999812 
3.14 	 -9.999813 
3.14 	 -9.999814 
3.14 	 -9.999814 
3.14 	 -9.999815 
3.14 	 -9.999816 
3.14 	 -9.999816 
3.14 	 -9.999817 
3.14 	 -9.999818 
3.14 	 -9.999819 
3.14 	 -9.999819 
3.14 	 -9.999820 
3.14 	 -9.999821 
3.14 	 -9.999822 
3.14 	 -9.999822 
3.14 	 -9.999823 
3.14 	 -9.999824 
3.14 	 -9.999824 
3.14 	 -9.999825 
3.14 	 -9.999826 
3.14 	 -9.999826 
3.14 	 -9.999827 
3.14 	 -9.999828 
3.14 	 -9.999829 
3.14 	 -9.999829 
3.14 	 -9.999830 
3.14 	 -9.999831 
3.14 	 -9.999831 
3.14 	 -9.999832 
3.14 	 -9.999833 
3.14 	 -9.999833 
3.14 	 -9.999834 
3.14 	 -9.999835 
3.14 	 -9.999835 
3.14 	 -9.999836 
3.14 	 -9.999837 
3.14 	 -9.999837 
3.14 	 -9.999838 
3.14 	 -9.999838 
3.14 	 -9.999839 
3.14 	 -9.999840 
3.14 	 -9.999840 
3.14 	 -9.999841 
3.14 	 -9.999842 
3.14 	 -9.999842 
3.14 	 -9.999843 
3.14 	 -9.999844 
3.14 	 -9.999844 
3.14 	 -9.999845 
3.14 	 -9.999845 
3.14 	 -9.999846 
3.14 	 -9.999847 
3.14 	 -9.999847 
3.14 	 -9.999848 
3.14 	 -9.999848 
3.14 	 -9.999849 
3.14 	 -9.999850 
3.14 	 -9.999850 
3.14 	 -9.999851 
3.14 	 -9.999851 
3.14 	 -9.999852 
3.14 	 -9.999853 
3.14 	 -9.999853 
3.14 	 -9.999854 
3.14 	 -9.999854 
3.14 	 -9.999855 
3.14 	 -9.999856 
3.14 	 -9.999856 
3.14 	 -9.999857 
3.14 	 -9.999857 
3.14 	 -9.999858 
3.14 	 -9.999858 
3.14 	 -9.999859 
3.14 	 -9.999860 
3.14 	 -9.999860 
3.14 	 -9.999861 
3.14 	 -9.999861 
3.14 	 -9.999862 
3.14 	 -9.999862 
3.14 	 -9.999863 
3.14 	 -9.999863 
3.14 	 -9.999864 
3.14 	 -9.999865 
3.14 	 -9.999865 
3.14 	 -9.999866 
3.14 	 -9.999866 
3.14 	 -9.999867 
3.14 	 -9.999867 
3.14 	 -9.999868 
3.14 	 -9.999868 
3.14 	 -9.999869 
3.14 	 -9.999869 
3.14 	 -9.999870 
3.14 	 -9.999870 
3.14 	 -9.999871 
3.14 	 -9.999871 
3.14 	 -9.999872 
3.14 	 -9.999872 
3.14 	 -9.999873 
3.14 	 -9.999873 
3.14 	 -9.999874 
3.14 	 -9.999874 
3.14 	 -9.999875 
3.14 	 -9.999875 
3.14 	 -9.999876 
3.14 	 -9.999876 
3.14 	 -9.999877 
3.14 	 -9.999877 
3.14 	 -9.999878 
3.14 	 -9.999878 
3.14 	 -9.999879 
3.14 	 -9.999879 
3.14 	 -9.999880 
3.14 	 -9.999880 
3.14 	 -9.999881 
3.14 	 -9.999881 
3.14 	 -9.999882 
3.14 	 -9.999882 
3.14 	 -9.999883 
3.14 	 -9.999883 
3.14 	 -9.999884 
3.14 	 -9.999884 
3.14 	 -9.999885 
3.14 	 -9.999885 
3.14 	 -9.999885 
3.14 	 -9.999886 
3.14 	 -9.999886 
3.14 	 -9.999887 
3.14 	 -9.999887 
3.14 	 -9.999888 
3.14 	 -9.999888 
3.14 	 -9.999889 
3.14 	 -9.999889 
3.14 	 -9.999889 
3.14 	 -9.999890 
3.14 	 -9.999890 
3.14 	 -9.999891 
3.14 	 -9.999891 
3.14 	 -9.999892 
3.14 	 -9.999892 
3.14 	 -9.999893 
3.14 	 -9.999893 
3.14 	 -9.999893 
3.14 	 -9.999894 
3.14 	 -9.999894 
3.14 	 -9.999895 
3.14 	 -9.999895 
3.14 	 -9.999895 
3.14 	 -9.999896 
3.14 	 -9.999896 
3.14 	 -9.999897 
3.14 	 -9.999897 
3.14 	 -9.999898 
3.14 	 -9.999898 
3.14 	 -9.999898 
3.14 	 -9.999899 
3.14 	 -9.999899 
3.14 	 -9.999900 
3.14 	 -9.999900 
3.14 	 -9.999900 
3.14 	 -9.999901 
3.14 	 -9.999901 
3.14 	 -9.999902 
3.14 	 -9.999902 
3.14 	 -9.999902 
3.14 	 -9.999903 
3.14 	 -9.999903 
3.14 	 -9.999903 
3.14 	 -9.999904 
3.14 	 -9.999904 
3.14 	 -9.999905 
3.14 	 -9.999905 
3.14 	 -9.999905 
3.14 	 -9.999906 
3.14 	 -9.999906 
3.14 	 -9.999907 
3.14 	 -9.999907 
3.14 	 -9.999907 
3.14 	 -9.999908 
3.14 	 -9.999908 
3.14 	 -9.999908 
3.14 	 -9.999909 
3.14 	 -9.999909 
3.14 	 -9.999909 
3.14 	 -9.999910 
3.14 	 -9.999910 
3.14 	 -9.999911 
3.14 	 -9.999911 
3.14 	 -9.999911 
3.14 	 -9.999912 
3.14 	 -9.999912 
3.14 	 -9.999912 
3.14 	 -9.999913 
3.14 	 -9.999913 
3.14 	 -9.999913 
3.14 	 -9.999914 
3.14 	 -9.999914 
3.14 	 -9.999914 
3.14 	 -9.999915 
3.14 	 -9.999915 
3.14 	 -9.999915 
3.14 	 -9.999916 
3.14 	 -9.999916 
3.14 	 -9.999916 
3.14 	 -9.999917 
3.14 	 -9.999917 
3.14 	 -9.999917 
3.14 	 -9.999918 
3.14 	 -9.999918 
3.14 	 -9.999918 
3.14 	 -9.999919 
3.14 	 -9.999919 
3.14 	 -9.999919 
3.14 	 -9.999920 
3.14 	 -9.999920 
3.14 	 -9.999920 
3.14 	 -9.999921 
3.14 	 -9.999921 
3.14 	 -9.999921 
3.14 	 -9.999922 
3.14 	 -9.999922 
3.14 	 -9.999922 
3.14 	 -9.999923 
3.14 	 -9.999923 
3.14 	 -9.999923 
3.14 	 -9.999923 
3.14 	 -9.999924 
3.14 	 -9.999924 
3.14 	 -9.999924 
3.14 	 -9.999925 
3.14 	 -9.999925 
3.14 	 -9.999925 
3.14 	 -9.999926 
3.14 	 -9.999926 
3.14 	 -9.999926 
3.14 	 -9.999926 
3.14 	 -9.999927 
3.14 	 -9.999927 
3.14 	 -9.999927 
3.14 	 -9.999928 
3.14 	 -9.999928 
3.14 	 -9.999928 
3.14 	 -9.999928 
3.14 	 -9.999929 
3.14 	 -9.999929 
3.14 	 -9.999929 
3.14 	 -9.999930 
3.14 	 -9.999930 
3.14 	 -9.999930 
3.14 	 -9.999930 
3.14 	 -9.999931 
3.14 	 -9.999931 
3.14 	 -9.999931 
3.14 	 -9.999932 
3.14 	 -9.999932 
3.14 	 -9.999932 
3.14 	 -9.999932 
3.14 	 -9.999933 
3.14 	 -9.999933 
3.14 	 -9.999933 
3.14 	 -9.999933 
3.14 	 -9.999934 
3.14 	 -9.999934 
3.14 	 -9.999934 
3.14 	 -9.999934 
3.14 	 -9.999935 
3.14 	 -9.999935 
3.14 	 -9.999935 
3.14 	 -9.999936 
3.14 	 -9.999936 
3.14 	 -9.999936 
3.14 	 -9.999936 
3.14 	 -9.999937 
3.14 	 -9.999937 
3.14 	 -9.999937 
3.14 	 -9.999937 
3.14 	 -9.999938 
3.14 	 -9.999938 
3.14 	 -9.999938 
3.14 	 -9.999938 
3.14 	 -9.999939 
3.14 	 -9.999939 
3.14 	 -9.999939 
3.14 	 -9.999939 
3.14 	 -9.999940 
3.14 	 -9.999940 
3.14 	 -9.999940 
3.14 	 -9.999940 
3.14 	 -9.999940 
3.14 	 -9.999941 
3.14 	 -9.999941 
3.14 	 -9.999941 
3.14 	 -9.999941 
3.14 	 -9.999942 
3.14 	 -9.999942 
3.14 	 -9.999942 
3.14 	 -9.999942 
3.14 	 -9.999943 
3.14 	 -9.999943 
3.14 	 -9.999943 
3.14 	 -9.999943 
3.14 	 -9.999943 
3.14 	 -9.999944 
3.14 	 -9.999944 
3.14 	 -9.999944 
3.14 	 -9.999944 
3.14 	 -9.999945 
3.14 	 -9.999945 
3.14 	 -9.999945 
3.14 	 -9.999945 
3.14 	 -9.999945 
3.14 	 -9.999946 
3.14 	 -9.999946 
3.14 	 -9.999946 
3.14 	 -9.999946 
3.14 	 -9.999947 
3.14 	 -9.999947 
3.14 	 -9.999947 
3.14 	 -9.999947 
3.14 	 -9.999947 
3.14 	 -9.999948 
3.14 	 -9.999948 
3.14 	 -9.999948 
3.14 	 -9.999948 
3.14 	 -9.999948 
3.14 	 -9.999949 
3.14 	 -9.999949 
3.14 	 -9.999949 
3.14 	 -9.999949 
3.14 	 -9.999949 
3.14 	 -9.999950 
3.14 	 -9.999950 
3.14 	 -9.999950 
3.14 	 -9.999950 
3.14 	 -9.999950 
3.14 	 -9.999951 
3.14 	 -9.999951 
3.14 	 -9.999951 
3.14 	 -9.999951 
3.14 	 -9.999951 
3.14 	 -9.999952 
3.14 	 -9.999952 
3.14 	 -9.999952 
3.14 	 -9.999952 
3.14 	 -9.999952 
3.14 	 -9.999953 
3.14 	 -9.999953 
3.14 	 -9.999953 
3.14 	 -9.999953 
3.14 	 -9.999953 
3.14 	 -9.999954 
3.14 	 -9.999954 
3.14 	 -9.999954 
3.14 	 -9.999954 
3.14 	 -9.999954 
3.14 	 -9.999954 
3.14 	 -9.999955 
3.14 	 -9.999955 
3.14 	 -9.999955 
3.14 	 -9.999955 
3.14 	 -9.999955 
3.14 	 -9.999956 
3.14 	 -9.999956 
3.14 	 -9.999956 
3.14 	 -9.999956 
3.14 	 -9.999956 
3.14 	 -9.999956 
3.14 	 -9.999957 
3.14 	 -9.999957 
3.14 	 -9.999957 
3.14 	 -9.999957 
3.14 	 -9.999957 
3.14 	 -9.999957 
3.14 	 -9.999958 
3.14 	 -9.999958 
3.14 	 -9.999958 
3.14 	 -9.999958 
3.14 	 -9.999958 
3.14 	 -9.999958 
3.14 	 -9.999959 
3.14 	 -9.999959 
3.14 	 -9.999959 
3.14 	 -9.999959 
3.14 	 -9.999959 
3.14 	 -9.999959 
3.14 	 -9.999960 
3.14 	 -9.999960 
3.14 	 -9.999960 
3.14 	 -9.999960 
3.14 	 -9.999960 
3.14 	 -9.999960 
3.14 	 -9.999961 
3.14 	 -9.999961 
3.14 	 -9.999961 
3.14 	 -9.999961 
3.14 	 -9.999961 
3.14 	 -9.999961 
3.14 	 -9.999961 
3.14 	 -9.999962 
3.14 	 -9.999962 
3.14 	 -9.999962 
3.14 	 -9.999962 
3.14 	 -9.999962 
3.14 	 -9.999962 
3.14 	 -9.999963 
3.14 	 -9.999963 
3.14 	 -9.999963 
3.14 	 -9.999963 
3.14 	 -9.999963 
3.14 	 -9.999963 
3.14 	 -9.999963 
3.14 	 -9.999964 
3.14 	 -9.999964 
3.14 	 -9.999964 
3.14 	 -9.999964 
3.14 	 -9.999964 
3.14 	 -9.999964 
3.14 	 -9.999964 
3.14 	 -9.999965 
3.14 	 -9.999965 
3.14 	 -9.999965 
3.14 	 -9.999965 
3.14 	 -9.999965 
3.14 	 -9.999965 
3.14 	 -9.999965 
3.14 	 -9.999966 
3.14 	 -9.999966 
3.14 	 -9.999966 
3.14 	 -9.999966 
3.14 	 -9.999966 
3.14 	 -9.999966 
3.14 	 -9.999966 
3.14 	 -9.999966 
3.14 	 -9.999967 
3.14 	 -9.999967 
3.14 	 -9.999967 
3.14 	 -9.999967 
3.14 	 -9.999967 
3.14 	 -9.999967 
3.14 	 -9.999967 
3.14 	 -9.999968 
3.14 	 -9.999968 
3.14 	 -9.999968 
3.14 	 -9.999968 
3.14 	 -9.999968 
3.14 	 -9.999968 
3.14 	 -9.999968 
3.14 	 -9.999968 
3.14 	 -9.999969 
3.14 	 -9.999969 
3.14 	 -9.999969 
3.14 	 -9.999969 
3.14 	 -9.999969 
3.14 	 -9.999969 
3.14 	 -9.999969 
3.14 	 -9.999969 
3.14 	 -9.999970 
3.14 	 -9.999970 
3.14 	 -9.999970 
3.14 	 -9.999970 
3.14 	 -9.999970 
3.14 	 -9.999970 
3.14 	 -9.999970 
3.14 	 -9.999970 
3.14 	 -9.999971 
3.14 	 -9.999971 
3.14 	 -9.999971 
3.14 	 -9.999971 
3.14 	 -9.999971 
3.14 	 -9.999971 
3.14 	 -9.999971 
3.14 	 -9.999971 
3.14 	 -9.999971 
3.14 	 -9.999972 
3.14 	 -9.999972 
3.14 	 -9.999972 
3.14 	 -9.999972 
3.14 	 -9.999972 
3.14 	 -9.999972 
3.14 	 -9.999972 
3.14 	 -9.999972 
3.14 	 -9.999972 
3.14 	 -9.999973 
3.14 	 -9.999973 
3.14 	 -9.999973 
3.14 	 -9.999973 
3.14 	 -9.999973 
3.14 	 -9.999973 
3.14 	 -9.999973 
3.14 	 -9.999973 
3.14 	 -9.999973 
3.14 	 -9.999974 
3.14 	 -9.999974 
3.14 	 -9.999974 
3.14 	 -9.999974 
3.14 	 -9.999974 
3.14 	 -9.999974 
3.14 	 -9.999974 
3.14 	 -9.999974 
3.14 	 -9.999974 
3.14 	 -9.999974 
3.14 	 -9.999975 
3.14 	 -9.999975 
3.14 	 -9.999975 
3.14 	 -9.999975 
3.14 	 -9.999975 
3.14 	 -9.999975 
3.14 	 -9.999975 
3.14 	 -9.999975 
3.14 	 -9.999975 
3.14 	 -9.999975 
3.14 	 -9.999976 
3.14 	 -9.999976 
3.14 	 -9.999976 
3.14 	 -9.999976 
3.14 	 -9.999976 
3.14 	 -9.999976 
3.14 	 -9.999976 
3.14 	 -9.999976 
3.14 	 -9.999976 
3.14 	 -9.999976 
3.14 	 -9.999977 
3.14 	 -9.999977 
3.14 	 -9.999977 
3.14 	 -9.999977 
3.14 	 -9.999977 
3.14 	 -9.999977 
3.14 	 -9.999977 
3.14 	 -9.999977 
3.14 	 -9.999977 
3.14 	 -9.999977 
3.14 	 -9.999977 
3.14 	 -9.999978 
3.14 	 -9.999978 
3.14 	 -9.999978 
3.14 	 -9.999978 
3.14 	 -9.999978 
3.14 	 -9.999978 
3.14 	 -9.999978 
3.14 	 -9.999978 
3.14 	 -9.999978 
3.14 	 -9.999978 
3.14 	 -9.999978 
3.14 	 -9.999978 
3.14 	 -9.999979 
3.14 	 -9.999979 
3.14 	 -9.999979 
3.14 	 -9.999979 
3.14 	 -9.999979 
3.14 	 -9.999979 
3.14 	 -9.999979 
3.14 	 -9.999979 
3.14 	 -9.999979 
3.14 	 -9.999979 
3.14 	 -9.999979 
3.14 	 -9.999979 
3.14 	 -9.999980 
3.14 	 -9.999980 
3.14 	 -9.999980 
3.14 	 -9.999980 
3.14 	 -9.999980 
3.14 	 -9.999980 
3.14 	 -9.999980 
3.14 	 -9.999980 
3.14 	 -9.999980 
3.14 	 -9.999980 
3.14 	 -9.999980 
3.14 	 -9.999980 
3.14 	 -9.999981 
3.14 	 -9.999981 
3.14 	 -9.999981 
3.14 	 -9.999981 
3.14 	 -9.999981 
3.14 	 -9.999981 
3.14 	 -9.999981 
3.14 	 -9.999981 
3.14 	 -9.999981 
3.14 	 -9.999981 
3.14 	 -9.999981 
3.14 	 -9.999981 
3.14 	 -9.999981 
3.14 	 -9.999982 
3.14 	 -9.999982 
3.14 	 -9.999982 
3.14 	 -9.999982 
3.14 	 -9.999982 
3.14 	 -9.999982 
3.14 	 -9.999982 
3.14 	 -9.999982 
3.14 	 -9.999982 
3.14 	 -9.999982 
3.14 	 -9.999982 
3.14 	 -9.999982 
3.14 	 -9.999982 
3.14 	 -9.999982 
3.14 	 -9.999983 
3.14 	 -9.999983 
3.14 	 -9.999983 
3.14 	 -9.999983 
3.14 	 -9.999983 
3.14 	 -9.999983 
3.14 	 -9.999983 
3.14 	 -9.999983 
3.14 	 -9.999983 
3.14 	 -9.999983 
3.14 	 -9.999983 
3.14 	 -9.999983 
