0.10 	 6.260694 
0.11 	 6.277527 
0.11 	 5.723352 
0.12 	 5.088072 
0.13 	 4.360261 
0.14 	 3.527022 
0.15 	 2.573844 
0.16 	 1.484453 
0.17 	 0.240681 
0.19 	 -1.177668 
0.20 	 -2.792917 
0.21 	 -4.629578 
0.23 	 -6.714366 
0.24 	 -9.076142 
0.26 	 -11.745750 
0.28 	 -14.755742 
0.30 	 -18.139955 
0.32 	 -21.932905 
0.34 	 -26.168985 
0.36 	 -30.881450 
0.39 	 -36.101171 
0.41 	 -41.855186 
0.44 	 -48.165071 
0.46 	 -55.045204 
0.49 	 -62.501004 
0.52 	 -70.527278 
0.55 	 -79.106818 
0.58 	 -88.209398 
0.61 	 -97.791332 
0.65 	 -107.795698 
0.68 	 -118.153305 
0.71 	 -128.784412 
0.74 	 -139.601112 
0.78 	 -150.510247 
0.81 	 -161.416636 
0.84 	 -172.226391 
0.88 	 -182.850069 
0.91 	 -193.205440 
0.94 	 -203.219725 
0.97 	 -212.831179 
1.00 	 -221.989999 
1.03 	 -230.658588 
1.06 	 -238.811255 
1.09 	 -246.433439 
1.11 	 -253.520618 
1.14 	 -260.076988 
1.16 	 -266.114053 
1.19 	 -271.649195 
1.21 	 -276.704317 
1.23 	 -281.304591 
1.25 	 -285.477359 
1.27 	 -289.251179 
1.29 	 -292.655044 
1.31 	 -295.717746 
1.32 	 -298.467384 
1.34 	 -300.930992 
1.35 	 -303.134282 
1.37 	 -305.101465 
1.38 	 -306.855153 
1.39 	 -308.416317 
1.41 	 -309.804285 
1.42 	 -311.036781 
1.43 	 -312.129986 
1.44 	 -313.098610 
1.45 	 -313.955983 
1.46 	 -314.714148 
1.47 	 -315.383957 
1.47 	 -315.975164 
1.48 	 -316.496522 
1.49 	 -316.955868 
1.49 	 -317.360209 
1.50 	 -317.715802 
1.51 	 -318.028226 
1.51 	 -318.302450 
1.52 	 -318.542897 
1.52 	 -318.753496 
1.53 	 -318.937740 
1.53 	 -319.098726 
1.54 	 -319.239204 
1.54 	 -319.361609 
1.54 	 -319.468100 
1.55 	 -319.560586 
1.55 	 -319.640758 
1.55 	 -319.710110 
1.56 	 -319.769965 
1.56 	 -319.821488 
1.56 	 -319.865710 
1.56 	 -319.903541 
1.57 	 -319.935783 
1.57 	 -319.963144 
1.57 	 -319.986245 
1.57 	 -320.005637 
1.57 	 -320.021801 
1.57 	 -320.035163 
1.58 	 -320.046096 
1.58 	 -320.054928 
1.58 	 -320.061946 
1.58 	 -320.067403 
1.58 	 -320.071519 
1.58 	 -320.074489 
1.58 	 -320.076481 
1.59 	 -320.077644 
1.59 	 -320.078106 
1.59 	 -320.077979 
1.59 	 -320.077361 
1.59 	 -320.076337 
1.59 	 -320.074980 
1.59 	 -320.073355 
1.59 	 -320.071516 
1.59 	 -320.069509 
1.59 	 -320.067377 
1.59 	 -320.065153 
1.59 	 -320.062868 
1.59 	 -320.060546 
1.59 	 -320.058209 
1.59 	 -320.055874 
1.60 	 -320.053556 
1.60 	 -320.051269 
1.60 	 -320.049021 
1.60 	 -320.046821 
1.60 	 -320.044676 
1.60 	 -320.042591 
1.60 	 -320.040569 
1.60 	 -320.038614 
1.60 	 -320.036726 
1.60 	 -320.034909 
1.60 	 -320.033161 
1.60 	 -320.031483 
1.60 	 -320.029874 
1.60 	 -320.028334 
1.60 	 -320.026862 
1.60 	 -320.025455 
1.60 	 -320.024113 
1.60 	 -320.022833 
1.60 	 -320.021614 
1.60 	 -320.020454 
1.60 	 -320.019350 
1.60 	 -320.018301 
1.60 	 -320.017304 
1.60 	 -320.016358 
1.60 	 -320.015460 
1.60 	 -320.014608 
1.60 	 -320.013801 
1.60 	 -320.013036 
1.60 	 -320.012311 
1.60 	 -320.011624 
1.60 	 -320.010974 
1.60 	 -320.010360 
1.60 	 -320.009778 
1.60 	 -320.009228 
1.60 	 -320.008707 
1.60 	 -320.008215 
1.60 	 -320.007751 
1.60 	 -320.007311 
1.60 	 -320.006896 
1.60 	 -320.006504 
1.60 	 -320.006134 
1.60 	 -320.005785 
1.60 	 -320.005455 
1.60 	 -320.005143 
1.60 	 -320.004849 
1.60 	 -320.004572 
1.60 	 -320.004310 
1.60 	 -320.004063 
1.60 	 -320.003830 
1.60 	 -320.003610 
1.60 	 -320.003402 
1.60 	 -320.003207 
1.60 	 -320.003022 
1.60 	 -320.002848 
1.60 	 -320.002684 
1.60 	 -320.002530 
1.60 	 -320.002384 
1.60 	 -320.002246 
1.60 	 -320.002117 
1.60 	 -320.001994 
1.60 	 -320.001879 
1.60 	 -320.001771 
1.60 	 -320.001668 
1.60 	 -320.001572 
1.60 	 -320.001481 
1.60 	 -320.001395 
1.60 	 -320.001315 
1.60 	 -320.001239 
1.60 	 -320.001167 
1.60 	 -320.001099 
1.60 	 -320.001036 
1.60 	 -320.000976 
1.60 	 -320.000919 
1.60 	 -320.000866 
1.60 	 -320.000816 
1.60 	 -320.000768 
1.60 	 -320.000724 
1.60 	 -320.000682 
1.60 	 -320.000642 
1.60 	 -320.000605 
1.60 	 -320.000570 
1.60 	 -320.000537 
1.60 	 -320.000506 
1.60 	 -320.000477 
1.60 	 -320.000449 
1.60 	 -320.000423 
1.60 	 -320.000398 
1.60 	 -320.000375 
1.60 	 -320.000353 
1.60 	 -320.000333 
1.60 	 -320.000314 
1.60 	 -320.000295 
1.60 	 -320.000278 
1.60 	 -320.000262 
1.60 	 -320.000247 
1.60 	 -320.000233 
1.60 	 -320.000219 
1.60 	 -320.000206 
1.60 	 -320.000194 
1.60 	 -320.000183 
1.60 	 -320.000172 
1.60 	 -320.000162 
1.60 	 -320.000153 
1.60 	 -320.000144 
1.60 	 -320.000136 
1.60 	 -320.000128 
1.60 	 -320.000120 
1.60 	 -320.000113 
1.60 	 -320.000107 
1.60 	 -320.000101 
1.60 	 -320.000095 
1.60 	 -320.000089 
1.60 	 -320.000084 
1.60 	 -320.000079 
1.60 	 -320.000075 
1.60 	 -320.000070 
1.60 	 -320.000066 
1.60 	 -320.000062 
1.60 	 -320.000059 
1.60 	 -320.000055 
1.60 	 -320.000052 
1.60 	 -320.000049 
1.60 	 -320.000046 
1.60 	 -320.000044 
1.60 	 -320.000041 
1.60 	 -320.000039 
1.60 	 -320.000036 
1.60 	 -320.000034 
1.60 	 -320.000032 
1.60 	 -320.000030 
1.60 	 -320.000029 
1.60 	 -320.000027 
1.60 	 -320.000025 
1.60 	 -320.000024 
1.60 	 -320.000023 
1.60 	 -320.000021 
1.60 	 -320.000020 
1.60 	 -320.000019 
1.60 	 -320.000018 
1.60 	 -320.000017 
1.60 	 -320.000016 
1.60 	 -320.000015 
1.60 	 -320.000014 
1.60 	 -320.000013 
1.60 	 -320.000012 
1.60 	 -320.000012 
1.60 	 -320.000011 
1.60 	 -320.000010 
1.60 	 -320.000010 
1.60 	 -320.000009 
1.60 	 -320.000009 
1.60 	 -320.000008 
1.60 	 -320.000008 
1.60 	 -320.000007 
1.60 	 -320.000007 
1.60 	 -320.000006 
1.60 	 -320.000006 
1.60 	 -320.000006 
1.60 	 -320.000005 
1.60 	 -320.000005 
1.60 	 -320.000005 
1.60 	 -320.000004 
1.60 	 -320.000004 
1.60 	 -320.000004 
1.60 	 -320.000004 
1.60 	 -320.000004 
1.60 	 -320.000003 
1.60 	 -320.000003 
1.60 	 -320.000003 
1.60 	 -320.000003 
1.60 	 -320.000003 
1.60 	 -320.000002 
1.60 	 -320.000002 
1.60 	 -320.000002 
1.60 	 -320.000002 
1.60 	 -320.000002 
1.60 	 -320.000002 
1.60 	 -320.000002 
1.60 	 -320.000002 
1.60 	 -320.000002 
1.60 	 -320.000001 
1.60 	 -320.000001 
1.60 	 -320.000001 
1.60 	 -320.000001 
1.60 	 -320.000001 
1.60 	 -320.000001 
1.60 	 -320.000001 
1.60 	 -320.000001 
1.60 	 -320.000001 
1.60 	 -320.000001 
1.60 	 -320.000001 
1.60 	 -320.000001 
1.60 	 -320.000001 
1.60 	 -320.000001 
1.60 	 -320.000001 
1.60 	 -320.000001 
1.60 	 -320.000001 
1.60 	 -320.000001 
1.60 	 -320.000000 
1.60 	 -320.000000 
1.60 	 -320.000000 
1.60 	 -320.000000 
1.60 	 -320.000000 
1.60 	 -320.000000 
1.60 	 -320.000000 
1.60 	 -320.000000 
1.60 	 -320.000000 
1.60 	 -320.000000 
1.60 	 -320.000000 
1.60 	 -320.000000 
1.60 	 -320.000000 
1.60 	 -320.000000 
1.60 	 -320.000000 
1.60 	 -320.000000 
1.60 	 -320.000000 
1.60 	 -320.000000 
1.60 	 -320.000000 
1.60 	 -320.000000 
1.60 	 -320.000000 
1.60 	 -320.000000 
1.60 	 -320.000000 
1.60 	 -320.000000 
1.60 	 -320.000000 
1.60 	 -320.000000 
1.60 	 -320.000000 
1.60 	 -320.000000 
1.60 	 -320.000000 
1.60 	 -320.000000 
1.60 	 -320.000000 
1.60 	 -320.000000 
1.60 	 -320.000000 
1.60 	 -320.000000 
1.60 	 -320.000000 
1.60 	 -320.000000 
1.60 	 -320.000000 
1.60 	 -320.000000 
1.60 	 -320.000000 
1.60 	 -320.000000 
1.60 	 -320.000000 
1.60 	 -320.000000 
1.60 	 -320.000000 
1.60 	 -320.000000 
1.60 	 -320.000000 
1.60 	 -320.000000 
1.60 	 -320.000000 
1.60 	 -320.000000 
1.60 	 -320.000000 
1.60 	 -320.000000 
1.60 	 -320.000000 
1.60 	 -320.000000 
1.60 	 -320.000000 
1.60 	 -320.000000 
1.60 	 -320.000000 
1.60 	 -320.000000 
1.60 	 -320.000000 
1.60 	 -320.000000 
1.60 	 -320.000000 
1.60 	 -320.000000 
1.60 	 -320.000000 
1.60 	 -320.000000 
1.60 	 -320.000000 
1.60 	 -320.000000 
1.60 	 -320.000000 
1.60 	 -320.000000 
1.60 	 -320.000000 
1.60 	 -320.000000 
1.60 	 -320.000000 
1.60 	 -320.000000 
1.60 	 -320.000000 
1.60 	 -320.000000 
1.60 	 -320.000000 
1.60 	 -320.000000 
1.60 	 -320.000000 
1.60 	 -320.000000 
1.60 	 -320.000000 
1.60 	 -320.000000 
1.60 	 -320.000000 
1.60 	 -320.000000 
1.60 	 -320.000000 
1.60 	 -320.000000 
1.60 	 -320.000000 
1.60 	 -320.000000 
1.60 	 -320.000000 
1.60 	 -320.000000 
1.60 	 -320.000000 
1.60 	 -320.000000 
1.60 	 -320.000000 
1.60 	 -320.000000 
1.60 	 -320.000000 
1.60 	 -320.000000 
1.60 	 -320.000000 
1.60 	 -320.000000 
1.60 	 -320.000000 
1.60 	 -320.000000 
1.60 	 -320.000000 
1.60 	 -320.000000 
1.60 	 -320.000000 
1.60 	 -320.000000 
1.60 	 -320.000000 
1.60 	 -320.000000 
1.60 	 -320.000000 
1.60 	 -320.000000 
1.60 	 -320.000000 
1.60 	 -320.000000 
1.60 	 -320.000000 
1.60 	 -320.000000 
1.60 	 -320.000000 
1.60 	 -320.000000 
1.60 	 -320.000000 
1.60 	 -320.000000 
1.60 	 -320.000000 
1.60 	 -320.000000 
1.60 	 -320.000000 
1.60 	 -320.000000 
1.60 	 -320.000000 
1.60 	 -320.000000 
1.60 	 -320.000000 
1.60 	 -320.000000 
1.60 	 -320.000000 
1.60 	 -320.000000 
1.60 	 -320.000000 
1.60 	 -320.000000 
1.60 	 -320.000000 
1.60 	 -320.000000 
1.60 	 -320.000000 
1.60 	 -320.000000 
1.60 	 -320.000000 
1.60 	 -320.000000 
1.60 	 -320.000000 
1.60 	 -320.000000 
1.60 	 -320.000000 
1.60 	 -320.000000 
1.60 	 -320.000000 
1.60 	 -320.000000 
1.60 	 -320.000000 
1.60 	 -320.000000 
1.60 	 -320.000000 
1.60 	 -320.000000 
1.60 	 -320.000000 
1.60 	 -320.000000 
1.60 	 -320.000000 
1.60 	 -320.000000 
1.60 	 -320.000000 
1.60 	 -320.000000 
1.60 	 -320.000000 
1.60 	 -320.000000 
1.60 	 -320.000000 
1.60 	 -320.000000 
1.60 	 -320.000000 
1.60 	 -320.000000 
1.60 	 -320.000000 
1.60 	 -320.000000 
1.60 	 -320.000000 
1.60 	 -320.000000 
1.60 	 -320.000000 
1.60 	 -320.000000 
1.60 	 -320.000000 
1.60 	 -320.000000 
1.60 	 -320.000000 
1.60 	 -320.000000 
1.60 	 -320.000000 
1.60 	 -320.000000 
1.60 	 -320.000000 
1.60 	 -320.000000 
1.60 	 -320.000000 
1.60 	 -320.000000 
1.60 	 -320.000000 
1.60 	 -320.000000 
1.60 	 -320.000000 
1.60 	 -320.000000 
1.60 	 -320.000000 
1.60 	 -320.000000 
1.60 	 -320.000000 
1.60 	 -320.000000 
1.60 	 -320.000000 
1.60 	 -320.000000 
1.60 	 -320.000000 
1.60 	 -320.000000 
1.60 	 -320.000000 
1.60 	 -320.000000 
1.60 	 -320.000000 
1.60 	 -320.000000 
1.60 	 -320.000000 
1.60 	 -320.000000 
1.60 	 -320.000000 
1.60 	 -320.000000 
1.60 	 -320.000000 
1.60 	 -320.000000 
1.60 	 -320.000000 
1.60 	 -320.000000 
1.60 	 -320.000000 
1.60 	 -320.000000 
1.60 	 -320.000000 
1.60 	 -320.000000 
1.60 	 -320.000000 
1.60 	 -320.000000 
1.60 	 -320.000000 
1.60 	 -320.000000 
1.60 	 -320.000000 
1.60 	 -320.000000 
1.60 	 -320.000000 
1.60 	 -320.000000 
1.60 	 -320.000000 
1.60 	 -320.000000 
1.60 	 -320.000000 
1.60 	 -320.000000 
1.60 	 -320.000000 
1.60 	 -320.000000 
1.60 	 -320.000000 
1.60 	 -320.000000 
1.60 	 -320.000000 
1.60 	 -320.000000 
1.60 	 -320.000000 
1.60 	 -320.000000 
1.60 	 -320.000000 
1.60 	 -320.000000 
1.60 	 -320.000000 
1.60 	 -320.000000 
1.60 	 -320.000000 
1.60 	 -320.000000 
1.60 	 -320.000000 
1.60 	 -320.000000 
1.60 	 -320.000000 
1.60 	 -320.000000 
1.60 	 -320.000000 
1.60 	 -320.000000 
1.60 	 -320.000000 
1.60 	 -320.000000 
1.60 	 -320.000000 
1.60 	 -320.000000 
1.60 	 -320.000000 
1.60 	 -320.000000 
1.60 	 -320.000000 
1.60 	 -320.000000 
1.60 	 -320.000000 
1.60 	 -320.000000 
1.60 	 -320.000000 
1.60 	 -320.000000 
1.60 	 -320.000000 
1.60 	 -320.000000 
1.60 	 -320.000000 
1.60 	 -320.000000 
1.60 	 -320.000000 
1.60 	 -320.000000 
1.60 	 -320.000000 
1.60 	 -320.000000 
1.60 	 -320.000000 
1.60 	 -320.000000 
1.60 	 -320.000000 
1.60 	 -320.000000 
1.60 	 -320.000000 
1.60 	 -320.000000 
1.60 	 -320.000000 
1.60 	 -320.000000 
1.60 	 -320.000000 
1.60 	 -320.000000 
1.60 	 -320.000000 
1.60 	 -320.000000 
1.60 	 -320.000000 
1.60 	 -320.000000 
1.60 	 -320.000000 
1.60 	 -320.000000 
1.60 	 -320.000000 
1.60 	 -320.000000 
1.60 	 -320.000000 
1.60 	 -320.000000 
1.60 	 -320.000000 
1.60 	 -320.000000 
1.60 	 -320.000000 
1.60 	 -320.000000 
1.60 	 -320.000000 
1.60 	 -320.000000 
1.60 	 -320.000000 
1.60 	 -320.000000 
1.60 	 -320.000000 
1.60 	 -320.000000 
1.60 	 -320.000000 
1.60 	 -320.000000 
1.60 	 -320.000000 
1.60 	 -320.000000 
1.60 	 -320.000000 
1.60 	 -320.000000 
1.60 	 -320.000000 
1.60 	 -320.000000 
1.60 	 -320.000000 
1.60 	 -320.000000 
1.60 	 -320.000000 
1.60 	 -320.000000 
1.60 	 -320.000000 
1.60 	 -320.000000 
1.60 	 -320.000000 
1.60 	 -320.000000 
1.60 	 -320.000000 
1.60 	 -320.000000 
1.60 	 -320.000000 
1.60 	 -320.000000 
1.60 	 -320.000000 
1.60 	 -320.000000 
1.60 	 -320.000000 
1.60 	 -320.000000 
1.60 	 -320.000000 
1.60 	 -320.000000 
1.60 	 -320.000000 
1.60 	 -320.000000 
1.60 	 -320.000000 
1.60 	 -320.000000 
1.60 	 -320.000000 
1.60 	 -320.000000 
1.60 	 -320.000000 
1.60 	 -320.000000 
1.60 	 -320.000000 
1.60 	 -320.000000 
1.60 	 -320.000000 
1.60 	 -320.000000 
1.60 	 -320.000000 
1.60 	 -320.000000 
1.60 	 -320.000000 
1.60 	 -320.000000 
1.60 	 -320.000000 
1.60 	 -320.000000 
1.60 	 -320.000000 
1.60 	 -320.000000 
1.60 	 -320.000000 
1.60 	 -320.000000 
1.60 	 -320.000000 
1.60 	 -320.000000 
1.60 	 -320.000000 
1.60 	 -320.000000 
1.60 	 -320.000000 
1.60 	 -320.000000 
1.60 	 -320.000000 
1.60 	 -320.000000 
1.60 	 -320.000000 
1.60 	 -320.000000 
1.60 	 -320.000000 
1.60 	 -320.000000 
1.60 	 -320.000000 
1.60 	 -320.000000 
1.60 	 -320.000000 
1.60 	 -320.000000 
1.60 	 -320.000000 
1.60 	 -320.000000 
1.60 	 -320.000000 
1.60 	 -320.000000 
1.60 	 -320.000000 
1.60 	 -320.000000 
1.60 	 -320.000000 
1.60 	 -320.000000 
1.60 	 -320.000000 
1.60 	 -320.000000 
1.60 	 -320.000000 
1.60 	 -320.000000 
1.60 	 -320.000000 
1.60 	 -320.000000 
1.60 	 -320.000000 
1.60 	 -320.000000 
1.60 	 -320.000000 
1.60 	 -320.000000 
1.60 	 -320.000000 
1.60 	 -320.000000 
1.60 	 -320.000000 
1.60 	 -320.000000 
1.60 	 -320.000000 
1.60 	 -320.000000 
1.60 	 -320.000000 
1.60 	 -320.000000 
1.60 	 -320.000000 
1.60 	 -320.000000 
1.60 	 -320.000000 
1.60 	 -320.000000 
1.60 	 -320.000000 
1.60 	 -320.000000 
1.60 	 -320.000000 
1.60 	 -320.000000 
1.60 	 -320.000000 
1.60 	 -320.000000 
1.60 	 -320.000000 
1.60 	 -320.000000 
1.60 	 -320.000000 
1.60 	 -320.000000 
1.60 	 -320.000000 
1.60 	 -320.000000 
1.60 	 -320.000000 
1.60 	 -320.000000 
1.60 	 -320.000000 
1.60 	 -320.000000 
1.60 	 -320.000000 
1.60 	 -320.000000 
1.60 	 -320.000000 
1.60 	 -320.000000 
1.60 	 -320.000000 
1.60 	 -320.000000 
1.60 	 -320.000000 
1.60 	 -320.000000 
1.60 	 -320.000000 
1.60 	 -320.000000 
1.60 	 -320.000000 
1.60 	 -320.000000 
1.60 	 -320.000000 
1.60 	 -320.000000 
1.60 	 -320.000000 
1.60 	 -320.000000 
1.60 	 -320.000000 
1.60 	 -320.000000 
1.60 	 -320.000000 
1.60 	 -320.000000 
1.60 	 -320.000000 
1.60 	 -320.000000 
1.60 	 -320.000000 
1.60 	 -320.000000 
1.60 	 -320.000000 
1.60 	 -320.000000 
1.60 	 -320.000000 
1.60 	 -320.000000 
1.60 	 -320.000000 
1.60 	 -320.000000 
1.60 	 -320.000000 
1.60 	 -320.000000 
1.60 	 -320.000000 
1.60 	 -320.000000 
1.60 	 -320.000000 
1.60 	 -320.000000 
1.60 	 -320.000000 
1.60 	 -320.000000 
1.60 	 -320.000000 
1.60 	 -320.000000 
1.60 	 -320.000000 
1.60 	 -320.000000 
1.60 	 -320.000000 
1.60 	 -320.000000 
1.60 	 -320.000000 
1.60 	 -320.000000 
1.60 	 -320.000000 
1.60 	 -320.000000 
1.60 	 -320.000000 
1.60 	 -320.000000 
1.60 	 -320.000000 
1.60 	 -320.000000 
1.60 	 -320.000000 
1.60 	 -320.000000 
1.60 	 -320.000000 
1.60 	 -320.000000 
1.60 	 -320.000000 
1.60 	 -320.000000 
1.60 	 -320.000000 
1.60 	 -320.000000 
1.60 	 -320.000000 
1.60 	 -320.000000 
1.60 	 -320.000000 
1.60 	 -320.000000 
1.60 	 -320.000000 
1.60 	 -320.000000 
1.60 	 -320.000000 
1.60 	 -320.000000 
1.60 	 -320.000000 
1.60 	 -320.000000 
1.60 	 -320.000000 
1.60 	 -320.000000 
1.60 	 -320.000000 
1.60 	 -320.000000 
1.60 	 -320.000000 
1.60 	 -320.000000 
1.60 	 -320.000000 
1.60 	 -320.000000 
1.60 	 -320.000000 
1.60 	 -320.000000 
1.60 	 -320.000000 
1.60 	 -320.000000 
1.60 	 -320.000000 
1.60 	 -320.000000 
1.60 	 -320.000000 
1.60 	 -320.000000 
1.60 	 -320.000000 
1.60 	 -320.000000 
1.60 	 -320.000000 
1.60 	 -320.000000 
1.60 	 -320.000000 
1.60 	 -320.000000 
1.60 	 -320.000000 
1.60 	 -320.000000 
1.60 	 -320.000000 
1.60 	 -320.000000 
1.60 	 -320.000000 
1.60 	 -320.000000 
1.60 	 -320.000000 
1.60 	 -320.000000 
1.60 	 -320.000000 
1.60 	 -320.000000 
1.60 	 -320.000000 
1.60 	 -320.000000 
1.60 	 -320.000000 
1.60 	 -320.000000 
1.60 	 -320.000000 
1.60 	 -320.000000 
1.60 	 -320.000000 
1.60 	 -320.000000 
1.60 	 -320.000000 
1.60 	 -320.000000 
1.60 	 -320.000000 
1.60 	 -320.000000 
1.60 	 -320.000000 
1.60 	 -320.000000 
1.60 	 -320.000000 
1.60 	 -320.000000 
1.60 	 -320.000000 
1.60 	 -320.000000 
1.60 	 -320.000000 
1.60 	 -320.000000 
1.60 	 -320.000000 
1.60 	 -320.000000 
1.60 	 -320.000000 
1.60 	 -320.000000 
1.60 	 -320.000000 
1.60 	 -320.000000 
1.60 	 -320.000000 
1.60 	 -320.000000 
1.60 	 -320.000000 
1.60 	 -320.000000 
1.60 	 -320.000000 
1.60 	 -320.000000 
1.60 	 -320.000000 
1.60 	 -320.000000 
1.60 	 -320.000000 
1.60 	 -320.000000 
1.60 	 -320.000000 
1.60 	 -320.000000 
1.60 	 -320.000000 
1.60 	 -320.000000 
1.60 	 -320.000000 
1.60 	 -320.000000 
1.60 	 -320.000000 
1.60 	 -320.000000 
1.60 	 -320.000000 
1.60 	 -320.000000 
1.60 	 -320.000000 
1.60 	 -320.000000 
1.60 	 -320.000000 
1.60 	 -320.000000 
1.60 	 -320.000000 
1.60 	 -320.000000 
1.60 	 -320.000000 
1.60 	 -320.000000 
1.60 	 -320.000000 
1.60 	 -320.000000 
1.60 	 -320.000000 
1.60 	 -320.000000 
1.60 	 -320.000000 
1.60 	 -320.000000 
1.60 	 -320.000000 
1.60 	 -320.000000 
1.60 	 -320.000000 
1.60 	 -320.000000 
1.60 	 -320.000000 
1.60 	 -320.000000 
1.60 	 -320.000000 
1.60 	 -320.000000 
1.60 	 -320.000000 
1.60 	 -320.000000 
1.60 	 -320.000000 
1.60 	 -320.000000 
1.60 	 -320.000000 
1.60 	 -320.000000 
1.60 	 -320.000000 
1.60 	 -320.000000 
1.60 	 -320.000000 
1.60 	 -320.000000 
1.60 	 -320.000000 
1.60 	 -320.000000 
1.60 	 -320.000000 
1.60 	 -320.000000 
1.60 	 -320.000000 
1.60 	 -320.000000 
1.60 	 -320.000000 
1.60 	 -320.000000 
1.60 	 -320.000000 
1.60 	 -320.000000 
1.60 	 -320.000000 
1.60 	 -320.000000 
1.60 	 -320.000000 
1.60 	 -320.000000 
1.60 	 -320.000000 
1.60 	 -320.000000 
1.60 	 -320.000000 
1.60 	 -320.000000 
1.60 	 -320.000000 
1.60 	 -320.000000 
1.60 	 -320.000000 
1.60 	 -320.000000 
1.60 	 -320.000000 
1.60 	 -320.000000 
1.60 	 -320.000000 
1.60 	 -320.000000 
1.60 	 -320.000000 
1.60 	 -320.000000 
1.60 	 -320.000000 
1.60 	 -320.000000 
1.60 	 -320.000000 
1.60 	 -320.000000 
1.60 	 -320.000000 
1.60 	 -320.000000 
1.60 	 -320.000000 
1.60 	 -320.000000 
1.60 	 -320.000000 
1.60 	 -320.000000 
1.60 	 -320.000000 
1.60 	 -320.000000 
1.60 	 -320.000000 
1.60 	 -320.000000 
1.60 	 -320.000000 
1.60 	 -320.000000 
1.60 	 -320.000000 
1.60 	 -320.000000 
1.60 	 -320.000000 
1.60 	 -320.000000 
1.60 	 -320.000000 
1.60 	 -320.000000 
1.60 	 -320.000000 
1.60 	 -320.000000 
1.60 	 -320.000000 
1.60 	 -320.000000 
1.60 	 -320.000000 
1.60 	 -320.000000 
1.60 	 -320.000000 
1.60 	 -320.000000 
1.60 	 -320.000000 
1.60 	 -320.000000 
1.60 	 -320.000000 
1.60 	 -320.000000 
1.60 	 -320.000000 
1.60 	 -320.000000 
1.60 	 -320.000000 
1.60 	 -320.000000 
1.60 	 -320.000000 
1.60 	 -320.000000 
1.60 	 -320.000000 
1.60 	 -320.000000 
1.60 	 -320.000000 
1.60 	 -320.000000 
1.60 	 -320.000000 
1.60 	 -320.000000 
1.60 	 -320.000000 
1.60 	 -320.000000 
1.60 	 -320.000000 
1.60 	 -320.000000 
1.60 	 -320.000000 
1.60 	 -320.000000 
1.60 	 -320.000000 
1.60 	 -320.000000 
1.60 	 -320.000000 
1.60 	 -320.000000 
1.60 	 -320.000000 
1.60 	 -320.000000 
1.60 	 -320.000000 
1.60 	 -320.000000 
1.60 	 -320.000000 
1.60 	 -320.000000 
1.60 	 -320.000000 
1.60 	 -320.000000 
1.60 	 -320.000000 
1.60 	 -320.000000 
1.60 	 -320.000000 
1.60 	 -320.000000 
1.60 	 -320.000000 
1.60 	 -320.000000 
1.60 	 -320.000000 
1.60 	 -320.000000 
1.60 	 -320.000000 
1.60 	 -320.000000 
1.60 	 -320.000000 
1.60 	 -320.000000 
1.60 	 -320.000000 
1.60 	 -320.000000 
1.60 	 -320.000000 
1.60 	 -320.000000 
1.60 	 -320.000000 
1.60 	 -320.000000 
1.60 	 -320.000000 
1.60 	 -320.000000 
1.60 	 -320.000000 
1.60 	 -320.000000 
1.60 	 -320.000000 
1.60 	 -320.000000 
1.60 	 -320.000000 
1.60 	 -320.000000 
1.60 	 -320.000000 
1.60 	 -320.000000 
1.60 	 -320.000000 
1.60 	 -320.000000 
1.60 	 -320.000000 
1.60 	 -320.000000 
1.60 	 -320.000000 
1.60 	 -320.000000 
1.60 	 -320.000000 
1.60 	 -320.000000 
1.60 	 -320.000000 
1.60 	 -320.000000 
1.60 	 -320.000000 
1.60 	 -320.000000 
1.60 	 -320.000000 
1.60 	 -320.000000 
1.60 	 -320.000000 
1.60 	 -320.000000 
1.60 	 -320.000000 
1.60 	 -320.000000 
1.60 	 -320.000000 
1.60 	 -320.000000 
1.60 	 -320.000000 
1.60 	 -320.000000 
1.60 	 -320.000000 
1.60 	 -320.000000 
1.60 	 -320.000000 
1.60 	 -320.000000 
1.60 	 -320.000000 
1.60 	 -320.000000 
1.60 	 -320.000000 
1.60 	 -320.000000 
1.60 	 -320.000000 
1.60 	 -320.000000 
1.60 	 -320.000000 
1.60 	 -320.000000 
1.60 	 -320.000000 
1.60 	 -320.000000 
1.60 	 -320.000000 
1.60 	 -320.000000 
1.60 	 -320.000000 
1.60 	 -320.000000 
1.60 	 -320.000000 
1.60 	 -320.000000 
1.60 	 -320.000000 
1.60 	 -320.000000 
1.60 	 -320.000000 
1.60 	 -320.000000 
1.60 	 -320.000000 
1.60 	 -320.000000 
1.60 	 -320.000000 
1.60 	 -320.000000 
1.60 	 -320.000000 
1.60 	 -320.000000 
1.60 	 -320.000000 
1.60 	 -320.000000 
1.60 	 -320.000000 
1.60 	 -320.000000 
1.60 	 -320.000000 
1.60 	 -320.000000 
1.60 	 -320.000000 
1.60 	 -320.000000 
1.60 	 -320.000000 
1.60 	 -320.000000 
1.60 	 -320.000000 
1.60 	 -320.000000 
1.60 	 -320.000000 
1.60 	 -320.000000 
1.60 	 -320.000000 
1.60 	 -320.000000 
1.60 	 -320.000000 
1.60 	 -320.000000 
1.60 	 -320.000000 
1.60 	 -320.000000 
1.60 	 -320.000000 
1.60 	 -320.000000 
1.60 	 -320.000000 
1.60 	 -320.000000 
1.60 	 -320.000000 
1.60 	 -320.000000 
1.60 	 -320.000000 
1.60 	 -320.000000 
1.60 	 -320.000000 
1.60 	 -320.000000 
1.60 	 -320.000000 
1.60 	 -320.000000 
1.60 	 -320.000000 
1.60 	 -320.000000 
1.60 	 -320.000000 
1.60 	 -320.000000 
1.60 	 -320.000000 
1.60 	 -320.000000 
1.60 	 -320.000000 
1.60 	 -320.000000 
1.60 	 -320.000000 
1.60 	 -320.000000 
1.60 	 -320.000000 
1.60 	 -320.000000 
1.60 	 -320.000000 
1.60 	 -320.000000 
1.60 	 -320.000000 
1.60 	 -320.000000 
1.60 	 -320.000000 
1.60 	 -320.000000 
1.60 	 -320.000000 
1.60 	 -320.000000 
1.60 	 -320.000000 
1.60 	 -320.000000 
1.60 	 -320.000000 
1.60 	 -320.000000 
1.60 	 -320.000000 
1.60 	 -320.000000 
1.60 	 -320.000000 
1.60 	 -320.000000 
1.60 	 -320.000000 
1.60 	 -320.000000 
1.60 	 -320.000000 
1.60 	 -320.000000 
1.60 	 -320.000000 
1.60 	 -320.000000 
1.60 	 -320.000000 
1.60 	 -320.000000 
1.60 	 -320.000000 
1.60 	 -320.000000 
1.60 	 -320.000000 
1.60 	 -320.000000 
1.60 	 -320.000000 
1.60 	 -320.000000 
1.60 	 -320.000000 
1.60 	 -320.000000 
1.60 	 -320.000000 
1.60 	 -320.000000 
1.60 	 -320.000000 
1.60 	 -320.000000 
1.60 	 -320.000000 
1.60 	 -320.000000 
1.60 	 -320.000000 
1.60 	 -320.000000 
1.60 	 -320.000000 
1.60 	 -320.000000 
1.60 	 -320.000000 
1.60 	 -320.000000 
1.60 	 -320.000000 
1.60 	 -320.000000 
1.60 	 -320.000000 
1.60 	 -320.000000 
1.60 	 -320.000000 
1.60 	 -320.000000 
1.60 	 -320.000000 
1.60 	 -320.000000 
1.60 	 -320.000000 
1.60 	 -320.000000 
1.60 	 -320.000000 
1.60 	 -320.000000 
1.60 	 -320.000000 
1.60 	 -320.000000 
1.60 	 -320.000000 
1.60 	 -320.000000 
1.60 	 -320.000000 
1.60 	 -320.000000 
1.60 	 -320.000000 
1.60 	 -320.000000 
1.60 	 -320.000000 
1.60 	 -320.000000 
1.60 	 -320.000000 
1.60 	 -320.000000 
1.60 	 -320.000000 
1.60 	 -320.000000 
1.60 	 -320.000000 
1.60 	 -320.000000 
1.60 	 -320.000000 
1.60 	 -320.000000 
1.60 	 -320.000000 
1.60 	 -320.000000 
1.60 	 -320.000000 
1.60 	 -320.000000 
1.60 	 -320.000000 
1.60 	 -320.000000 
1.60 	 -320.000000 
1.60 	 -320.000000 
1.60 	 -320.000000 
1.60 	 -320.000000 
1.60 	 -320.000000 
1.60 	 -320.000000 
1.60 	 -320.000000 
1.60 	 -320.000000 
1.60 	 -320.000000 
1.60 	 -320.000000 
1.60 	 -320.000000 
1.60 	 -320.000000 
1.60 	 -320.000000 
1.60 	 -320.000000 
1.60 	 -320.000000 
1.60 	 -320.000000 
1.60 	 -320.000000 
1.60 	 -320.000000 
1.60 	 -320.000000 
1.60 	 -320.000000 
1.60 	 -320.000000 
1.60 	 -320.000000 
1.60 	 -320.000000 
1.60 	 -320.000000 
1.60 	 -320.000000 
1.60 	 -320.000000 
1.60 	 -320.000000 
1.60 	 -320.000000 
1.60 	 -320.000000 
1.60 	 -320.000000 
1.60 	 -320.000000 
1.60 	 -320.000000 
1.60 	 -320.000000 
1.60 	 -320.000000 
1.60 	 -320.000000 
1.60 	 -320.000000 
1.60 	 -320.000000 
1.60 	 -320.000000 
1.60 	 -320.000000 
1.60 	 -320.000000 
1.60 	 -320.000000 
1.60 	 -320.000000 
1.60 	 -320.000000 
1.60 	 -320.000000 
1.60 	 -320.000000 
1.60 	 -320.000000 
1.60 	 -320.000000 
1.60 	 -320.000000 
1.60 	 -320.000000 
1.60 	 -320.000000 
1.60 	 -320.000000 
1.60 	 -320.000000 
1.60 	 -320.000000 
1.60 	 -320.000000 
1.60 	 -320.000000 
1.60 	 -320.000000 
1.60 	 -320.000000 
1.60 	 -320.000000 
1.60 	 -320.000000 
1.60 	 -320.000000 
1.60 	 -320.000000 
1.60 	 -320.000000 
1.60 	 -320.000000 
1.60 	 -320.000000 
1.60 	 -320.000000 
1.60 	 -320.000000 
1.60 	 -320.000000 
1.60 	 -320.000000 
1.60 	 -320.000000 
1.60 	 -320.000000 
1.60 	 -320.000000 
1.60 	 -320.000000 
1.60 	 -320.000000 
1.60 	 -320.000000 
1.60 	 -320.000000 
1.60 	 -320.000000 
1.60 	 -320.000000 
1.60 	 -320.000000 
1.60 	 -320.000000 
1.60 	 -320.000000 
1.60 	 -320.000000 
1.60 	 -320.000000 
1.60 	 -320.000000 
1.60 	 -320.000000 
1.60 	 -320.000000 
1.60 	 -320.000000 
1.60 	 -320.000000 
1.60 	 -320.000000 
1.60 	 -320.000000 
1.60 	 -320.000000 
1.60 	 -320.000000 
1.60 	 -320.000000 
1.60 	 -320.000000 
1.60 	 -320.000000 
1.60 	 -320.000000 
1.60 	 -320.000000 
1.60 	 -320.000000 
1.60 	 -320.000000 
1.60 	 -320.000000 
1.60 	 -320.000000 
1.60 	 -320.000000 
1.60 	 -320.000000 
1.60 	 -320.000000 
1.60 	 -320.000000 
1.60 	 -320.000000 
1.60 	 -320.000000 
1.60 	 -320.000000 
1.60 	 -320.000000 
1.60 	 -320.000000 
1.60 	 -320.000000 
1.60 	 -320.000000 
1.60 	 -320.000000 
1.60 	 -320.000000 
1.60 	 -320.000000 
1.60 	 -320.000000 
1.60 	 -320.000000 
1.60 	 -320.000000 
1.60 	 -320.000000 
1.60 	 -320.000000 
1.60 	 -320.000000 
1.60 	 -320.000000 
1.60 	 -320.000000 
1.60 	 -320.000000 
1.60 	 -320.000000 
1.60 	 -320.000000 
1.60 	 -320.000000 
1.60 	 -320.000000 
1.60 	 -320.000000 
1.60 	 -320.000000 
1.60 	 -320.000000 
1.60 	 -320.000000 
1.60 	 -320.000000 
1.60 	 -320.000000 
1.60 	 -320.000000 
1.60 	 -320.000000 
1.60 	 -320.000000 
1.60 	 -320.000000 
1.60 	 -320.000000 
1.60 	 -320.000000 
1.60 	 -320.000000 
1.60 	 -320.000000 
1.60 	 -320.000000 
1.60 	 -320.000000 
1.60 	 -320.000000 
1.60 	 -320.000000 
1.60 	 -320.000000 
1.60 	 -320.000000 
1.60 	 -320.000000 
1.60 	 -320.000000 
1.60 	 -320.000000 
1.60 	 -320.000000 
1.60 	 -320.000000 
1.60 	 -320.000000 
1.60 	 -320.000000 
1.60 	 -320.000000 
1.60 	 -320.000000 
1.60 	 -320.000000 
1.60 	 -320.000000 
1.60 	 -320.000000 
1.60 	 -320.000000 
1.60 	 -320.000000 
1.60 	 -320.000000 
1.60 	 -320.000000 
1.60 	 -320.000000 
1.60 	 -320.000000 
1.60 	 -320.000000 
1.60 	 -320.000000 
1.60 	 -320.000000 
1.60 	 -320.000000 
1.60 	 -320.000000 
1.60 	 -320.000000 
1.60 	 -320.000000 
1.60 	 -320.000000 
1.60 	 -320.000000 
1.60 	 -320.000000 
1.60 	 -320.000000 
1.60 	 -320.000000 
1.60 	 -320.000000 
1.60 	 -320.000000 
1.60 	 -320.000000 
1.60 	 -320.000000 
1.60 	 -320.000000 
1.60 	 -320.000000 
1.60 	 -320.000000 
1.60 	 -320.000000 
1.60 	 -320.000000 
1.60 	 -320.000000 
1.60 	 -320.000000 
1.60 	 -320.000000 
1.60 	 -320.000000 
1.60 	 -320.000000 
1.60 	 -320.000000 
1.60 	 -320.000000 
1.60 	 -320.000000 
1.60 	 -320.000000 
1.60 	 -320.000000 
1.60 	 -320.000000 
1.60 	 -320.000000 
1.60 	 -320.000000 
1.60 	 -320.000000 
1.60 	 -320.000000 
1.60 	 -320.000000 
1.60 	 -320.000000 
1.60 	 -320.000000 
1.60 	 -320.000000 
1.60 	 -320.000000 
1.60 	 -320.000000 
1.60 	 -320.000000 
1.60 	 -320.000000 
1.60 	 -320.000000 
1.60 	 -320.000000 
1.60 	 -320.000000 
1.60 	 -320.000000 
1.60 	 -320.000000 
1.60 	 -320.000000 
1.60 	 -320.000000 
1.60 	 -320.000000 
1.60 	 -320.000000 
1.60 	 -320.000000 
1.60 	 -320.000000 
1.60 	 -320.000000 
1.60 	 -320.000000 
1.60 	 -320.000000 
1.60 	 -320.000000 
1.60 	 -320.000000 
1.60 	 -320.000000 
1.60 	 -320.000000 
1.60 	 -320.000000 
1.60 	 -320.000000 
1.60 	 -320.000000 
1.60 	 -320.000000 
1.60 	 -320.000000 
1.60 	 -320.000000 
1.60 	 -320.000000 
1.60 	 -320.000000 
1.60 	 -320.000000 
1.60 	 -320.000000 
1.60 	 -320.000000 
1.60 	 -320.000000 
1.60 	 -320.000000 
1.60 	 -320.000000 
1.60 	 -320.000000 
1.60 	 -320.000000 
1.60 	 -320.000000 
1.60 	 -320.000000 
1.60 	 -320.000000 
1.60 	 -320.000000 
1.60 	 -320.000000 
1.60 	 -320.000000 
1.60 	 -320.000000 
1.60 	 -320.000000 
1.60 	 -320.000000 
1.60 	 -320.000000 
1.60 	 -320.000000 
1.60 	 -320.000000 
1.60 	 -320.000000 
1.60 	 -320.000000 
1.60 	 -320.000000 
1.60 	 -320.000000 
1.60 	 -320.000000 
1.60 	 -320.000000 
1.60 	 -320.000000 
1.60 	 -320.000000 
1.60 	 -320.000000 
1.60 	 -320.000000 
1.60 	 -320.000000 
1.60 	 -320.000000 
1.60 	 -320.000000 
1.60 	 -320.000000 
1.60 	 -320.000000 
1.60 	 -320.000000 
1.60 	 -320.000000 
1.60 	 -320.000000 
1.60 	 -320.000000 
1.60 	 -320.000000 
1.60 	 -320.000000 
1.60 	 -320.000000 
1.60 	 -320.000000 
1.60 	 -320.000000 
1.60 	 -320.000000 
1.60 	 -320.000000 
1.60 	 -320.000000 
1.60 	 -320.000000 
1.60 	 -320.000000 
1.60 	 -320.000000 
1.60 	 -320.000000 
1.60 	 -320.000000 
1.60 	 -320.000000 
1.60 	 -320.000000 
1.60 	 -320.000000 
1.60 	 -320.000000 
1.60 	 -320.000000 
1.60 	 -320.000000 
1.60 	 -320.000000 
1.60 	 -320.000000 
1.60 	 -320.000000 
1.60 	 -320.000000 
1.60 	 -320.000000 
1.60 	 -320.000000 
1.60 	 -320.000000 
1.60 	 -320.000000 
1.60 	 -320.000000 
1.60 	 -320.000000 
1.60 	 -320.000000 
1.60 	 -320.000000 
1.60 	 -320.000000 
1.60 	 -320.000000 
1.60 	 -320.000000 
1.60 	 -320.000000 
1.60 	 -320.000000 
1.60 	 -320.000000 
1.60 	 -320.000000 
1.60 	 -320.000000 
1.60 	 -320.000000 
1.60 	 -320.000000 
1.60 	 -320.000000 
1.60 	 -320.000000 
1.60 	 -320.000000 
1.60 	 -320.000000 
1.60 	 -320.000000 
1.60 	 -320.000000 
1.60 	 -320.000000 
1.60 	 -320.000000 
1.60 	 -320.000000 
1.60 	 -320.000000 
1.60 	 -320.000000 
1.60 	 -320.000000 
1.60 	 -320.000000 
1.60 	 -320.000000 
1.60 	 -320.000000 
1.60 	 -320.000000 
1.60 	 -320.000000 
1.60 	 -320.000000 
1.60 	 -320.000000 
1.60 	 -320.000000 
1.60 	 -320.000000 
1.60 	 -320.000000 
1.60 	 -320.000000 
1.60 	 -320.000000 
1.60 	 -320.000000 
1.60 	 -320.000000 
1.60 	 -320.000000 
1.60 	 -320.000000 
1.60 	 -320.000000 
1.60 	 -320.000000 
1.60 	 -320.000000 
1.60 	 -320.000000 
1.60 	 -320.000000 
1.60 	 -320.000000 
1.60 	 -320.000000 
1.60 	 -320.000000 
1.60 	 -320.000000 
1.60 	 -320.000000 
1.60 	 -320.000000 
1.60 	 -320.000000 
1.60 	 -320.000000 
1.60 	 -320.000000 
1.60 	 -320.000000 
1.60 	 -320.000000 
1.60 	 -320.000000 
1.60 	 -320.000000 
1.60 	 -320.000000 
1.60 	 -320.000000 
1.60 	 -320.000000 
1.60 	 -320.000000 
1.60 	 -320.000000 
1.60 	 -320.000000 
1.60 	 -320.000000 
1.60 	 -320.000000 
1.60 	 -320.000000 
1.60 	 -320.000000 
1.60 	 -320.000000 
1.60 	 -320.000000 
1.60 	 -320.000000 
1.60 	 -320.000000 
1.60 	 -320.000000 
1.60 	 -320.000000 
1.60 	 -320.000000 
1.60 	 -320.000000 
1.60 	 -320.000000 
1.60 	 -320.000000 
1.60 	 -320.000000 
1.60 	 -320.000000 
1.60 	 -320.000000 
1.60 	 -320.000000 
1.60 	 -320.000000 
1.60 	 -320.000000 
1.60 	 -320.000000 
1.60 	 -320.000000 
1.60 	 -320.000000 
1.60 	 -320.000000 
1.60 	 -320.000000 
1.60 	 -320.000000 
1.60 	 -320.000000 
1.60 	 -320.000000 
1.60 	 -320.000000 
1.60 	 -320.000000 
1.60 	 -320.000000 
1.60 	 -320.000000 
1.60 	 -320.000000 
1.60 	 -320.000000 
1.60 	 -320.000000 
1.60 	 -320.000000 
1.60 	 -320.000000 
1.60 	 -320.000000 
1.60 	 -320.000000 
1.60 	 -320.000000 
1.60 	 -320.000000 
1.60 	 -320.000000 
1.60 	 -320.000000 
1.60 	 -320.000000 
1.60 	 -320.000000 
1.60 	 -320.000000 
1.60 	 -320.000000 
1.60 	 -320.000000 
1.60 	 -320.000000 
1.60 	 -320.000000 
1.60 	 -320.000000 
1.60 	 -320.000000 
1.60 	 -320.000000 
1.60 	 -320.000000 
1.60 	 -320.000000 
1.60 	 -320.000000 
1.60 	 -320.000000 
1.60 	 -320.000000 
1.60 	 -320.000000 
1.60 	 -320.000000 
1.60 	 -320.000000 
1.60 	 -320.000000 
1.60 	 -320.000000 
1.60 	 -320.000000 
1.60 	 -320.000000 
1.60 	 -320.000000 
1.60 	 -320.000000 
1.60 	 -320.000000 
1.60 	 -320.000000 
1.60 	 -320.000000 
1.60 	 -320.000000 
1.60 	 -320.000000 
1.60 	 -320.000000 
1.60 	 -320.000000 
1.60 	 -320.000000 
1.60 	 -320.000000 
1.60 	 -320.000000 
1.60 	 -320.000000 
1.60 	 -320.000000 
1.60 	 -320.000000 
1.60 	 -320.000000 
1.60 	 -320.000000 
1.60 	 -320.000000 
1.60 	 -320.000000 
1.60 	 -320.000000 
1.60 	 -320.000000 
1.60 	 -320.000000 
1.60 	 -320.000000 
1.60 	 -320.000000 
1.60 	 -320.000000 
1.60 	 -320.000000 
1.60 	 -320.000000 
1.60 	 -320.000000 
1.60 	 -320.000000 
1.60 	 -320.000000 
1.60 	 -320.000000 
1.60 	 -320.000000 
1.60 	 -320.000000 
1.60 	 -320.000000 
1.60 	 -320.000000 
1.60 	 -320.000000 
1.60 	 -320.000000 
1.60 	 -320.000000 
1.60 	 -320.000000 
1.60 	 -320.000000 
1.60 	 -320.000000 
1.60 	 -320.000000 
1.60 	 -320.000000 
1.60 	 -320.000000 
1.60 	 -320.000000 
1.60 	 -320.000000 
1.60 	 -320.000000 
1.60 	 -320.000000 
1.60 	 -320.000000 
1.60 	 -320.000000 
1.60 	 -320.000000 
1.60 	 -320.000000 
1.60 	 -320.000000 
1.60 	 -320.000000 
1.60 	 -320.000000 
1.60 	 -320.000000 
1.60 	 -320.000000 
1.60 	 -320.000000 
1.60 	 -320.000000 
1.60 	 -320.000000 
1.60 	 -320.000000 
1.60 	 -320.000000 
1.60 	 -320.000000 
1.60 	 -320.000000 
1.60 	 -320.000000 
1.60 	 -320.000000 
1.60 	 -320.000000 
1.60 	 -320.000000 
1.60 	 -320.000000 
1.60 	 -320.000000 
1.60 	 -320.000000 
1.60 	 -320.000000 
1.60 	 -320.000000 
1.60 	 -320.000000 
1.60 	 -320.000000 
1.60 	 -320.000000 
1.60 	 -320.000000 
1.60 	 -320.000000 
1.60 	 -320.000000 
1.60 	 -320.000000 
1.60 	 -320.000000 
1.60 	 -320.000000 
1.60 	 -320.000000 
1.60 	 -320.000000 
1.60 	 -320.000000 
1.60 	 -320.000000 
1.60 	 -320.000000 
1.60 	 -320.000000 
1.60 	 -320.000000 
1.60 	 -320.000000 
1.60 	 -320.000000 
1.60 	 -320.000000 
1.60 	 -320.000000 
1.60 	 -320.000000 
1.60 	 -320.000000 
1.60 	 -320.000000 
1.60 	 -320.000000 
1.60 	 -320.000000 
1.60 	 -320.000000 
1.60 	 -320.000000 
1.60 	 -320.000000 
1.60 	 -320.000000 
1.60 	 -320.000000 
1.60 	 -320.000000 
1.60 	 -320.000000 
1.60 	 -320.000000 
1.60 	 -320.000000 
1.60 	 -320.000000 
1.60 	 -320.000000 
1.60 	 -320.000000 
1.60 	 -320.000000 
1.60 	 -320.000000 
1.60 	 -320.000000 
1.60 	 -320.000000 
1.60 	 -320.000000 
1.60 	 -320.000000 
1.60 	 -320.000000 
1.60 	 -320.000000 
1.60 	 -320.000000 
1.60 	 -320.000000 
1.60 	 -320.000000 
1.60 	 -320.000000 
1.60 	 -320.000000 
1.60 	 -320.000000 
1.60 	 -320.000000 
1.60 	 -320.000000 
1.60 	 -320.000000 
1.60 	 -320.000000 
1.60 	 -320.000000 
1.60 	 -320.000000 
1.60 	 -320.000000 
1.60 	 -320.000000 
1.60 	 -320.000000 
1.60 	 -320.000000 
1.60 	 -320.000000 
1.60 	 -320.000000 
1.60 	 -320.000000 
1.60 	 -320.000000 
1.60 	 -320.000000 
1.60 	 -320.000000 
1.60 	 -320.000000 
1.60 	 -320.000000 
1.60 	 -320.000000 
1.60 	 -320.000000 
1.60 	 -320.000000 
1.60 	 -320.000000 
1.60 	 -320.000000 
1.60 	 -320.000000 
1.60 	 -320.000000 
1.60 	 -320.000000 
1.60 	 -320.000000 
1.60 	 -320.000000 
1.60 	 -320.000000 
1.60 	 -320.000000 
1.60 	 -320.000000 
1.60 	 -320.000000 
1.60 	 -320.000000 
1.60 	 -320.000000 
1.60 	 -320.000000 
1.60 	 -320.000000 
1.60 	 -320.000000 
1.60 	 -320.000000 
1.60 	 -320.000000 
1.60 	 -320.000000 
1.60 	 -320.000000 
1.60 	 -320.000000 
1.60 	 -320.000000 
1.60 	 -320.000000 
1.60 	 -320.000000 
1.60 	 -320.000000 
1.60 	 -320.000000 
1.60 	 -320.000000 
1.60 	 -320.000000 
1.60 	 -320.000000 
1.60 	 -320.000000 
1.60 	 -320.000000 
1.60 	 -320.000000 
1.60 	 -320.000000 
1.60 	 -320.000000 
1.60 	 -320.000000 
1.60 	 -320.000000 
1.60 	 -320.000000 
1.60 	 -320.000000 
1.60 	 -320.000000 
1.60 	 -320.000000 
1.60 	 -320.000000 
1.60 	 -320.000000 
1.60 	 -320.000000 
1.60 	 -320.000000 
1.60 	 -320.000000 
1.60 	 -320.000000 
1.60 	 -320.000000 
1.60 	 -320.000000 
1.60 	 -320.000000 
1.60 	 -320.000000 
1.60 	 -320.000000 
1.60 	 -320.000000 
1.60 	 -320.000000 
1.60 	 -320.000000 
1.60 	 -320.000000 
1.60 	 -320.000000 
1.60 	 -320.000000 
1.60 	 -320.000000 
1.60 	 -320.000000 
1.60 	 -320.000000 
1.60 	 -320.000000 
1.60 	 -320.000000 
1.60 	 -320.000000 
1.60 	 -320.000000 
1.60 	 -320.000000 
1.60 	 -320.000000 
1.60 	 -320.000000 
1.60 	 -320.000000 
1.60 	 -320.000000 
1.60 	 -320.000000 
1.60 	 -320.000000 
1.60 	 -320.000000 
1.60 	 -320.000000 
1.60 	 -320.000000 
1.60 	 -320.000000 
1.60 	 -320.000000 
1.60 	 -320.000000 
1.60 	 -320.000000 
1.60 	 -320.000000 
1.60 	 -320.000000 
1.60 	 -320.000000 
1.60 	 -320.000000 
1.60 	 -320.000000 
1.60 	 -320.000000 
1.60 	 -320.000000 
1.60 	 -320.000000 
1.60 	 -320.000000 
1.60 	 -320.000000 
1.60 	 -320.000000 
1.60 	 -320.000000 
1.60 	 -320.000000 
1.60 	 -320.000000 
1.60 	 -320.000000 
1.60 	 -320.000000 
1.60 	 -320.000000 
1.60 	 -320.000000 
1.60 	 -320.000000 
1.60 	 -320.000000 
1.60 	 -320.000000 
1.60 	 -320.000000 
1.60 	 -320.000000 
1.60 	 -320.000000 
1.60 	 -320.000000 
1.60 	 -320.000000 
1.60 	 -320.000000 
1.60 	 -320.000000 
1.60 	 -320.000000 
1.60 	 -320.000000 
1.60 	 -320.000000 
1.60 	 -320.000000 
1.60 	 -320.000000 
1.60 	 -320.000000 
1.60 	 -320.000000 
1.60 	 -320.000000 
1.60 	 -320.000000 
1.60 	 -320.000000 
1.60 	 -320.000000 
1.60 	 -320.000000 
1.60 	 -320.000000 
1.60 	 -320.000000 
1.60 	 -320.000000 
1.60 	 -320.000000 
1.60 	 -320.000000 
1.60 	 -320.000000 
1.60 	 -320.000000 
1.60 	 -320.000000 
1.60 	 -320.000000 
1.60 	 -320.000000 
1.60 	 -320.000000 
1.60 	 -320.000000 
1.60 	 -320.000000 
1.60 	 -320.000000 
1.60 	 -320.000000 
1.60 	 -320.000000 
1.60 	 -320.000000 
1.60 	 -320.000000 
1.60 	 -320.000000 
1.60 	 -320.000000 
1.60 	 -320.000000 
1.60 	 -320.000000 
1.60 	 -320.000000 
1.60 	 -320.000000 
1.60 	 -320.000000 
1.60 	 -320.000000 
1.60 	 -320.000000 
1.60 	 -320.000000 
1.60 	 -320.000000 
1.60 	 -320.000000 
1.60 	 -320.000000 
1.60 	 -320.000000 
1.60 	 -320.000000 
1.60 	 -320.000000 
1.60 	 -320.000000 
1.60 	 -320.000000 
1.60 	 -320.000000 
1.60 	 -320.000000 
1.60 	 -320.000000 
1.60 	 -320.000000 
1.60 	 -320.000000 
1.60 	 -320.000000 
1.60 	 -320.000000 
1.60 	 -320.000000 
1.60 	 -320.000000 
1.60 	 -320.000000 
1.60 	 -320.000000 
1.60 	 -320.000000 
1.60 	 -320.000000 
1.60 	 -320.000000 
1.60 	 -320.000000 
1.60 	 -320.000000 
1.60 	 -320.000000 
1.60 	 -320.000000 
1.60 	 -320.000000 
1.60 	 -320.000000 
1.60 	 -320.000000 
1.60 	 -320.000000 
1.60 	 -320.000000 
1.60 	 -320.000000 
1.60 	 -320.000000 
1.60 	 -320.000000 
1.60 	 -320.000000 
1.60 	 -320.000000 
1.60 	 -320.000000 
1.60 	 -320.000000 
1.60 	 -320.000000 
1.60 	 -320.000000 
1.60 	 -320.000000 
1.60 	 -320.000000 
1.60 	 -320.000000 
1.60 	 -320.000000 
1.60 	 -320.000000 
1.60 	 -320.000000 
1.60 	 -320.000000 
1.60 	 -320.000000 
1.60 	 -320.000000 
1.60 	 -320.000000 
1.60 	 -320.000000 
1.60 	 -320.000000 
1.60 	 -320.000000 
1.60 	 -320.000000 
1.60 	 -320.000000 
1.60 	 -320.000000 
1.60 	 -320.000000 
1.60 	 -320.000000 
1.60 	 -320.000000 
1.60 	 -320.000000 
1.60 	 -320.000000 
1.60 	 -320.000000 
1.60 	 -320.000000 
1.60 	 -320.000000 
1.60 	 -320.000000 
1.60 	 -320.000000 
1.60 	 -320.000000 
1.60 	 -320.000000 
1.60 	 -320.000000 
1.60 	 -320.000000 
1.60 	 -320.000000 
1.60 	 -320.000000 
1.60 	 -320.000000 
1.60 	 -320.000000 
1.60 	 -320.000000 
1.60 	 -320.000000 
1.60 	 -320.000000 
1.60 	 -320.000000 
1.60 	 -320.000000 
1.60 	 -320.000000 
1.60 	 -320.000000 
1.60 	 -320.000000 
1.60 	 -320.000000 
1.60 	 -320.000000 
1.60 	 -320.000000 
1.60 	 -320.000000 
1.60 	 -320.000000 
1.60 	 -320.000000 
1.60 	 -320.000000 
1.60 	 -320.000000 
1.60 	 -320.000000 
1.60 	 -320.000000 
1.60 	 -320.000000 
1.60 	 -320.000000 
1.60 	 -320.000000 
1.60 	 -320.000000 
1.60 	 -320.000000 
1.60 	 -320.000000 
1.60 	 -320.000000 
1.60 	 -320.000000 
1.60 	 -320.000000 
1.60 	 -320.000000 
1.60 	 -320.000000 
1.60 	 -320.000000 
1.60 	 -320.000000 
1.60 	 -320.000000 
1.60 	 -320.000000 
1.60 	 -320.000000 
1.60 	 -320.000000 
1.60 	 -320.000000 
1.60 	 -320.000000 
1.60 	 -320.000000 
1.60 	 -320.000000 
1.60 	 -320.000000 
1.60 	 -320.000000 
1.60 	 -320.000000 
1.60 	 -320.000000 
1.60 	 -320.000000 
1.60 	 -320.000000 
1.60 	 -320.000000 
1.60 	 -320.000000 
1.60 	 -320.000000 
1.60 	 -320.000000 
1.60 	 -320.000000 
1.60 	 -320.000000 
1.60 	 -320.000000 
1.60 	 -320.000000 
1.60 	 -320.000000 
1.60 	 -320.000000 
1.60 	 -320.000000 
1.60 	 -320.000000 
1.60 	 -320.000000 
1.60 	 -320.000000 
1.60 	 -320.000000 
1.60 	 -320.000000 
1.60 	 -320.000000 
1.60 	 -320.000000 
1.60 	 -320.000000 
1.60 	 -320.000000 
1.60 	 -320.000000 
1.60 	 -320.000000 
1.60 	 -320.000000 
1.60 	 -320.000000 
1.60 	 -320.000000 
1.60 	 -320.000000 
1.60 	 -320.000000 
1.60 	 -320.000000 
1.60 	 -320.000000 
1.60 	 -320.000000 
1.60 	 -320.000000 
1.60 	 -320.000000 
1.60 	 -320.000000 
1.60 	 -320.000000 
1.60 	 -320.000000 
1.60 	 -320.000000 
1.60 	 -320.000000 
1.60 	 -320.000000 
1.60 	 -320.000000 
1.60 	 -320.000000 
1.60 	 -320.000000 
1.60 	 -320.000000 
1.60 	 -320.000000 
1.60 	 -320.000000 
1.60 	 -320.000000 
1.60 	 -320.000000 
1.60 	 -320.000000 
1.60 	 -320.000000 
1.60 	 -320.000000 
1.60 	 -320.000000 
1.60 	 -320.000000 
1.60 	 -320.000000 
1.60 	 -320.000000 
1.60 	 -320.000000 
1.60 	 -320.000000 
1.60 	 -320.000000 
1.60 	 -320.000000 
1.60 	 -320.000000 
1.60 	 -320.000000 
1.60 	 -320.000000 
1.60 	 -320.000000 
1.60 	 -320.000000 
1.60 	 -320.000000 
1.60 	 -320.000000 
1.60 	 -320.000000 
1.60 	 -320.000000 
1.60 	 -320.000000 
1.60 	 -320.000000 
1.60 	 -320.000000 
1.60 	 -320.000000 
1.60 	 -320.000000 
1.60 	 -320.000000 
1.60 	 -320.000000 
1.60 	 -320.000000 
1.60 	 -320.000000 
1.60 	 -320.000000 
1.60 	 -320.000000 
1.60 	 -320.000000 
1.60 	 -320.000000 
1.60 	 -320.000000 
1.60 	 -320.000000 
1.60 	 -320.000000 
1.60 	 -320.000000 
1.60 	 -320.000000 
1.60 	 -320.000000 
1.60 	 -320.000000 
1.60 	 -320.000000 
1.60 	 -320.000000 
1.60 	 -320.000000 
1.60 	 -320.000000 
1.60 	 -320.000000 
1.60 	 -320.000000 
1.60 	 -320.000000 
1.60 	 -320.000000 
1.60 	 -320.000000 
1.60 	 -320.000000 
1.60 	 -320.000000 
1.60 	 -320.000000 
1.60 	 -320.000000 
1.60 	 -320.000000 
1.60 	 -320.000000 
1.60 	 -320.000000 
1.60 	 -320.000000 
1.60 	 -320.000000 
1.60 	 -320.000000 
1.60 	 -320.000000 
1.60 	 -320.000000 
1.60 	 -320.000000 
1.60 	 -320.000000 
1.60 	 -320.000000 
1.60 	 -320.000000 
1.60 	 -320.000000 
1.60 	 -320.000000 
1.60 	 -320.000000 
1.60 	 -320.000000 
1.60 	 -320.000000 
1.60 	 -320.000000 
1.60 	 -320.000000 
1.60 	 -320.000000 
1.60 	 -320.000000 
1.60 	 -320.000000 
1.60 	 -320.000000 
1.60 	 -320.000000 
1.60 	 -320.000000 
1.60 	 -320.000000 
1.60 	 -320.000000 
1.60 	 -320.000000 
1.60 	 -320.000000 
1.60 	 -320.000000 
1.60 	 -320.000000 
1.60 	 -320.000000 
1.60 	 -320.000000 
1.60 	 -320.000000 
1.60 	 -320.000000 
1.60 	 -320.000000 
1.60 	 -320.000000 
1.60 	 -320.000000 
1.60 	 -320.000000 
1.60 	 -320.000000 
1.60 	 -320.000000 
1.60 	 -320.000000 
1.60 	 -320.000000 
1.60 	 -320.000000 
1.60 	 -320.000000 
1.60 	 -320.000000 
1.60 	 -320.000000 
1.60 	 -320.000000 
1.60 	 -320.000000 
1.60 	 -320.000000 
1.60 	 -320.000000 
1.60 	 -320.000000 
1.60 	 -320.000000 
1.60 	 -320.000000 
1.60 	 -320.000000 
1.60 	 -320.000000 
1.60 	 -320.000000 
1.60 	 -320.000000 
1.60 	 -320.000000 
1.60 	 -320.000000 
1.60 	 -320.000000 
1.60 	 -320.000000 
1.60 	 -320.000000 
1.60 	 -320.000000 
1.60 	 -320.000000 
1.60 	 -320.000000 
1.60 	 -320.000000 
1.60 	 -320.000000 
1.60 	 -320.000000 
1.60 	 -320.000000 
1.60 	 -320.000000 
1.60 	 -320.000000 
1.60 	 -320.000000 
1.60 	 -320.000000 
1.60 	 -320.000000 
1.60 	 -320.000000 
1.60 	 -320.000000 
1.60 	 -320.000000 
1.60 	 -320.000000 
1.60 	 -320.000000 
1.60 	 -320.000000 
1.60 	 -320.000000 
1.60 	 -320.000000 
1.60 	 -320.000000 
1.60 	 -320.000000 
1.60 	 -320.000000 
1.60 	 -320.000000 
1.60 	 -320.000000 
1.60 	 -320.000000 
1.60 	 -320.000000 
1.60 	 -320.000000 
1.60 	 -320.000000 
1.60 	 -320.000000 
1.60 	 -320.000000 
1.60 	 -320.000000 
1.60 	 -320.000000 
1.60 	 -320.000000 
1.60 	 -320.000000 
1.60 	 -320.000000 
1.60 	 -320.000000 
1.60 	 -320.000000 
1.60 	 -320.000000 
1.60 	 -320.000000 
1.60 	 -320.000000 
1.60 	 -320.000000 
1.60 	 -320.000000 
1.60 	 -320.000000 
1.60 	 -320.000000 
1.60 	 -320.000000 
1.60 	 -320.000000 
1.60 	 -320.000000 
1.60 	 -320.000000 
1.60 	 -320.000000 
1.60 	 -320.000000 
1.60 	 -320.000000 
1.60 	 -320.000000 
1.60 	 -320.000000 
1.60 	 -320.000000 
1.60 	 -320.000000 
1.60 	 -320.000000 
1.60 	 -320.000000 
1.60 	 -320.000000 
1.60 	 -320.000000 
1.60 	 -320.000000 
1.60 	 -320.000000 
1.60 	 -320.000000 
1.60 	 -320.000000 
1.60 	 -320.000000 
1.60 	 -320.000000 
1.60 	 -320.000000 
1.60 	 -320.000000 
1.60 	 -320.000000 
1.60 	 -320.000000 
1.60 	 -320.000000 
1.60 	 -320.000000 
1.60 	 -320.000000 
1.60 	 -320.000000 
1.60 	 -320.000000 
1.60 	 -320.000000 
1.60 	 -320.000000 
1.60 	 -320.000000 
1.60 	 -320.000000 
1.60 	 -320.000000 
1.60 	 -320.000000 
1.60 	 -320.000000 
1.60 	 -320.000000 
1.60 	 -320.000000 
1.60 	 -320.000000 
1.60 	 -320.000000 
1.60 	 -320.000000 
1.60 	 -320.000000 
1.60 	 -320.000000 
1.60 	 -320.000000 
1.60 	 -320.000000 
1.60 	 -320.000000 
1.60 	 -320.000000 
1.60 	 -320.000000 
1.60 	 -320.000000 
1.60 	 -320.000000 
1.60 	 -320.000000 
1.60 	 -320.000000 
1.60 	 -320.000000 
1.60 	 -320.000000 
1.60 	 -320.000000 
1.60 	 -320.000000 
1.60 	 -320.000000 
1.60 	 -320.000000 
1.60 	 -320.000000 
1.60 	 -320.000000 
1.60 	 -320.000000 
1.60 	 -320.000000 
1.60 	 -320.000000 
1.60 	 -320.000000 
1.60 	 -320.000000 
1.60 	 -320.000000 
1.60 	 -320.000000 
1.60 	 -320.000000 
1.60 	 -320.000000 
1.60 	 -320.000000 
1.60 	 -320.000000 
1.60 	 -320.000000 
1.60 	 -320.000000 
1.60 	 -320.000000 
1.60 	 -320.000000 
1.60 	 -320.000000 
1.60 	 -320.000000 
1.60 	 -320.000000 
1.60 	 -320.000000 
1.60 	 -320.000000 
1.60 	 -320.000000 
1.60 	 -320.000000 
1.60 	 -320.000000 
1.60 	 -320.000000 
1.60 	 -320.000000 
1.60 	 -320.000000 
1.60 	 -320.000000 
1.60 	 -320.000000 
1.60 	 -320.000000 
1.60 	 -320.000000 
1.60 	 -320.000000 
1.60 	 -320.000000 
1.60 	 -320.000000 
1.60 	 -320.000000 
1.60 	 -320.000000 
1.60 	 -320.000000 
1.60 	 -320.000000 
1.60 	 -320.000000 
1.60 	 -320.000000 
1.60 	 -320.000000 
1.60 	 -320.000000 
1.60 	 -320.000000 
1.60 	 -320.000000 
1.60 	 -320.000000 
1.60 	 -320.000000 
1.60 	 -320.000000 
1.60 	 -320.000000 
1.60 	 -320.000000 
1.60 	 -320.000000 
1.60 	 -320.000000 
1.60 	 -320.000000 
1.60 	 -320.000000 
1.60 	 -320.000000 
1.60 	 -320.000000 
1.60 	 -320.000000 
1.60 	 -320.000000 
1.60 	 -320.000000 
1.60 	 -320.000000 
1.60 	 -320.000000 
1.60 	 -320.000000 
1.60 	 -320.000000 
1.60 	 -320.000000 
1.60 	 -320.000000 
1.60 	 -320.000000 
1.60 	 -320.000000 
1.60 	 -320.000000 
1.60 	 -320.000000 
1.60 	 -320.000000 
1.60 	 -320.000000 
1.60 	 -320.000000 
1.60 	 -320.000000 
1.60 	 -320.000000 
1.60 	 -320.000000 
1.60 	 -320.000000 
1.60 	 -320.000000 
1.60 	 -320.000000 
1.60 	 -320.000000 
1.60 	 -320.000000 
1.60 	 -320.000000 
1.60 	 -320.000000 
1.60 	 -320.000000 
1.60 	 -320.000000 
1.60 	 -320.000000 
1.60 	 -320.000000 
1.60 	 -320.000000 
1.60 	 -320.000000 
1.60 	 -320.000000 
1.60 	 -320.000000 
1.60 	 -320.000000 
1.60 	 -320.000000 
1.60 	 -320.000000 
1.60 	 -320.000000 
1.60 	 -320.000000 
1.60 	 -320.000000 
1.60 	 -320.000000 
1.60 	 -320.000000 
1.60 	 -320.000000 
1.60 	 -320.000000 
1.60 	 -320.000000 
1.60 	 -320.000000 
1.60 	 -320.000000 
1.60 	 -320.000000 
1.60 	 -320.000000 
1.60 	 -320.000000 
1.60 	 -320.000000 
1.60 	 -320.000000 
1.60 	 -320.000000 
1.60 	 -320.000000 
1.60 	 -320.000000 
1.60 	 -320.000000 
1.60 	 -320.000000 
1.60 	 -320.000000 
1.60 	 -320.000000 
1.60 	 -320.000000 
1.60 	 -320.000000 
1.60 	 -320.000000 
1.60 	 -320.000000 
1.60 	 -320.000000 
1.60 	 -320.000000 
1.60 	 -320.000000 
1.60 	 -320.000000 
1.60 	 -320.000000 
1.60 	 -320.000000 
1.60 	 -320.000000 
1.60 	 -320.000000 
1.60 	 -320.000000 
1.60 	 -320.000000 
1.60 	 -320.000000 
1.60 	 -320.000000 
1.60 	 -320.000000 
1.60 	 -320.000000 
1.60 	 -320.000000 
1.60 	 -320.000000 
1.60 	 -320.000000 
1.60 	 -320.000000 
1.60 	 -320.000000 
1.60 	 -320.000000 
1.60 	 -320.000000 
1.60 	 -320.000000 
1.60 	 -320.000000 
1.60 	 -320.000000 
1.60 	 -320.000000 
1.60 	 -320.000000 
1.60 	 -320.000000 
1.60 	 -320.000000 
1.60 	 -320.000000 
1.60 	 -320.000000 
1.60 	 -320.000000 
1.60 	 -320.000000 
1.60 	 -320.000000 
1.60 	 -320.000000 
1.60 	 -320.000000 
1.60 	 -320.000000 
1.60 	 -320.000000 
1.60 	 -320.000000 
1.60 	 -320.000000 
1.60 	 -320.000000 
1.60 	 -320.000000 
1.60 	 -320.000000 
1.60 	 -320.000000 
1.60 	 -320.000000 
1.60 	 -320.000000 
1.60 	 -320.000000 
1.60 	 -320.000000 
1.60 	 -320.000000 
1.60 	 -320.000000 
1.60 	 -320.000000 
1.60 	 -320.000000 
1.60 	 -320.000000 
1.60 	 -320.000000 
1.60 	 -320.000000 
1.60 	 -320.000000 
1.60 	 -320.000000 
1.60 	 -320.000000 
1.60 	 -320.000000 
1.60 	 -320.000000 
1.60 	 -320.000000 
1.60 	 -320.000000 
1.60 	 -320.000000 
1.60 	 -320.000000 
1.60 	 -320.000000 
1.60 	 -320.000000 
1.60 	 -320.000000 
1.60 	 -320.000000 
1.60 	 -320.000000 
1.60 	 -320.000000 
1.60 	 -320.000000 
1.60 	 -320.000000 
1.60 	 -320.000000 
1.60 	 -320.000000 
1.60 	 -320.000000 
1.60 	 -320.000000 
1.60 	 -320.000000 
1.60 	 -320.000000 
1.60 	 -320.000000 
1.60 	 -320.000000 
1.60 	 -320.000000 
1.60 	 -320.000000 
1.60 	 -320.000000 
1.60 	 -320.000000 
1.60 	 -320.000000 
1.60 	 -320.000000 
1.60 	 -320.000000 
1.60 	 -320.000000 
1.60 	 -320.000000 
1.60 	 -320.000000 
1.60 	 -320.000000 
1.60 	 -320.000000 
1.60 	 -320.000000 
1.60 	 -320.000000 
1.60 	 -320.000000 
1.60 	 -320.000000 
1.60 	 -320.000000 
1.60 	 -320.000000 
1.60 	 -320.000000 
1.60 	 -320.000000 
1.60 	 -320.000000 
1.60 	 -320.000000 
1.60 	 -320.000000 
1.60 	 -320.000000 
1.60 	 -320.000000 
1.60 	 -320.000000 
1.60 	 -320.000000 
1.60 	 -320.000000 
1.60 	 -320.000000 
1.60 	 -320.000000 
1.60 	 -320.000000 
1.60 	 -320.000000 
1.60 	 -320.000000 
1.60 	 -320.000000 
1.60 	 -320.000000 
1.60 	 -320.000000 
1.60 	 -320.000000 
1.60 	 -320.000000 
1.60 	 -320.000000 
1.60 	 -320.000000 
1.60 	 -320.000000 
1.60 	 -320.000000 
1.60 	 -320.000000 
1.60 	 -320.000000 
1.60 	 -320.000000 
1.60 	 -320.000000 
1.60 	 -320.000000 
1.60 	 -320.000000 
1.60 	 -320.000000 
1.60 	 -320.000000 
1.60 	 -320.000000 
1.60 	 -320.000000 
1.60 	 -320.000000 
1.60 	 -320.000000 
1.60 	 -320.000000 
1.60 	 -320.000000 
1.60 	 -320.000000 
1.60 	 -320.000000 
1.60 	 -320.000000 
1.60 	 -320.000000 
1.60 	 -320.000000 
1.60 	 -320.000000 
1.60 	 -320.000000 
1.60 	 -320.000000 
1.60 	 -320.000000 
1.60 	 -320.000000 
1.60 	 -320.000000 
1.60 	 -320.000000 
1.60 	 -320.000000 
1.60 	 -320.000000 
1.60 	 -320.000000 
1.60 	 -320.000000 
1.60 	 -320.000000 
1.60 	 -320.000000 
1.60 	 -320.000000 
1.60 	 -320.000000 
1.60 	 -320.000000 
1.60 	 -320.000000 
1.60 	 -320.000000 
1.60 	 -320.000000 
1.60 	 -320.000000 
1.60 	 -320.000000 
1.60 	 -320.000000 
1.60 	 -320.000000 
1.60 	 -320.000000 
1.60 	 -320.000000 
1.60 	 -320.000000 
1.60 	 -320.000000 
1.60 	 -320.000000 
1.60 	 -320.000000 
1.60 	 -320.000000 
1.60 	 -320.000000 
1.60 	 -320.000000 
1.60 	 -320.000000 
1.60 	 -320.000000 
1.60 	 -320.000000 
1.60 	 -320.000000 
1.60 	 -320.000000 
1.60 	 -320.000000 
1.60 	 -320.000000 
1.60 	 -320.000000 
1.60 	 -320.000000 
1.60 	 -320.000000 
1.60 	 -320.000000 
1.60 	 -320.000000 
1.60 	 -320.000000 
1.60 	 -320.000000 
1.60 	 -320.000000 
1.60 	 -320.000000 
1.60 	 -320.000000 
1.60 	 -320.000000 
1.60 	 -320.000000 
1.60 	 -320.000000 
1.60 	 -320.000000 
1.60 	 -320.000000 
1.60 	 -320.000000 
1.60 	 -320.000000 
1.60 	 -320.000000 
1.60 	 -320.000000 
1.60 	 -320.000000 
1.60 	 -320.000000 
1.60 	 -320.000000 
1.60 	 -320.000000 
1.60 	 -320.000000 
1.60 	 -320.000000 
1.60 	 -320.000000 
1.60 	 -320.000000 
1.60 	 -320.000000 
1.60 	 -320.000000 
1.60 	 -320.000000 
1.60 	 -320.000000 
1.60 	 -320.000000 
1.60 	 -320.000000 
1.60 	 -320.000000 
1.60 	 -320.000000 
1.60 	 -320.000000 
1.60 	 -320.000000 
1.60 	 -320.000000 
1.60 	 -320.000000 
1.60 	 -320.000000 
1.60 	 -320.000000 
1.60 	 -320.000000 
1.60 	 -320.000000 
1.60 	 -320.000000 
1.60 	 -320.000000 
1.60 	 -320.000000 
1.60 	 -320.000000 
1.60 	 -320.000000 
1.60 	 -320.000000 
1.60 	 -320.000000 
1.60 	 -320.000000 
1.60 	 -320.000000 
1.60 	 -320.000000 
1.60 	 -320.000000 
1.60 	 -320.000000 
1.60 	 -320.000000 
1.60 	 -320.000000 
1.60 	 -320.000000 
1.60 	 -320.000000 
1.60 	 -320.000000 
1.60 	 -320.000000 
1.60 	 -320.000000 
1.60 	 -320.000000 
1.60 	 -320.000000 
1.60 	 -320.000000 
1.60 	 -320.000000 
1.60 	 -320.000000 
1.60 	 -320.000000 
1.60 	 -320.000000 
1.60 	 -320.000000 
1.60 	 -320.000000 
1.60 	 -320.000000 
1.60 	 -320.000000 
1.60 	 -320.000000 
1.60 	 -320.000000 
1.60 	 -320.000000 
1.60 	 -320.000000 
1.60 	 -320.000000 
1.60 	 -320.000000 
1.60 	 -320.000000 
1.60 	 -320.000000 
1.60 	 -320.000000 
1.60 	 -320.000000 
1.60 	 -320.000000 
1.60 	 -320.000000 
1.60 	 -320.000000 
1.60 	 -320.000000 
1.60 	 -320.000000 
1.60 	 -320.000000 
1.60 	 -320.000000 
1.60 	 -320.000000 
1.60 	 -320.000000 
1.60 	 -320.000000 
1.60 	 -320.000000 
1.60 	 -320.000000 
1.60 	 -320.000000 
1.60 	 -320.000000 
1.60 	 -320.000000 
1.60 	 -320.000000 
1.60 	 -320.000000 
1.60 	 -320.000000 
1.60 	 -320.000000 
1.60 	 -320.000000 
1.60 	 -320.000000 
1.60 	 -320.000000 
1.60 	 -320.000000 
1.60 	 -320.000000 
1.60 	 -320.000000 
1.60 	 -320.000000 
1.60 	 -320.000000 
1.60 	 -320.000000 
1.60 	 -320.000000 
1.60 	 -320.000000 
1.60 	 -320.000000 
1.60 	 -320.000000 
1.60 	 -320.000000 
1.60 	 -320.000000 
1.60 	 -320.000000 
1.60 	 -320.000000 
1.60 	 -320.000000 
1.60 	 -320.000000 
1.60 	 -320.000000 
1.60 	 -320.000000 
1.60 	 -320.000000 
1.60 	 -320.000000 
1.60 	 -320.000000 
1.60 	 -320.000000 
1.60 	 -320.000000 
1.60 	 -320.000000 
1.60 	 -320.000000 
1.60 	 -320.000000 
1.60 	 -320.000000 
1.60 	 -320.000000 
1.60 	 -320.000000 
1.60 	 -320.000000 
1.60 	 -320.000000 
1.60 	 -320.000000 
1.60 	 -320.000000 
1.60 	 -320.000000 
1.60 	 -320.000000 
1.60 	 -320.000000 
1.60 	 -320.000000 
1.60 	 -320.000000 
1.60 	 -320.000000 
1.60 	 -320.000000 
1.60 	 -320.000000 
1.60 	 -320.000000 
1.60 	 -320.000000 
1.60 	 -320.000000 
1.60 	 -320.000000 
1.60 	 -320.000000 
1.60 	 -320.000000 
1.60 	 -320.000000 
1.60 	 -320.000000 
1.60 	 -320.000000 
1.60 	 -320.000000 
1.60 	 -320.000000 
1.60 	 -320.000000 
1.60 	 -320.000000 
1.60 	 -320.000000 
1.60 	 -320.000000 
1.60 	 -320.000000 
1.60 	 -320.000000 
1.60 	 -320.000000 
1.60 	 -320.000000 
1.60 	 -320.000000 
1.60 	 -320.000000 
1.60 	 -320.000000 
1.60 	 -320.000000 
1.60 	 -320.000000 
1.60 	 -320.000000 
1.60 	 -320.000000 
1.60 	 -320.000000 
1.60 	 -320.000000 
1.60 	 -320.000000 
1.60 	 -320.000000 
1.60 	 -320.000000 
1.60 	 -320.000000 
1.60 	 -320.000000 
1.60 	 -320.000000 
1.60 	 -320.000000 
1.60 	 -320.000000 
1.60 	 -320.000000 
1.60 	 -320.000000 
1.60 	 -320.000000 
1.60 	 -320.000000 
1.60 	 -320.000000 
1.60 	 -320.000000 
1.60 	 -320.000000 
1.60 	 -320.000000 
1.60 	 -320.000000 
1.60 	 -320.000000 
1.60 	 -320.000000 
1.60 	 -320.000000 
1.60 	 -320.000000 
1.60 	 -320.000000 
1.60 	 -320.000000 
1.60 	 -320.000000 
1.60 	 -320.000000 
1.60 	 -320.000000 
1.60 	 -320.000000 
1.60 	 -320.000000 
1.60 	 -320.000000 
1.60 	 -320.000000 
1.60 	 -320.000000 
1.60 	 -320.000000 
1.60 	 -320.000000 
1.60 	 -320.000000 
1.60 	 -320.000000 
1.60 	 -320.000000 
1.60 	 -320.000000 
1.60 	 -320.000000 
1.60 	 -320.000000 
1.60 	 -320.000000 
1.60 	 -320.000000 
1.60 	 -320.000000 
1.60 	 -320.000000 
1.60 	 -320.000000 
1.60 	 -320.000000 
1.60 	 -320.000000 
1.60 	 -320.000000 
1.60 	 -320.000000 
1.60 	 -320.000000 
1.60 	 -320.000000 
1.60 	 -320.000000 
1.60 	 -320.000000 
1.60 	 -320.000000 
1.60 	 -320.000000 
1.60 	 -320.000000 
1.60 	 -320.000000 
1.60 	 -320.000000 
1.60 	 -320.000000 
1.60 	 -320.000000 
1.60 	 -320.000000 
1.60 	 -320.000000 
1.60 	 -320.000000 
1.60 	 -320.000000 
1.60 	 -320.000000 
1.60 	 -320.000000 
1.60 	 -320.000000 
1.60 	 -320.000000 
1.60 	 -320.000000 
1.60 	 -320.000000 
1.60 	 -320.000000 
1.60 	 -320.000000 
1.60 	 -320.000000 
1.60 	 -320.000000 
1.60 	 -320.000000 
1.60 	 -320.000000 
1.60 	 -320.000000 
1.60 	 -320.000000 
1.60 	 -320.000000 
1.60 	 -320.000000 
1.60 	 -320.000000 
1.60 	 -320.000000 
1.60 	 -320.000000 
1.60 	 -320.000000 
1.60 	 -320.000000 
1.60 	 -320.000000 
1.60 	 -320.000000 
1.60 	 -320.000000 
1.60 	 -320.000000 
1.60 	 -320.000000 
1.60 	 -320.000000 
1.60 	 -320.000000 
1.60 	 -320.000000 
1.60 	 -320.000000 
1.60 	 -320.000000 
1.60 	 -320.000000 
1.60 	 -320.000000 
1.60 	 -320.000000 
1.60 	 -320.000000 
1.60 	 -320.000000 
1.60 	 -320.000000 
1.60 	 -320.000000 
1.60 	 -320.000000 
1.60 	 -320.000000 
1.60 	 -320.000000 
1.60 	 -320.000000 
1.60 	 -320.000000 
1.60 	 -320.000000 
1.60 	 -320.000000 
1.60 	 -320.000000 
1.60 	 -320.000000 
1.60 	 -320.000000 
1.60 	 -320.000000 
1.60 	 -320.000000 
1.60 	 -320.000000 
1.60 	 -320.000000 
1.60 	 -320.000000 
1.60 	 -320.000000 
1.60 	 -320.000000 
1.60 	 -320.000000 
1.60 	 -320.000000 
1.60 	 -320.000000 
1.60 	 -320.000000 
1.60 	 -320.000000 
1.60 	 -320.000000 
1.60 	 -320.000000 
1.60 	 -320.000000 
1.60 	 -320.000000 
1.60 	 -320.000000 
1.60 	 -320.000000 
1.60 	 -320.000000 
1.60 	 -320.000000 
1.60 	 -320.000000 
1.60 	 -320.000000 
1.60 	 -320.000000 
1.60 	 -320.000000 
1.60 	 -320.000000 
1.60 	 -320.000000 
1.60 	 -320.000000 
1.60 	 -320.000000 
1.60 	 -320.000000 
1.60 	 -320.000000 
1.60 	 -320.000000 
1.60 	 -320.000000 
1.60 	 -320.000000 
1.60 	 -320.000000 
1.60 	 -320.000000 
1.60 	 -320.000000 
1.60 	 -320.000000 
1.60 	 -320.000000 
1.60 	 -320.000000 
1.60 	 -320.000000 
1.60 	 -320.000000 
1.60 	 -320.000000 
1.60 	 -320.000000 
1.60 	 -320.000000 
1.60 	 -320.000000 
1.60 	 -320.000000 
1.60 	 -320.000000 
1.60 	 -320.000000 
1.60 	 -320.000000 
1.60 	 -320.000000 
1.60 	 -320.000000 
1.60 	 -320.000000 
1.60 	 -320.000000 
1.60 	 -320.000000 
1.60 	 -320.000000 
1.60 	 -320.000000 
1.60 	 -320.000000 
1.60 	 -320.000000 
1.60 	 -320.000000 
1.60 	 -320.000000 
1.60 	 -320.000000 
1.60 	 -320.000000 
1.60 	 -320.000000 
1.60 	 -320.000000 
1.60 	 -320.000000 
1.60 	 -320.000000 
1.60 	 -320.000000 
1.60 	 -320.000000 
1.60 	 -320.000000 
1.60 	 -320.000000 
1.60 	 -320.000000 
1.60 	 -320.000000 
1.60 	 -320.000000 
1.60 	 -320.000000 
1.60 	 -320.000000 
1.60 	 -320.000000 
1.60 	 -320.000000 
1.60 	 -320.000000 
1.60 	 -320.000000 
1.60 	 -320.000000 
1.60 	 -320.000000 
1.60 	 -320.000000 
1.60 	 -320.000000 
1.60 	 -320.000000 
1.60 	 -320.000000 
1.60 	 -320.000000 
1.60 	 -320.000000 
1.60 	 -320.000000 
1.60 	 -320.000000 
1.60 	 -320.000000 
1.60 	 -320.000000 
1.60 	 -320.000000 
1.60 	 -320.000000 
1.60 	 -320.000000 
1.60 	 -320.000000 
1.60 	 -320.000000 
1.60 	 -320.000000 
1.60 	 -320.000000 
1.60 	 -320.000000 
1.60 	 -320.000000 
1.60 	 -320.000000 
1.60 	 -320.000000 
1.60 	 -320.000000 
1.60 	 -320.000000 
1.60 	 -320.000000 
1.60 	 -320.000000 
1.60 	 -320.000000 
1.60 	 -320.000000 
1.60 	 -320.000000 
1.60 	 -320.000000 
1.60 	 -320.000000 
1.60 	 -320.000000 
1.60 	 -320.000000 
1.60 	 -320.000000 
1.60 	 -320.000000 
1.60 	 -320.000000 
1.60 	 -320.000000 
1.60 	 -320.000000 
1.60 	 -320.000000 
1.60 	 -320.000000 
1.60 	 -320.000000 
1.60 	 -320.000000 
1.60 	 -320.000000 
1.60 	 -320.000000 
1.60 	 -320.000000 
1.60 	 -320.000000 
1.60 	 -320.000000 
1.60 	 -320.000000 
1.60 	 -320.000000 
1.60 	 -320.000000 
1.60 	 -320.000000 
1.60 	 -320.000000 
1.60 	 -320.000000 
1.60 	 -320.000000 
1.60 	 -320.000000 
1.60 	 -320.000000 
1.60 	 -320.000000 
1.60 	 -320.000000 
1.60 	 -320.000000 
1.60 	 -320.000000 
1.60 	 -320.000000 
1.60 	 -320.000000 
1.60 	 -320.000000 
1.60 	 -320.000000 
1.60 	 -320.000000 
1.60 	 -320.000000 
1.60 	 -320.000000 
1.60 	 -320.000000 
1.60 	 -320.000000 
1.60 	 -320.000000 
1.60 	 -320.000000 
1.60 	 -320.000000 
1.60 	 -320.000000 
1.60 	 -320.000000 
1.60 	 -320.000000 
1.60 	 -320.000000 
1.60 	 -320.000000 
1.60 	 -320.000000 
1.60 	 -320.000000 
1.60 	 -320.000000 
1.60 	 -320.000000 
1.60 	 -320.000000 
1.60 	 -320.000000 
1.60 	 -320.000000 
1.60 	 -320.000000 
1.60 	 -320.000000 
1.60 	 -320.000000 
1.60 	 -320.000000 
1.60 	 -320.000000 
1.60 	 -320.000000 
1.60 	 -320.000000 
1.60 	 -320.000000 
1.60 	 -320.000000 
1.60 	 -320.000000 
1.60 	 -320.000000 
1.60 	 -320.000000 
1.60 	 -320.000000 
1.60 	 -320.000000 
1.60 	 -320.000000 
1.60 	 -320.000000 
1.60 	 -320.000000 
1.60 	 -320.000000 
1.60 	 -320.000000 
1.60 	 -320.000000 
1.60 	 -320.000000 
1.60 	 -320.000000 
1.60 	 -320.000000 
1.60 	 -320.000000 
1.60 	 -320.000000 
1.60 	 -320.000000 
1.60 	 -320.000000 
1.60 	 -320.000000 
1.60 	 -320.000000 
1.60 	 -320.000000 
1.60 	 -320.000000 
1.60 	 -320.000000 
1.60 	 -320.000000 
1.60 	 -320.000000 
1.60 	 -320.000000 
1.60 	 -320.000000 
1.60 	 -320.000000 
1.60 	 -320.000000 
1.60 	 -320.000000 
1.60 	 -320.000000 
1.60 	 -320.000000 
1.60 	 -320.000000 
1.60 	 -320.000000 
1.60 	 -320.000000 
1.60 	 -320.000000 
1.60 	 -320.000000 
1.60 	 -320.000000 
1.60 	 -320.000000 
1.60 	 -320.000000 
1.60 	 -320.000000 
1.60 	 -320.000000 
1.60 	 -320.000000 
1.60 	 -320.000000 
1.60 	 -320.000000 
1.60 	 -320.000000 
1.60 	 -320.000000 
1.60 	 -320.000000 
1.60 	 -320.000000 
1.60 	 -320.000000 
1.60 	 -320.000000 
1.60 	 -320.000000 
1.60 	 -320.000000 
1.60 	 -320.000000 
1.60 	 -320.000000 
1.60 	 -320.000000 
1.60 	 -320.000000 
1.60 	 -320.000000 
1.60 	 -320.000000 
1.60 	 -320.000000 
1.60 	 -320.000000 
1.60 	 -320.000000 
1.60 	 -320.000000 
1.60 	 -320.000000 
1.60 	 -320.000000 
1.60 	 -320.000000 
1.60 	 -320.000000 
1.60 	 -320.000000 
1.60 	 -320.000000 
1.60 	 -320.000000 
1.60 	 -320.000000 
1.60 	 -320.000000 
1.60 	 -320.000000 
1.60 	 -320.000000 
1.60 	 -320.000000 
1.60 	 -320.000000 
1.60 	 -320.000000 
1.60 	 -320.000000 
1.60 	 -320.000000 
1.60 	 -320.000000 
1.60 	 -320.000000 
1.60 	 -320.000000 
1.60 	 -320.000000 
1.60 	 -320.000000 
1.60 	 -320.000000 
1.60 	 -320.000000 
1.60 	 -320.000000 
1.60 	 -320.000000 
1.60 	 -320.000000 
1.60 	 -320.000000 
1.60 	 -320.000000 
1.60 	 -320.000000 
1.60 	 -320.000000 
1.60 	 -320.000000 
1.60 	 -320.000000 
1.60 	 -320.000000 
1.60 	 -320.000000 
1.60 	 -320.000000 
1.60 	 -320.000000 
1.60 	 -320.000000 
1.60 	 -320.000000 
1.60 	 -320.000000 
1.60 	 -320.000000 
1.60 	 -320.000000 
1.60 	 -320.000000 
1.60 	 -320.000000 
1.60 	 -320.000000 
1.60 	 -320.000000 
1.60 	 -320.000000 
1.60 	 -320.000000 
1.60 	 -320.000000 
1.60 	 -320.000000 
1.60 	 -320.000000 
1.60 	 -320.000000 
1.60 	 -320.000000 
1.60 	 -320.000000 
1.60 	 -320.000000 
1.60 	 -320.000000 
1.60 	 -320.000000 
1.60 	 -320.000000 
1.60 	 -320.000000 
1.60 	 -320.000000 
1.60 	 -320.000000 
1.60 	 -320.000000 
1.60 	 -320.000000 
1.60 	 -320.000000 
1.60 	 -320.000000 
1.60 	 -320.000000 
1.60 	 -320.000000 
1.60 	 -320.000000 
1.60 	 -320.000000 
1.60 	 -320.000000 
1.60 	 -320.000000 
1.60 	 -320.000000 
1.60 	 -320.000000 
1.60 	 -320.000000 
1.60 	 -320.000000 
1.60 	 -320.000000 
1.60 	 -320.000000 
1.60 	 -320.000000 
1.60 	 -320.000000 
1.60 	 -320.000000 
1.60 	 -320.000000 
1.60 	 -320.000000 
1.60 	 -320.000000 
1.60 	 -320.000000 
1.60 	 -320.000000 
1.60 	 -320.000000 
1.60 	 -320.000000 
1.60 	 -320.000000 
1.60 	 -320.000000 
1.60 	 -320.000000 
1.60 	 -320.000000 
1.60 	 -320.000000 
1.60 	 -320.000000 
1.60 	 -320.000000 
1.60 	 -320.000000 
1.60 	 -320.000000 
1.60 	 -320.000000 
1.60 	 -320.000000 
1.60 	 -320.000000 
1.60 	 -320.000000 
1.60 	 -320.000000 
1.60 	 -320.000000 
1.60 	 -320.000000 
1.60 	 -320.000000 
1.60 	 -320.000000 
1.60 	 -320.000000 
1.60 	 -320.000000 
1.60 	 -320.000000 
1.60 	 -320.000000 
1.60 	 -320.000000 
1.60 	 -320.000000 
1.60 	 -320.000000 
1.60 	 -320.000000 
1.60 	 -320.000000 
1.60 	 -320.000000 
1.60 	 -320.000000 
1.60 	 -320.000000 
1.60 	 -320.000000 
1.60 	 -320.000000 
1.60 	 -320.000000 
1.60 	 -320.000000 
1.60 	 -320.000000 
1.60 	 -320.000000 
1.60 	 -320.000000 
1.60 	 -320.000000 
1.60 	 -320.000000 
1.60 	 -320.000000 
1.60 	 -320.000000 
1.60 	 -320.000000 
1.60 	 -320.000000 
1.60 	 -320.000000 
1.60 	 -320.000000 
1.60 	 -320.000000 
1.60 	 -320.000000 
1.60 	 -320.000000 
1.60 	 -320.000000 
1.60 	 -320.000000 
1.60 	 -320.000000 
1.60 	 -320.000000 
1.60 	 -320.000000 
1.60 	 -320.000000 
1.60 	 -320.000000 
1.60 	 -320.000000 
1.60 	 -320.000000 
1.60 	 -320.000000 
1.60 	 -320.000000 
1.60 	 -320.000000 
1.60 	 -320.000000 
1.60 	 -320.000000 
1.60 	 -320.000000 
1.60 	 -320.000000 
1.60 	 -320.000000 
1.60 	 -320.000000 
1.60 	 -320.000000 
1.60 	 -320.000000 
1.60 	 -320.000000 
1.60 	 -320.000000 
1.60 	 -320.000000 
1.60 	 -320.000000 
1.60 	 -320.000000 
1.60 	 -320.000000 
1.60 	 -320.000000 
1.60 	 -320.000000 
1.60 	 -320.000000 
1.60 	 -320.000000 
1.60 	 -320.000000 
1.60 	 -320.000000 
1.60 	 -320.000000 
1.60 	 -320.000000 
1.60 	 -320.000000 
1.60 	 -320.000000 
1.60 	 -320.000000 
1.60 	 -320.000000 
1.60 	 -320.000000 
1.60 	 -320.000000 
1.60 	 -320.000000 
1.60 	 -320.000000 
1.60 	 -320.000000 
1.60 	 -320.000000 
1.60 	 -320.000000 
1.60 	 -320.000000 
1.60 	 -320.000000 
1.60 	 -320.000000 
1.60 	 -320.000000 
1.60 	 -320.000000 
1.60 	 -320.000000 
1.60 	 -320.000000 
1.60 	 -320.000000 
1.60 	 -320.000000 
1.60 	 -320.000000 
1.60 	 -320.000000 
1.60 	 -320.000000 
1.60 	 -320.000000 
1.60 	 -320.000000 
1.60 	 -320.000000 
1.60 	 -320.000000 
1.60 	 -320.000000 
1.60 	 -320.000000 
1.60 	 -320.000000 
1.60 	 -320.000000 
1.60 	 -320.000000 
1.60 	 -320.000000 
1.60 	 -320.000000 
1.60 	 -320.000000 
1.60 	 -320.000000 
1.60 	 -320.000000 
1.60 	 -320.000000 
1.60 	 -320.000000 
1.60 	 -320.000000 
1.60 	 -320.000000 
1.60 	 -320.000000 
1.60 	 -320.000000 
1.60 	 -320.000000 
1.60 	 -320.000000 
1.60 	 -320.000000 
1.60 	 -320.000000 
1.60 	 -320.000000 
1.60 	 -320.000000 
1.60 	 -320.000000 
1.60 	 -320.000000 
1.60 	 -320.000000 
1.60 	 -320.000000 
1.60 	 -320.000000 
1.60 	 -320.000000 
1.60 	 -320.000000 
1.60 	 -320.000000 
1.60 	 -320.000000 
1.60 	 -320.000000 
1.60 	 -320.000000 
1.60 	 -320.000000 
1.60 	 -320.000000 
1.60 	 -320.000000 
1.60 	 -320.000000 
1.60 	 -320.000000 
1.60 	 -320.000000 
1.60 	 -320.000000 
1.60 	 -320.000000 
1.60 	 -320.000000 
1.60 	 -320.000000 
1.60 	 -320.000000 
1.60 	 -320.000000 
1.60 	 -320.000000 
1.60 	 -320.000000 
1.60 	 -320.000000 
1.60 	 -320.000000 
1.60 	 -320.000000 
1.60 	 -320.000000 
1.60 	 -320.000000 
1.60 	 -320.000000 
1.60 	 -320.000000 
1.60 	 -320.000000 
1.60 	 -320.000000 
1.60 	 -320.000000 
1.60 	 -320.000000 
1.60 	 -320.000000 
1.60 	 -320.000000 
1.60 	 -320.000000 
1.60 	 -320.000000 
1.60 	 -320.000000 
1.60 	 -320.000000 
1.60 	 -320.000000 
1.60 	 -320.000000 
1.60 	 -320.000000 
1.60 	 -320.000000 
1.60 	 -320.000000 
1.60 	 -320.000000 
1.60 	 -320.000000 
1.60 	 -320.000000 
1.60 	 -320.000000 
1.60 	 -320.000000 
1.60 	 -320.000000 
1.60 	 -320.000000 
1.60 	 -320.000000 
1.60 	 -320.000000 
1.60 	 -320.000000 
1.60 	 -320.000000 
1.60 	 -320.000000 
1.60 	 -320.000000 
1.60 	 -320.000000 
1.60 	 -320.000000 
1.60 	 -320.000000 
1.60 	 -320.000000 
1.60 	 -320.000000 
1.60 	 -320.000000 
1.60 	 -320.000000 
1.60 	 -320.000000 
1.60 	 -320.000000 
1.60 	 -320.000000 
1.60 	 -320.000000 
1.60 	 -320.000000 
1.60 	 -320.000000 
1.60 	 -320.000000 
1.60 	 -320.000000 
1.60 	 -320.000000 
1.60 	 -320.000000 
1.60 	 -320.000000 
1.60 	 -320.000000 
1.60 	 -320.000000 
1.60 	 -320.000000 
1.60 	 -320.000000 
1.60 	 -320.000000 
1.60 	 -320.000000 
1.60 	 -320.000000 
1.60 	 -320.000000 
1.60 	 -320.000000 
1.60 	 -320.000000 
1.60 	 -320.000000 
1.60 	 -320.000000 
1.60 	 -320.000000 
1.60 	 -320.000000 
1.60 	 -320.000000 
1.60 	 -320.000000 
1.60 	 -320.000000 
1.60 	 -320.000000 
1.60 	 -320.000000 
1.60 	 -320.000000 
1.60 	 -320.000000 
1.60 	 -320.000000 
1.60 	 -320.000000 
1.60 	 -320.000000 
1.60 	 -320.000000 
1.60 	 -320.000000 
1.60 	 -320.000000 
1.60 	 -320.000000 
1.60 	 -320.000000 
1.60 	 -320.000000 
1.60 	 -320.000000 
1.60 	 -320.000000 
1.60 	 -320.000000 
1.60 	 -320.000000 
1.60 	 -320.000000 
1.60 	 -320.000000 
1.60 	 -320.000000 
1.60 	 -320.000000 
1.60 	 -320.000000 
1.60 	 -320.000000 
1.60 	 -320.000000 
1.60 	 -320.000000 
1.60 	 -320.000000 
1.60 	 -320.000000 
1.60 	 -320.000000 
1.60 	 -320.000000 
1.60 	 -320.000000 
1.60 	 -320.000000 
1.60 	 -320.000000 
1.60 	 -320.000000 
1.60 	 -320.000000 
1.60 	 -320.000000 
1.60 	 -320.000000 
1.60 	 -320.000000 
1.60 	 -320.000000 
1.60 	 -320.000000 
1.60 	 -320.000000 
1.60 	 -320.000000 
1.60 	 -320.000000 
1.60 	 -320.000000 
1.60 	 -320.000000 
1.60 	 -320.000000 
1.60 	 -320.000000 
1.60 	 -320.000000 
1.60 	 -320.000000 
1.60 	 -320.000000 
1.60 	 -320.000000 
1.60 	 -320.000000 
1.60 	 -320.000000 
1.60 	 -320.000000 
1.60 	 -320.000000 
1.60 	 -320.000000 
1.60 	 -320.000000 
1.60 	 -320.000000 
1.60 	 -320.000000 
1.60 	 -320.000000 
1.60 	 -320.000000 
1.60 	 -320.000000 
1.60 	 -320.000000 
1.60 	 -320.000000 
1.60 	 -320.000000 
1.60 	 -320.000000 
1.60 	 -320.000000 
1.60 	 -320.000000 
1.60 	 -320.000000 
1.60 	 -320.000000 
1.60 	 -320.000000 
1.60 	 -320.000000 
1.60 	 -320.000000 
1.60 	 -320.000000 
1.60 	 -320.000000 
1.60 	 -320.000000 
1.60 	 -320.000000 
1.60 	 -320.000000 
1.60 	 -320.000000 
1.60 	 -320.000000 
1.60 	 -320.000000 
1.60 	 -320.000000 
1.60 	 -320.000000 
1.60 	 -320.000000 
1.60 	 -320.000000 
1.60 	 -320.000000 
1.60 	 -320.000000 
1.60 	 -320.000000 
1.60 	 -320.000000 
1.60 	 -320.000000 
1.60 	 -320.000000 
1.60 	 -320.000000 
1.60 	 -320.000000 
1.60 	 -320.000000 
1.60 	 -320.000000 
1.60 	 -320.000000 
1.60 	 -320.000000 
1.60 	 -320.000000 
1.60 	 -320.000000 
1.60 	 -320.000000 
1.60 	 -320.000000 
1.60 	 -320.000000 
1.60 	 -320.000000 
1.60 	 -320.000000 
1.60 	 -320.000000 
1.60 	 -320.000000 
1.60 	 -320.000000 
1.60 	 -320.000000 
1.60 	 -320.000000 
1.60 	 -320.000000 
1.60 	 -320.000000 
1.60 	 -320.000000 
1.60 	 -320.000000 
1.60 	 -320.000000 
1.60 	 -320.000000 
1.60 	 -320.000000 
1.60 	 -320.000000 
1.60 	 -320.000000 
1.60 	 -320.000000 
1.60 	 -320.000000 
1.60 	 -320.000000 
1.60 	 -320.000000 
1.60 	 -320.000000 
1.60 	 -320.000000 
1.60 	 -320.000000 
1.60 	 -320.000000 
1.60 	 -320.000000 
1.60 	 -320.000000 
1.60 	 -320.000000 
1.60 	 -320.000000 
1.60 	 -320.000000 
1.60 	 -320.000000 
1.60 	 -320.000000 
1.60 	 -320.000000 
1.60 	 -320.000000 
1.60 	 -320.000000 
1.60 	 -320.000000 
1.60 	 -320.000000 
1.60 	 -320.000000 
1.60 	 -320.000000 
1.60 	 -320.000000 
1.60 	 -320.000000 
1.60 	 -320.000000 
1.60 	 -320.000000 
1.60 	 -320.000000 
1.60 	 -320.000000 
1.60 	 -320.000000 
1.60 	 -320.000000 
1.60 	 -320.000000 
1.60 	 -320.000000 
1.60 	 -320.000000 
1.60 	 -320.000000 
1.60 	 -320.000000 
1.60 	 -320.000000 
1.60 	 -320.000000 
1.60 	 -320.000000 
1.60 	 -320.000000 
1.60 	 -320.000000 
1.60 	 -320.000000 
1.60 	 -320.000000 
1.60 	 -320.000000 
1.60 	 -320.000000 
1.60 	 -320.000000 
1.60 	 -320.000000 
1.60 	 -320.000000 
1.60 	 -320.000000 
1.60 	 -320.000000 
1.60 	 -320.000000 
1.60 	 -320.000000 
1.60 	 -320.000000 
1.60 	 -320.000000 
1.60 	 -320.000000 
1.60 	 -320.000000 
1.60 	 -320.000000 
1.60 	 -320.000000 
1.60 	 -320.000000 
1.60 	 -320.000000 
1.60 	 -320.000000 
1.60 	 -320.000000 
1.60 	 -320.000000 
1.60 	 -320.000000 
1.60 	 -320.000000 
1.60 	 -320.000000 
1.60 	 -320.000000 
1.60 	 -320.000000 
1.60 	 -320.000000 
1.60 	 -320.000000 
1.60 	 -320.000000 
1.60 	 -320.000000 
1.60 	 -320.000000 
1.60 	 -320.000000 
1.60 	 -320.000000 
1.60 	 -320.000000 
1.60 	 -320.000000 
1.60 	 -320.000000 
1.60 	 -320.000000 
1.60 	 -320.000000 
1.60 	 -320.000000 
1.60 	 -320.000000 
1.60 	 -320.000000 
1.60 	 -320.000000 
1.60 	 -320.000000 
1.60 	 -320.000000 
1.60 	 -320.000000 
1.60 	 -320.000000 
1.60 	 -320.000000 
1.60 	 -320.000000 
1.60 	 -320.000000 
1.60 	 -320.000000 
1.60 	 -320.000000 
1.60 	 -320.000000 
1.60 	 -320.000000 
1.60 	 -320.000000 
1.60 	 -320.000000 
1.60 	 -320.000000 
1.60 	 -320.000000 
1.60 	 -320.000000 
1.60 	 -320.000000 
1.60 	 -320.000000 
1.60 	 -320.000000 
1.60 	 -320.000000 
1.60 	 -320.000000 
1.60 	 -320.000000 
1.60 	 -320.000000 
1.60 	 -320.000000 
1.60 	 -320.000000 
1.60 	 -320.000000 
1.60 	 -320.000000 
1.60 	 -320.000000 
1.60 	 -320.000000 
1.60 	 -320.000000 
1.60 	 -320.000000 
1.60 	 -320.000000 
1.60 	 -320.000000 
1.60 	 -320.000000 
1.60 	 -320.000000 
1.60 	 -320.000000 
1.60 	 -320.000000 
1.60 	 -320.000000 
1.60 	 -320.000000 
1.60 	 -320.000000 
1.60 	 -320.000000 
1.60 	 -320.000000 
1.60 	 -320.000000 
1.60 	 -320.000000 
1.60 	 -320.000000 
1.60 	 -320.000000 
1.60 	 -320.000000 
1.60 	 -320.000000 
1.60 	 -320.000000 
1.60 	 -320.000000 
1.60 	 -320.000000 
1.60 	 -320.000000 
1.60 	 -320.000000 
1.60 	 -320.000000 
1.60 	 -320.000000 
1.60 	 -320.000000 
1.60 	 -320.000000 
1.60 	 -320.000000 
1.60 	 -320.000000 
1.60 	 -320.000000 
1.60 	 -320.000000 
1.60 	 -320.000000 
1.60 	 -320.000000 
1.60 	 -320.000000 
1.60 	 -320.000000 
1.60 	 -320.000000 
1.60 	 -320.000000 
1.60 	 -320.000000 
1.60 	 -320.000000 
1.60 	 -320.000000 
1.60 	 -320.000000 
1.60 	 -320.000000 
1.60 	 -320.000000 
1.60 	 -320.000000 
1.60 	 -320.000000 
1.60 	 -320.000000 
1.60 	 -320.000000 
1.60 	 -320.000000 
1.60 	 -320.000000 
1.60 	 -320.000000 
1.60 	 -320.000000 
1.60 	 -320.000000 
1.60 	 -320.000000 
1.60 	 -320.000000 
1.60 	 -320.000000 
1.60 	 -320.000000 
1.60 	 -320.000000 
1.60 	 -320.000000 
1.60 	 -320.000000 
1.60 	 -320.000000 
1.60 	 -320.000000 
1.60 	 -320.000000 
1.60 	 -320.000000 
1.60 	 -320.000000 
1.60 	 -320.000000 
1.60 	 -320.000000 
1.60 	 -320.000000 
1.60 	 -320.000000 
1.60 	 -320.000000 
1.60 	 -320.000000 
1.60 	 -320.000000 
1.60 	 -320.000000 
1.60 	 -320.000000 
1.60 	 -320.000000 
1.60 	 -320.000000 
1.60 	 -320.000000 
1.60 	 -320.000000 
1.60 	 -320.000000 
1.60 	 -320.000000 
1.60 	 -320.000000 
1.60 	 -320.000000 
1.60 	 -320.000000 
1.60 	 -320.000000 
1.60 	 -320.000000 
1.60 	 -320.000000 
1.60 	 -320.000000 
1.60 	 -320.000000 
1.60 	 -320.000000 
1.60 	 -320.000000 
1.60 	 -320.000000 
1.60 	 -320.000000 
1.60 	 -320.000000 
1.60 	 -320.000000 
1.60 	 -320.000000 
1.60 	 -320.000000 
1.60 	 -320.000000 
1.60 	 -320.000000 
1.60 	 -320.000000 
1.60 	 -320.000000 
1.60 	 -320.000000 
1.60 	 -320.000000 
1.60 	 -320.000000 
1.60 	 -320.000000 
1.60 	 -320.000000 
1.60 	 -320.000000 
1.60 	 -320.000000 
1.60 	 -320.000000 
1.60 	 -320.000000 
1.60 	 -320.000000 
1.60 	 -320.000000 
1.60 	 -320.000000 
1.60 	 -320.000000 
1.60 	 -320.000000 
1.60 	 -320.000000 
1.60 	 -320.000000 
1.60 	 -320.000000 
1.60 	 -320.000000 
1.60 	 -320.000000 
1.60 	 -320.000000 
1.60 	 -320.000000 
1.60 	 -320.000000 
1.60 	 -320.000000 
1.60 	 -320.000000 
1.60 	 -320.000000 
1.60 	 -320.000000 
1.60 	 -320.000000 
1.60 	 -320.000000 
1.60 	 -320.000000 
1.60 	 -320.000000 
1.60 	 -320.000000 
1.60 	 -320.000000 
1.60 	 -320.000000 
1.60 	 -320.000000 
1.60 	 -320.000000 
1.60 	 -320.000000 
1.60 	 -320.000000 
1.60 	 -320.000000 
1.60 	 -320.000000 
1.60 	 -320.000000 
1.60 	 -320.000000 
1.60 	 -320.000000 
1.60 	 -320.000000 
1.60 	 -320.000000 
1.60 	 -320.000000 
1.60 	 -320.000000 
1.60 	 -320.000000 
1.60 	 -320.000000 
1.60 	 -320.000000 
1.60 	 -320.000000 
1.60 	 -320.000000 
1.60 	 -320.000000 
1.60 	 -320.000000 
1.60 	 -320.000000 
1.60 	 -320.000000 
1.60 	 -320.000000 
1.60 	 -320.000000 
1.60 	 -320.000000 
1.60 	 -320.000000 
1.60 	 -320.000000 
1.60 	 -320.000000 
1.60 	 -320.000000 
1.60 	 -320.000000 
1.60 	 -320.000000 
1.60 	 -320.000000 
1.60 	 -320.000000 
1.60 	 -320.000000 
1.60 	 -320.000000 
1.60 	 -320.000000 
1.60 	 -320.000000 
1.60 	 -320.000000 
1.60 	 -320.000000 
1.60 	 -320.000000 
1.60 	 -320.000000 
1.60 	 -320.000000 
1.60 	 -320.000000 
1.60 	 -320.000000 
1.60 	 -320.000000 
1.60 	 -320.000000 
1.60 	 -320.000000 
1.60 	 -320.000000 
1.60 	 -320.000000 
1.60 	 -320.000000 
1.60 	 -320.000000 
1.60 	 -320.000000 
1.60 	 -320.000000 
1.60 	 -320.000000 
1.60 	 -320.000000 
1.60 	 -320.000000 
1.60 	 -320.000000 
1.60 	 -320.000000 
1.60 	 -320.000000 
1.60 	 -320.000000 
1.60 	 -320.000000 
1.60 	 -320.000000 
1.60 	 -320.000000 
1.60 	 -320.000000 
1.60 	 -320.000000 
1.60 	 -320.000000 
1.60 	 -320.000000 
1.60 	 -320.000000 
1.60 	 -320.000000 
1.60 	 -320.000000 
1.60 	 -320.000000 
1.60 	 -320.000000 
1.60 	 -320.000000 
1.60 	 -320.000000 
1.60 	 -320.000000 
1.60 	 -320.000000 
1.60 	 -320.000000 
1.60 	 -320.000000 
1.60 	 -320.000000 
1.60 	 -320.000000 
1.60 	 -320.000000 
1.60 	 -320.000000 
1.60 	 -320.000000 
1.60 	 -320.000000 
1.60 	 -320.000000 
1.60 	 -320.000000 
1.60 	 -320.000000 
1.60 	 -320.000000 
1.60 	 -320.000000 
1.60 	 -320.000000 
1.60 	 -320.000000 
1.60 	 -320.000000 
1.60 	 -320.000000 
1.60 	 -320.000000 
1.60 	 -320.000000 
1.60 	 -320.000000 
1.60 	 -320.000000 
1.60 	 -320.000000 
1.60 	 -320.000000 
1.60 	 -320.000000 
1.60 	 -320.000000 
1.60 	 -320.000000 
1.60 	 -320.000000 
1.60 	 -320.000000 
1.60 	 -320.000000 
1.60 	 -320.000000 
1.60 	 -320.000000 
1.60 	 -320.000000 
1.60 	 -320.000000 
1.60 	 -320.000000 
1.60 	 -320.000000 
1.60 	 -320.000000 
1.60 	 -320.000000 
1.60 	 -320.000000 
1.60 	 -320.000000 
1.60 	 -320.000000 
1.60 	 -320.000000 
1.60 	 -320.000000 
1.60 	 -320.000000 
1.60 	 -320.000000 
1.60 	 -320.000000 
1.60 	 -320.000000 
1.60 	 -320.000000 
1.60 	 -320.000000 
1.60 	 -320.000000 
1.60 	 -320.000000 
1.60 	 -320.000000 
1.60 	 -320.000000 
1.60 	 -320.000000 
1.60 	 -320.000000 
1.60 	 -320.000000 
1.60 	 -320.000000 
1.60 	 -320.000000 
1.60 	 -320.000000 
1.60 	 -320.000000 
1.60 	 -320.000000 
1.60 	 -320.000000 
1.60 	 -320.000000 
1.60 	 -320.000000 
1.60 	 -320.000000 
1.60 	 -320.000000 
1.60 	 -320.000000 
1.60 	 -320.000000 
1.60 	 -320.000000 
1.60 	 -320.000000 
1.60 	 -320.000000 
1.60 	 -320.000000 
1.60 	 -320.000000 
1.60 	 -320.000000 
1.60 	 -320.000000 
1.60 	 -320.000000 
1.60 	 -320.000000 
1.60 	 -320.000000 
1.60 	 -320.000000 
1.60 	 -320.000000 
1.60 	 -320.000000 
1.60 	 -320.000000 
1.60 	 -320.000000 
1.60 	 -320.000000 
1.60 	 -320.000000 
1.60 	 -320.000000 
1.60 	 -320.000000 
1.60 	 -320.000000 
1.60 	 -320.000000 
1.60 	 -320.000000 
1.60 	 -320.000000 
1.60 	 -320.000000 
1.60 	 -320.000000 
1.60 	 -320.000000 
1.60 	 -320.000000 
1.60 	 -320.000000 
1.60 	 -320.000000 
1.60 	 -320.000000 
1.60 	 -320.000000 
1.60 	 -320.000000 
1.60 	 -320.000000 
1.60 	 -320.000000 
1.60 	 -320.000000 
1.60 	 -320.000000 
1.60 	 -320.000000 
1.60 	 -320.000000 
1.60 	 -320.000000 
1.60 	 -320.000000 
1.60 	 -320.000000 
1.60 	 -320.000000 
1.60 	 -320.000000 
1.60 	 -320.000000 
1.60 	 -320.000000 
1.60 	 -320.000000 
1.60 	 -320.000000 
1.60 	 -320.000000 
1.60 	 -320.000000 
1.60 	 -320.000000 
1.60 	 -320.000000 
1.60 	 -320.000000 
1.60 	 -320.000000 
1.60 	 -320.000000 
1.60 	 -320.000000 
1.60 	 -320.000000 
1.60 	 -320.000000 
1.60 	 -320.000000 
1.60 	 -320.000000 
1.60 	 -320.000000 
1.60 	 -320.000000 
1.60 	 -320.000000 
1.60 	 -320.000000 
1.60 	 -320.000000 
1.60 	 -320.000000 
1.60 	 -320.000000 
1.60 	 -320.000000 
1.60 	 -320.000000 
1.60 	 -320.000000 
1.60 	 -320.000000 
1.60 	 -320.000000 
1.60 	 -320.000000 
1.60 	 -320.000000 
1.60 	 -320.000000 
1.60 	 -320.000000 
1.60 	 -320.000000 
1.60 	 -320.000000 
1.60 	 -320.000000 
1.60 	 -320.000000 
1.60 	 -320.000000 
1.60 	 -320.000000 
1.60 	 -320.000000 
1.60 	 -320.000000 
1.60 	 -320.000000 
1.60 	 -320.000000 
1.60 	 -320.000000 
1.60 	 -320.000000 
1.60 	 -320.000000 
1.60 	 -320.000000 
1.60 	 -320.000000 
1.60 	 -320.000000 
1.60 	 -320.000000 
1.60 	 -320.000000 
1.60 	 -320.000000 
1.60 	 -320.000000 
1.60 	 -320.000000 
1.60 	 -320.000000 
1.60 	 -320.000000 
1.60 	 -320.000000 
1.60 	 -320.000000 
1.60 	 -320.000000 
1.60 	 -320.000000 
1.60 	 -320.000000 
1.60 	 -320.000000 
1.60 	 -320.000000 
1.60 	 -320.000000 
1.60 	 -320.000000 
1.60 	 -320.000000 
1.60 	 -320.000000 
1.60 	 -320.000000 
1.60 	 -320.000000 
1.60 	 -320.000000 
1.60 	 -320.000000 
1.60 	 -320.000000 
1.60 	 -320.000000 
1.60 	 -320.000000 
1.60 	 -320.000000 
1.60 	 -320.000000 
1.60 	 -320.000000 
1.60 	 -320.000000 
1.60 	 -320.000000 
1.60 	 -320.000000 
1.60 	 -320.000000 
1.60 	 -320.000000 
1.60 	 -320.000000 
1.60 	 -320.000000 
1.60 	 -320.000000 
1.60 	 -320.000000 
1.60 	 -320.000000 
1.60 	 -320.000000 
1.60 	 -320.000000 
1.60 	 -320.000000 
1.60 	 -320.000000 
1.60 	 -320.000000 
1.60 	 -320.000000 
1.60 	 -320.000000 
1.60 	 -320.000000 
1.60 	 -320.000000 
1.60 	 -320.000000 
1.60 	 -320.000000 
1.60 	 -320.000000 
1.60 	 -320.000000 
1.60 	 -320.000000 
1.60 	 -320.000000 
1.60 	 -320.000000 
1.60 	 -320.000000 
1.60 	 -320.000000 
1.60 	 -320.000000 
1.60 	 -320.000000 
1.60 	 -320.000000 
1.60 	 -320.000000 
1.60 	 -320.000000 
1.60 	 -320.000000 
1.60 	 -320.000000 
1.60 	 -320.000000 
1.60 	 -320.000000 
1.60 	 -320.000000 
1.60 	 -320.000000 
1.60 	 -320.000000 
1.60 	 -320.000000 
1.60 	 -320.000000 
1.60 	 -320.000000 
1.60 	 -320.000000 
1.60 	 -320.000000 
1.60 	 -320.000000 
1.60 	 -320.000000 
1.60 	 -320.000000 
1.60 	 -320.000000 
1.60 	 -320.000000 
1.60 	 -320.000000 
1.60 	 -320.000000 
1.60 	 -320.000000 
1.60 	 -320.000000 
1.60 	 -320.000000 
1.60 	 -320.000000 
1.60 	 -320.000000 
1.60 	 -320.000000 
1.60 	 -320.000000 
1.60 	 -320.000000 
1.60 	 -320.000000 
1.60 	 -320.000000 
1.60 	 -320.000000 
1.60 	 -320.000000 
1.60 	 -320.000000 
1.60 	 -320.000000 
1.60 	 -320.000000 
1.60 	 -320.000000 
1.60 	 -320.000000 
1.60 	 -320.000000 
1.60 	 -320.000000 
1.60 	 -320.000000 
1.60 	 -320.000000 
1.60 	 -320.000000 
1.60 	 -320.000000 
1.60 	 -320.000000 
1.60 	 -320.000000 
1.60 	 -320.000000 
1.60 	 -320.000000 
1.60 	 -320.000000 
1.60 	 -320.000000 
1.60 	 -320.000000 
1.60 	 -320.000000 
1.60 	 -320.000000 
1.60 	 -320.000000 
1.60 	 -320.000000 
1.60 	 -320.000000 
1.60 	 -320.000000 
1.60 	 -320.000000 
1.60 	 -320.000000 
1.60 	 -320.000000 
1.60 	 -320.000000 
1.60 	 -320.000000 
1.60 	 -320.000000 
1.60 	 -320.000000 
1.60 	 -320.000000 
1.60 	 -320.000000 
1.60 	 -320.000000 
1.60 	 -320.000000 
1.60 	 -320.000000 
1.60 	 -320.000000 
1.60 	 -320.000000 
1.60 	 -320.000000 
1.60 	 -320.000000 
1.60 	 -320.000000 
1.60 	 -320.000000 
1.60 	 -320.000000 
1.60 	 -320.000000 
1.60 	 -320.000000 
1.60 	 -320.000000 
1.60 	 -320.000000 
1.60 	 -320.000000 
1.60 	 -320.000000 
1.60 	 -320.000000 
1.60 	 -320.000000 
1.60 	 -320.000000 
1.60 	 -320.000000 
1.60 	 -320.000000 
1.60 	 -320.000000 
1.60 	 -320.000000 
1.60 	 -320.000000 
1.60 	 -320.000000 
1.60 	 -320.000000 
1.60 	 -320.000000 
1.60 	 -320.000000 
1.60 	 -320.000000 
1.60 	 -320.000000 
1.60 	 -320.000000 
1.60 	 -320.000000 
1.60 	 -320.000000 
1.60 	 -320.000000 
1.60 	 -320.000000 
1.60 	 -320.000000 
1.60 	 -320.000000 
1.60 	 -320.000000 
1.60 	 -320.000000 
1.60 	 -320.000000 
1.60 	 -320.000000 
1.60 	 -320.000000 
1.60 	 -320.000000 
1.60 	 -320.000000 
1.60 	 -320.000000 
1.60 	 -320.000000 
1.60 	 -320.000000 
1.60 	 -320.000000 
1.60 	 -320.000000 
1.60 	 -320.000000 
1.60 	 -320.000000 
1.60 	 -320.000000 
1.60 	 -320.000000 
1.60 	 -320.000000 
1.60 	 -320.000000 
1.60 	 -320.000000 
1.60 	 -320.000000 
1.60 	 -320.000000 
1.60 	 -320.000000 
1.60 	 -320.000000 
1.60 	 -320.000000 
1.60 	 -320.000000 
1.60 	 -320.000000 
1.60 	 -320.000000 
1.60 	 -320.000000 
1.60 	 -320.000000 
1.60 	 -320.000000 
1.60 	 -320.000000 
1.60 	 -320.000000 
1.60 	 -320.000000 
1.60 	 -320.000000 
1.60 	 -320.000000 
1.60 	 -320.000000 
1.60 	 -320.000000 
1.60 	 -320.000000 
1.60 	 -320.000000 
1.60 	 -320.000000 
1.60 	 -320.000000 
1.60 	 -320.000000 
1.60 	 -320.000000 
1.60 	 -320.000000 
1.60 	 -320.000000 
1.60 	 -320.000000 
1.60 	 -320.000000 
1.60 	 -320.000000 
1.60 	 -320.000000 
1.60 	 -320.000000 
1.60 	 -320.000000 
1.60 	 -320.000000 
1.60 	 -320.000000 
1.60 	 -320.000000 
1.60 	 -320.000000 
1.60 	 -320.000000 
1.60 	 -320.000000 
1.60 	 -320.000000 
1.60 	 -320.000000 
1.60 	 -320.000000 
1.60 	 -320.000000 
1.60 	 -320.000000 
1.60 	 -320.000000 
1.60 	 -320.000000 
1.60 	 -320.000000 
1.60 	 -320.000000 
1.60 	 -320.000000 
1.60 	 -320.000000 
1.60 	 -320.000000 
1.60 	 -320.000000 
1.60 	 -320.000000 
1.60 	 -320.000000 
1.60 	 -320.000000 
1.60 	 -320.000000 
1.60 	 -320.000000 
1.60 	 -320.000000 
1.60 	 -320.000000 
1.60 	 -320.000000 
1.60 	 -320.000000 
1.60 	 -320.000000 
1.60 	 -320.000000 
1.60 	 -320.000000 
1.60 	 -320.000000 
1.60 	 -320.000000 
1.60 	 -320.000000 
1.60 	 -320.000000 
1.60 	 -320.000000 
1.60 	 -320.000000 
1.60 	 -320.000000 
1.60 	 -320.000000 
1.60 	 -320.000000 
1.60 	 -320.000000 
1.60 	 -320.000000 
1.60 	 -320.000000 
1.60 	 -320.000000 
1.60 	 -320.000000 
1.60 	 -320.000000 
1.60 	 -320.000000 
1.60 	 -320.000000 
1.60 	 -320.000000 
1.60 	 -320.000000 
1.60 	 -320.000000 
1.60 	 -320.000000 
1.60 	 -320.000000 
1.60 	 -320.000000 
1.60 	 -320.000000 
1.60 	 -320.000000 
1.60 	 -320.000000 
1.60 	 -320.000000 
1.60 	 -320.000000 
1.60 	 -320.000000 
1.60 	 -320.000000 
1.60 	 -320.000000 
1.60 	 -320.000000 
1.60 	 -320.000000 
1.60 	 -320.000000 
1.60 	 -320.000000 
1.60 	 -320.000000 
1.60 	 -320.000000 
1.60 	 -320.000000 
1.60 	 -320.000000 
1.60 	 -320.000000 
1.60 	 -320.000000 
1.60 	 -320.000000 
1.60 	 -320.000000 
1.60 	 -320.000000 
1.60 	 -320.000000 
1.60 	 -320.000000 
1.60 	 -320.000000 
1.60 	 -320.000000 
1.60 	 -320.000000 
1.60 	 -320.000000 
1.60 	 -320.000000 
1.60 	 -320.000000 
1.60 	 -320.000000 
1.60 	 -320.000000 
1.60 	 -320.000000 
1.60 	 -320.000000 
1.60 	 -320.000000 
1.60 	 -320.000000 
1.60 	 -320.000000 
1.60 	 -320.000000 
1.60 	 -320.000000 
1.60 	 -320.000000 
1.60 	 -320.000000 
1.60 	 -320.000000 
1.60 	 -320.000000 
1.60 	 -320.000000 
1.60 	 -320.000000 
1.60 	 -320.000000 
1.60 	 -320.000000 
1.60 	 -320.000000 
1.60 	 -320.000000 
1.60 	 -320.000000 
1.60 	 -320.000000 
1.60 	 -320.000000 
1.60 	 -320.000000 
1.60 	 -320.000000 
1.60 	 -320.000000 
1.60 	 -320.000000 
1.60 	 -320.000000 
1.60 	 -320.000000 
1.60 	 -320.000000 
1.60 	 -320.000000 
1.60 	 -320.000000 
1.60 	 -320.000000 
1.60 	 -320.000000 
1.60 	 -320.000000 
1.60 	 -320.000000 
1.60 	 -320.000000 
1.60 	 -320.000000 
1.60 	 -320.000000 
1.60 	 -320.000000 
1.60 	 -320.000000 
1.60 	 -320.000000 
1.60 	 -320.000000 
1.60 	 -320.000000 
1.60 	 -320.000000 
1.60 	 -320.000000 
1.60 	 -320.000000 
1.60 	 -320.000000 
1.60 	 -320.000000 
1.60 	 -320.000000 
1.60 	 -320.000000 
1.60 	 -320.000000 
1.60 	 -320.000000 
1.60 	 -320.000000 
1.60 	 -320.000000 
1.60 	 -320.000000 
1.60 	 -320.000000 
1.60 	 -320.000000 
1.60 	 -320.000000 
1.60 	 -320.000000 
1.60 	 -320.000000 
1.60 	 -320.000000 
1.60 	 -320.000000 
1.60 	 -320.000000 
1.60 	 -320.000000 
1.60 	 -320.000000 
1.60 	 -320.000000 
1.60 	 -320.000000 
1.60 	 -320.000000 
1.60 	 -320.000000 
1.60 	 -320.000000 
1.60 	 -320.000000 
1.60 	 -320.000000 
1.60 	 -320.000000 
1.60 	 -320.000000 
1.60 	 -320.000000 
1.60 	 -320.000000 
1.60 	 -320.000000 
1.60 	 -320.000000 
1.60 	 -320.000000 
1.60 	 -320.000000 
1.60 	 -320.000000 
1.60 	 -320.000000 
1.60 	 -320.000000 
1.60 	 -320.000000 
1.60 	 -320.000000 
1.60 	 -320.000000 
1.60 	 -320.000000 
1.60 	 -320.000000 
1.60 	 -320.000000 
1.60 	 -320.000000 
1.60 	 -320.000000 
1.60 	 -320.000000 
1.60 	 -320.000000 
1.60 	 -320.000000 
1.60 	 -320.000000 
1.60 	 -320.000000 
1.60 	 -320.000000 
1.60 	 -320.000000 
1.60 	 -320.000000 
1.60 	 -320.000000 
1.60 	 -320.000000 
1.60 	 -320.000000 
1.60 	 -320.000000 
1.60 	 -320.000000 
1.60 	 -320.000000 
1.60 	 -320.000000 
1.60 	 -320.000000 
1.60 	 -320.000000 
1.60 	 -320.000000 
1.60 	 -320.000000 
1.60 	 -320.000000 
1.60 	 -320.000000 
1.60 	 -320.000000 
1.60 	 -320.000000 
1.60 	 -320.000000 
1.60 	 -320.000000 
1.60 	 -320.000000 
1.60 	 -320.000000 
1.60 	 -320.000000 
1.60 	 -320.000000 
1.60 	 -320.000000 
1.60 	 -320.000000 
1.60 	 -320.000000 
1.60 	 -320.000000 
1.60 	 -320.000000 
1.60 	 -320.000000 
1.60 	 -320.000000 
1.60 	 -320.000000 
1.60 	 -320.000000 
1.60 	 -320.000000 
1.60 	 -320.000000 
1.60 	 -320.000000 
1.60 	 -320.000000 
1.60 	 -320.000000 
1.60 	 -320.000000 
1.60 	 -320.000000 
1.60 	 -320.000000 
1.60 	 -320.000000 
1.60 	 -320.000000 
1.60 	 -320.000000 
1.60 	 -320.000000 
1.60 	 -320.000000 
1.60 	 -320.000000 
1.60 	 -320.000000 
1.60 	 -320.000000 
1.60 	 -320.000000 
1.60 	 -320.000000 
1.60 	 -320.000000 
1.60 	 -320.000000 
1.60 	 -320.000000 
1.60 	 -320.000000 
1.60 	 -320.000000 
1.60 	 -320.000000 
1.60 	 -320.000000 
1.60 	 -320.000000 
1.60 	 -320.000000 
1.60 	 -320.000000 
1.60 	 -320.000000 
1.60 	 -320.000000 
1.60 	 -320.000000 
1.60 	 -320.000000 
1.60 	 -320.000000 
1.60 	 -320.000000 
1.60 	 -320.000000 
1.60 	 -320.000000 
1.60 	 -320.000000 
1.60 	 -320.000000 
1.60 	 -320.000000 
1.60 	 -320.000000 
1.60 	 -320.000000 
1.60 	 -320.000000 
1.60 	 -320.000000 
1.60 	 -320.000000 
1.60 	 -320.000000 
1.60 	 -320.000000 
1.60 	 -320.000000 
1.60 	 -320.000000 
1.60 	 -320.000000 
1.60 	 -320.000000 
1.60 	 -320.000000 
1.60 	 -320.000000 
1.60 	 -320.000000 
1.60 	 -320.000000 
1.60 	 -320.000000 
1.60 	 -320.000000 
1.60 	 -320.000000 
1.60 	 -320.000000 
1.60 	 -320.000000 
1.60 	 -320.000000 
1.60 	 -320.000000 
1.60 	 -320.000000 
1.60 	 -320.000000 
1.60 	 -320.000000 
1.60 	 -320.000000 
1.60 	 -320.000000 
1.60 	 -320.000000 
1.60 	 -320.000000 
1.60 	 -320.000000 
1.60 	 -320.000000 
1.60 	 -320.000000 
1.60 	 -320.000000 
1.60 	 -320.000000 
1.60 	 -320.000000 
1.60 	 -320.000000 
1.60 	 -320.000000 
1.60 	 -320.000000 
1.60 	 -320.000000 
1.60 	 -320.000000 
1.60 	 -320.000000 
1.60 	 -320.000000 
1.60 	 -320.000000 
1.60 	 -320.000000 
1.60 	 -320.000000 
1.60 	 -320.000000 
1.60 	 -320.000000 
1.60 	 -320.000000 
1.60 	 -320.000000 
1.60 	 -320.000000 
1.60 	 -320.000000 
1.60 	 -320.000000 
1.60 	 -320.000000 
1.60 	 -320.000000 
1.60 	 -320.000000 
1.60 	 -320.000000 
1.60 	 -320.000000 
1.60 	 -320.000000 
1.60 	 -320.000000 
1.60 	 -320.000000 
1.60 	 -320.000000 
1.60 	 -320.000000 
1.60 	 -320.000000 
1.60 	 -320.000000 
1.60 	 -320.000000 
1.60 	 -320.000000 
1.60 	 -320.000000 
1.60 	 -320.000000 
1.60 	 -320.000000 
1.60 	 -320.000000 
1.60 	 -320.000000 
1.60 	 -320.000000 
1.60 	 -320.000000 
1.60 	 -320.000000 
1.60 	 -320.000000 
1.60 	 -320.000000 
1.60 	 -320.000000 
1.60 	 -320.000000 
1.60 	 -320.000000 
1.60 	 -320.000000 
1.60 	 -320.000000 
1.60 	 -320.000000 
1.60 	 -320.000000 
1.60 	 -320.000000 
1.60 	 -320.000000 
1.60 	 -320.000000 
1.60 	 -320.000000 
1.60 	 -320.000000 
1.60 	 -320.000000 
1.60 	 -320.000000 
1.60 	 -320.000000 
1.60 	 -320.000000 
1.60 	 -320.000000 
1.60 	 -320.000000 
1.60 	 -320.000000 
1.60 	 -320.000000 
1.60 	 -320.000000 
1.60 	 -320.000000 
1.60 	 -320.000000 
1.60 	 -320.000000 
1.60 	 -320.000000 
1.60 	 -320.000000 
1.60 	 -320.000000 
1.60 	 -320.000000 
1.60 	 -320.000000 
1.60 	 -320.000000 
1.60 	 -320.000000 
1.60 	 -320.000000 
1.60 	 -320.000000 
1.60 	 -320.000000 
1.60 	 -320.000000 
1.60 	 -320.000000 
1.60 	 -320.000000 
1.60 	 -320.000000 
1.60 	 -320.000000 
1.60 	 -320.000000 
1.60 	 -320.000000 
1.60 	 -320.000000 
1.60 	 -320.000000 
1.60 	 -320.000000 
1.60 	 -320.000000 
1.60 	 -320.000000 
1.60 	 -320.000000 
1.60 	 -320.000000 
1.60 	 -320.000000 
1.60 	 -320.000000 
1.60 	 -320.000000 
1.60 	 -320.000000 
1.60 	 -320.000000 
1.60 	 -320.000000 
1.60 	 -320.000000 
1.60 	 -320.000000 
1.60 	 -320.000000 
1.60 	 -320.000000 
1.60 	 -320.000000 
1.60 	 -320.000000 
1.60 	 -320.000000 
1.60 	 -320.000000 
1.60 	 -320.000000 
1.60 	 -320.000000 
1.60 	 -320.000000 
1.60 	 -320.000000 
1.60 	 -320.000000 
1.60 	 -320.000000 
1.60 	 -320.000000 
1.60 	 -320.000000 
1.60 	 -320.000000 
1.60 	 -320.000000 
1.60 	 -320.000000 
1.60 	 -320.000000 
1.60 	 -320.000000 
1.60 	 -320.000000 
1.60 	 -320.000000 
1.60 	 -320.000000 
1.60 	 -320.000000 
1.60 	 -320.000000 
1.60 	 -320.000000 
1.60 	 -320.000000 
1.60 	 -320.000000 
1.60 	 -320.000000 
1.60 	 -320.000000 
1.60 	 -320.000000 
1.60 	 -320.000000 
1.60 	 -320.000000 
1.60 	 -320.000000 
1.60 	 -320.000000 
1.60 	 -320.000000 
1.60 	 -320.000000 
1.60 	 -320.000000 
1.60 	 -320.000000 
1.60 	 -320.000000 
1.60 	 -320.000000 
1.60 	 -320.000000 
1.60 	 -320.000000 
1.60 	 -320.000000 
1.60 	 -320.000000 
1.60 	 -320.000000 
1.60 	 -320.000000 
1.60 	 -320.000000 
1.60 	 -320.000000 
1.60 	 -320.000000 
1.60 	 -320.000000 
1.60 	 -320.000000 
1.60 	 -320.000000 
1.60 	 -320.000000 
1.60 	 -320.000000 
1.60 	 -320.000000 
1.60 	 -320.000000 
1.60 	 -320.000000 
1.60 	 -320.000000 
1.60 	 -320.000000 
1.60 	 -320.000000 
1.60 	 -320.000000 
1.60 	 -320.000000 
1.60 	 -320.000000 
1.60 	 -320.000000 
1.60 	 -320.000000 
1.60 	 -320.000000 
1.60 	 -320.000000 
1.60 	 -320.000000 
1.60 	 -320.000000 
1.60 	 -320.000000 
1.60 	 -320.000000 
1.60 	 -320.000000 
1.60 	 -320.000000 
1.60 	 -320.000000 
1.60 	 -320.000000 
1.60 	 -320.000000 
1.60 	 -320.000000 
1.60 	 -320.000000 
1.60 	 -320.000000 
1.60 	 -320.000000 
1.60 	 -320.000000 
1.60 	 -320.000000 
1.60 	 -320.000000 
1.60 	 -320.000000 
1.60 	 -320.000000 
1.60 	 -320.000000 
1.60 	 -320.000000 
1.60 	 -320.000000 
1.60 	 -320.000000 
1.60 	 -320.000000 
1.60 	 -320.000000 
1.60 	 -320.000000 
1.60 	 -320.000000 
1.60 	 -320.000000 
1.60 	 -320.000000 
1.60 	 -320.000000 
1.60 	 -320.000000 
1.60 	 -320.000000 
1.60 	 -320.000000 
1.60 	 -320.000000 
1.60 	 -320.000000 
1.60 	 -320.000000 
1.60 	 -320.000000 
1.60 	 -320.000000 
1.60 	 -320.000000 
1.60 	 -320.000000 
1.60 	 -320.000000 
1.60 	 -320.000000 
1.60 	 -320.000000 
1.60 	 -320.000000 
1.60 	 -320.000000 
1.60 	 -320.000000 
1.60 	 -320.000000 
1.60 	 -320.000000 
1.60 	 -320.000000 
1.60 	 -320.000000 
1.60 	 -320.000000 
1.60 	 -320.000000 
1.60 	 -320.000000 
1.60 	 -320.000000 
1.60 	 -320.000000 
1.60 	 -320.000000 
1.60 	 -320.000000 
1.60 	 -320.000000 
1.60 	 -320.000000 
1.60 	 -320.000000 
1.60 	 -320.000000 
1.60 	 -320.000000 
1.60 	 -320.000000 
1.60 	 -320.000000 
1.60 	 -320.000000 
1.60 	 -320.000000 
1.60 	 -320.000000 
1.60 	 -320.000000 
1.60 	 -320.000000 
1.60 	 -320.000000 
1.60 	 -320.000000 
1.60 	 -320.000000 
1.60 	 -320.000000 
1.60 	 -320.000000 
1.60 	 -320.000000 
1.60 	 -320.000000 
1.60 	 -320.000000 
1.60 	 -320.000000 
1.60 	 -320.000000 
1.60 	 -320.000000 
1.60 	 -320.000000 
1.60 	 -320.000000 
1.60 	 -320.000000 
1.60 	 -320.000000 
1.60 	 -320.000000 
1.60 	 -320.000000 
1.60 	 -320.000000 
1.60 	 -320.000000 
1.60 	 -320.000000 
1.60 	 -320.000000 
1.60 	 -320.000000 
1.60 	 -320.000000 
1.60 	 -320.000000 
1.60 	 -320.000000 
1.60 	 -320.000000 
1.60 	 -320.000000 
1.60 	 -320.000000 
1.60 	 -320.000000 
1.60 	 -320.000000 
1.60 	 -320.000000 
1.60 	 -320.000000 
1.60 	 -320.000000 
1.60 	 -320.000000 
1.60 	 -320.000000 
1.60 	 -320.000000 
1.60 	 -320.000000 
1.60 	 -320.000000 
1.60 	 -320.000000 
1.60 	 -320.000000 
1.60 	 -320.000000 
1.60 	 -320.000000 
1.60 	 -320.000000 
1.60 	 -320.000000 
1.60 	 -320.000000 
1.60 	 -320.000000 
1.60 	 -320.000000 
1.60 	 -320.000000 
1.60 	 -320.000000 
1.60 	 -320.000000 
1.60 	 -320.000000 
1.60 	 -320.000000 
1.60 	 -320.000000 
1.60 	 -320.000000 
1.60 	 -320.000000 
1.60 	 -320.000000 
1.60 	 -320.000000 
1.60 	 -320.000000 
1.60 	 -320.000000 
1.60 	 -320.000000 
1.60 	 -320.000000 
1.60 	 -320.000000 
1.60 	 -320.000000 
1.60 	 -320.000000 
1.60 	 -320.000000 
1.60 	 -320.000000 
1.60 	 -320.000000 
1.60 	 -320.000000 
1.60 	 -320.000000 
1.60 	 -320.000000 
1.60 	 -320.000000 
1.60 	 -320.000000 
1.60 	 -320.000000 
1.60 	 -320.000000 
1.60 	 -320.000000 
1.60 	 -320.000000 
1.60 	 -320.000000 
1.60 	 -320.000000 
1.60 	 -320.000000 
1.60 	 -320.000000 
1.60 	 -320.000000 
1.60 	 -320.000000 
1.60 	 -320.000000 
1.60 	 -320.000000 
1.60 	 -320.000000 
1.60 	 -320.000000 
1.60 	 -320.000000 
1.60 	 -320.000000 
1.60 	 -320.000000 
1.60 	 -320.000000 
1.60 	 -320.000000 
1.60 	 -320.000000 
1.60 	 -320.000000 
1.60 	 -320.000000 
1.60 	 -320.000000 
1.60 	 -320.000000 
1.60 	 -320.000000 
1.60 	 -320.000000 
1.60 	 -320.000000 
1.60 	 -320.000000 
1.60 	 -320.000000 
1.60 	 -320.000000 
1.60 	 -320.000000 
1.60 	 -320.000000 
1.60 	 -320.000000 
1.60 	 -320.000000 
1.60 	 -320.000000 
1.60 	 -320.000000 
1.60 	 -320.000000 
1.60 	 -320.000000 
1.60 	 -320.000000 
1.60 	 -320.000000 
1.60 	 -320.000000 
1.60 	 -320.000000 
1.60 	 -320.000000 
1.60 	 -320.000000 
1.60 	 -320.000000 
1.60 	 -320.000000 
1.60 	 -320.000000 
1.60 	 -320.000000 
1.60 	 -320.000000 
1.60 	 -320.000000 
1.60 	 -320.000000 
1.60 	 -320.000000 
1.60 	 -320.000000 
1.60 	 -320.000000 
1.60 	 -320.000000 
1.60 	 -320.000000 
1.60 	 -320.000000 
1.60 	 -320.000000 
1.60 	 -320.000000 
1.60 	 -320.000000 
1.60 	 -320.000000 
1.60 	 -320.000000 
1.60 	 -320.000000 
1.60 	 -320.000000 
1.60 	 -320.000000 
1.60 	 -320.000000 
1.60 	 -320.000000 
1.60 	 -320.000000 
1.60 	 -320.000000 
1.60 	 -320.000000 
1.60 	 -320.000000 
1.60 	 -320.000000 
1.60 	 -320.000000 
1.60 	 -320.000000 
1.60 	 -320.000000 
1.60 	 -320.000000 
1.60 	 -320.000000 
1.60 	 -320.000000 
1.60 	 -320.000000 
1.60 	 -320.000000 
1.60 	 -320.000000 
1.60 	 -320.000000 
1.60 	 -320.000000 
1.60 	 -320.000000 
1.60 	 -320.000000 
1.60 	 -320.000000 
1.60 	 -320.000000 
1.60 	 -320.000000 
1.60 	 -320.000000 
1.60 	 -320.000000 
1.60 	 -320.000000 
1.60 	 -320.000000 
1.60 	 -320.000000 
1.60 	 -320.000000 
1.60 	 -320.000000 
1.60 	 -320.000000 
1.60 	 -320.000000 
1.60 	 -320.000000 
1.60 	 -320.000000 
1.60 	 -320.000000 
1.60 	 -320.000000 
1.60 	 -320.000000 
1.60 	 -320.000000 
1.60 	 -320.000000 
1.60 	 -320.000000 
1.60 	 -320.000000 
1.60 	 -320.000000 
1.60 	 -320.000000 
1.60 	 -320.000000 
1.60 	 -320.000000 
1.60 	 -320.000000 
1.60 	 -320.000000 
1.60 	 -320.000000 
1.60 	 -320.000000 
1.60 	 -320.000000 
1.60 	 -320.000000 
1.60 	 -320.000000 
1.60 	 -320.000000 
1.60 	 -320.000000 
1.60 	 -320.000000 
1.60 	 -320.000000 
1.60 	 -320.000000 
1.60 	 -320.000000 
1.60 	 -320.000000 
1.60 	 -320.000000 
1.60 	 -320.000000 
1.60 	 -320.000000 
1.60 	 -320.000000 
1.60 	 -320.000000 
1.60 	 -320.000000 
1.60 	 -320.000000 
1.60 	 -320.000000 
1.60 	 -320.000000 
1.60 	 -320.000000 
1.60 	 -320.000000 
1.60 	 -320.000000 
1.60 	 -320.000000 
1.60 	 -320.000000 
1.60 	 -320.000000 
1.60 	 -320.000000 
1.60 	 -320.000000 
1.60 	 -320.000000 
1.60 	 -320.000000 
1.60 	 -320.000000 
1.60 	 -320.000000 
1.60 	 -320.000000 
1.60 	 -320.000000 
1.60 	 -320.000000 
1.60 	 -320.000000 
1.60 	 -320.000000 
1.60 	 -320.000000 
1.60 	 -320.000000 
1.60 	 -320.000000 
1.60 	 -320.000000 
1.60 	 -320.000000 
1.60 	 -320.000000 
1.60 	 -320.000000 
1.60 	 -320.000000 
1.60 	 -320.000000 
1.60 	 -320.000000 
1.60 	 -320.000000 
1.60 	 -320.000000 
1.60 	 -320.000000 
1.60 	 -320.000000 
1.60 	 -320.000000 
1.60 	 -320.000000 
1.60 	 -320.000000 
1.60 	 -320.000000 
1.60 	 -320.000000 
1.60 	 -320.000000 
1.60 	 -320.000000 
1.60 	 -320.000000 
1.60 	 -320.000000 
1.60 	 -320.000000 
1.60 	 -320.000000 
1.60 	 -320.000000 
1.60 	 -320.000000 
1.60 	 -320.000000 
1.60 	 -320.000000 
1.60 	 -320.000000 
1.60 	 -320.000000 
1.60 	 -320.000000 
1.60 	 -320.000000 
1.60 	 -320.000000 
1.60 	 -320.000000 
