0.00 	 0.000000 
0.01 	 0.000000 
0.02 	 0.000000 
0.03 	 0.000000 
0.04 	 0.000000 
0.05 	 0.000000 
0.06 	 0.000000 
0.07 	 0.000000 
0.08 	 0.000000 
0.09 	 0.000000 
0.10 	 0.000000 
0.11 	 0.000000 
0.12 	 0.000000 
0.13 	 0.000000 
0.14 	 0.000000 
0.15 	 0.000000 
0.16 	 0.000000 
0.17 	 0.000000 
0.18 	 0.000000 
0.19 	 0.000000 
0.20 	 0.000000 
0.21 	 0.000000 
0.22 	 0.000000 
0.23 	 0.000000 
0.24 	 0.000000 
0.25 	 0.000000 
0.26 	 0.000000 
0.27 	 0.000000 
0.28 	 0.000000 
0.29 	 0.000000 
0.30 	 0.000000 
0.31 	 0.000000 
0.32 	 0.000000 
0.33 	 0.000000 
0.34 	 0.000000 
0.35 	 0.000000 
0.36 	 0.000000 
0.37 	 0.000000 
0.38 	 0.000000 
0.39 	 0.000000 
0.40 	 0.000000 
0.41 	 0.000000 
0.42 	 0.000000 
0.43 	 0.000000 
0.44 	 0.000000 
0.45 	 0.000000 
0.46 	 0.000000 
0.47 	 0.000000 
0.48 	 0.000000 
0.49 	 0.000000 
0.50 	 0.000000 
0.51 	 0.000000 
0.52 	 0.000000 
0.53 	 0.000000 
0.54 	 0.000000 
0.55 	 0.000000 
0.56 	 0.000000 
0.57 	 0.000000 
0.58 	 0.000000 
0.59 	 0.000000 
0.60 	 0.000000 
0.61 	 0.000000 
0.62 	 0.000000 
0.63 	 0.000000 
0.64 	 0.000000 
0.65 	 0.000000 
0.66 	 0.000000 
0.67 	 0.000000 
0.68 	 0.000000 
0.69 	 0.000000 
0.70 	 0.000000 
0.71 	 0.000000 
0.72 	 0.000000 
0.73 	 0.000000 
0.74 	 0.000000 
0.75 	 0.000000 
0.76 	 0.000000 
0.77 	 0.000000 
0.78 	 0.000000 
0.79 	 0.000000 
0.80 	 0.000000 
0.81 	 0.000000 
0.82 	 0.000000 
0.83 	 0.000000 
0.84 	 0.000000 
0.85 	 0.000000 
0.86 	 0.000000 
0.87 	 0.000000 
0.88 	 0.000000 
0.89 	 0.000000 
0.90 	 0.000000 
0.91 	 0.000000 
0.92 	 0.000000 
0.93 	 0.000000 
0.94 	 0.000000 
0.95 	 0.000000 
0.96 	 0.000000 
0.97 	 0.000000 
0.98 	 0.000000 
0.99 	 0.000000 
1.00 	 0.000000 
1.01 	 0.000000 
1.02 	 0.000000 
1.03 	 0.000000 
1.04 	 0.000000 
1.05 	 0.000000 
1.06 	 0.000000 
1.07 	 0.000000 
1.08 	 0.000000 
1.09 	 0.000000 
1.10 	 0.000000 
1.11 	 0.000000 
1.12 	 0.000000 
1.13 	 0.000000 
1.14 	 0.000000 
1.15 	 0.000000 
1.16 	 0.000000 
1.17 	 0.000000 
1.18 	 0.000000 
1.19 	 0.000000 
1.20 	 0.000000 
1.21 	 0.000000 
1.22 	 0.000000 
1.23 	 0.000000 
1.24 	 0.000000 
1.25 	 0.000000 
1.26 	 0.000000 
1.27 	 0.000000 
1.28 	 0.000000 
1.29 	 0.000000 
1.30 	 0.000000 
1.31 	 0.000000 
1.32 	 0.000000 
1.33 	 0.000000 
1.34 	 0.000000 
1.35 	 0.000000 
1.36 	 0.000000 
1.37 	 0.000000 
1.38 	 0.000000 
1.39 	 0.000000 
1.40 	 0.000000 
1.41 	 0.000000 
1.42 	 0.000000 
1.43 	 0.000000 
1.44 	 0.000000 
1.45 	 0.000000 
1.46 	 0.000000 
1.47 	 0.000000 
1.48 	 0.000000 
1.49 	 0.000000 
1.50 	 0.000000 
1.51 	 0.000000 
1.52 	 0.000000 
1.53 	 0.000000 
1.54 	 0.000000 
1.55 	 0.000000 
1.56 	 0.000000 
1.57 	 0.000000 
1.58 	 0.000000 
1.59 	 0.000000 
1.60 	 0.000000 
1.61 	 0.000000 
1.62 	 0.000000 
1.63 	 0.000000 
1.64 	 0.000000 
1.65 	 0.000000 
1.66 	 0.000000 
1.67 	 0.000000 
1.68 	 0.000000 
1.69 	 0.000000 
1.70 	 0.000000 
1.71 	 0.000000 
1.72 	 0.000000 
1.73 	 0.000000 
1.74 	 0.000000 
1.75 	 0.000000 
1.76 	 0.000000 
1.77 	 0.000000 
1.78 	 0.000000 
1.79 	 0.000000 
1.80 	 0.000000 
1.81 	 0.000000 
1.82 	 0.000000 
1.83 	 0.000000 
1.84 	 0.000000 
1.85 	 0.000000 
1.86 	 0.000000 
1.87 	 0.000000 
1.88 	 0.000000 
1.89 	 0.000000 
1.90 	 0.000000 
1.91 	 0.000000 
1.92 	 0.000000 
1.93 	 0.000000 
1.94 	 0.000000 
1.95 	 0.000000 
1.96 	 0.000000 
1.97 	 0.000000 
1.98 	 0.000000 
1.99 	 0.000000 
2.00 	 0.000000 
2.01 	 0.000000 
2.02 	 0.000000 
2.03 	 0.000000 
2.04 	 0.000000 
2.05 	 0.000000 
2.06 	 0.000000 
2.07 	 0.000000 
2.08 	 0.000000 
2.09 	 0.000000 
2.10 	 0.000000 
2.11 	 0.000000 
2.12 	 0.000000 
2.13 	 0.000000 
2.14 	 0.000000 
2.15 	 0.000000 
2.16 	 0.000000 
2.17 	 0.000000 
2.18 	 0.000000 
2.19 	 0.000000 
2.20 	 0.000000 
2.21 	 0.000000 
2.22 	 0.000000 
2.23 	 0.000000 
2.24 	 0.000000 
2.25 	 0.000000 
2.26 	 0.000000 
2.27 	 0.000000 
2.28 	 0.000000 
2.29 	 0.000000 
2.30 	 0.000000 
2.31 	 0.000000 
2.32 	 0.000000 
2.33 	 0.000000 
2.34 	 0.000000 
2.35 	 0.000000 
2.36 	 0.000000 
2.37 	 0.000000 
2.38 	 0.000000 
2.39 	 0.000000 
2.40 	 0.000000 
2.41 	 0.000000 
2.42 	 0.000000 
2.43 	 0.000000 
2.44 	 0.000000 
2.45 	 0.000000 
2.46 	 0.000000 
2.47 	 0.000000 
2.48 	 0.000000 
2.49 	 0.000000 
2.50 	 0.000000 
2.51 	 0.000000 
2.52 	 0.000000 
2.53 	 0.000000 
2.54 	 0.000000 
2.55 	 0.000000 
2.56 	 0.000000 
2.57 	 0.000000 
2.58 	 0.000000 
2.59 	 0.000000 
2.60 	 0.000000 
2.61 	 0.000000 
2.62 	 0.000000 
2.63 	 0.000000 
2.64 	 0.000000 
2.65 	 0.000000 
2.66 	 0.000000 
2.67 	 0.000000 
2.68 	 0.000000 
2.69 	 0.000000 
2.70 	 0.000000 
2.71 	 0.000000 
2.72 	 0.000000 
2.73 	 0.000000 
2.74 	 0.000000 
2.75 	 0.000000 
2.76 	 0.000000 
2.77 	 0.000000 
2.78 	 0.000000 
2.79 	 0.000000 
2.80 	 0.000000 
2.81 	 0.000000 
2.82 	 0.000000 
2.83 	 0.000000 
2.84 	 0.000000 
2.85 	 0.000000 
2.86 	 0.000000 
2.87 	 0.000000 
2.88 	 0.000000 
2.89 	 0.000000 
2.90 	 0.000000 
2.91 	 0.000000 
2.92 	 0.000000 
2.93 	 0.000000 
2.94 	 0.000000 
2.95 	 0.000000 
2.96 	 0.000000 
2.97 	 0.000000 
2.98 	 0.000000 
2.99 	 0.000000 
3.00 	 0.000000 
3.01 	 0.000000 
3.02 	 0.000000 
3.03 	 0.000000 
3.04 	 0.000000 
3.05 	 0.000000 
3.06 	 0.000000 
3.07 	 0.000000 
3.08 	 0.000000 
3.09 	 0.000000 
3.10 	 0.000000 
3.11 	 0.000000 
3.12 	 0.000000 
3.13 	 0.000000 
3.14 	 0.000000 
3.15 	 0.000000 
3.16 	 0.000000 
3.17 	 0.000000 
3.18 	 0.000000 
3.19 	 0.000000 
3.20 	 0.000000 
3.21 	 0.000000 
3.22 	 0.000000 
3.23 	 0.000000 
3.24 	 0.000000 
3.25 	 0.000000 
3.26 	 0.000000 
3.27 	 0.000000 
3.28 	 0.000000 
3.29 	 0.000000 
3.30 	 0.000000 
3.31 	 0.000000 
3.32 	 0.000000 
3.33 	 0.000000 
3.34 	 0.000000 
3.35 	 0.000000 
3.36 	 0.000000 
3.37 	 0.000000 
3.38 	 0.000000 
3.39 	 0.000000 
3.40 	 0.000000 
3.41 	 0.000000 
3.42 	 0.000000 
3.43 	 0.000000 
3.44 	 0.000000 
3.45 	 0.000000 
3.46 	 0.000000 
3.47 	 0.000000 
3.48 	 0.000000 
3.49 	 0.000000 
3.50 	 0.000000 
3.51 	 0.000000 
3.52 	 0.000000 
3.53 	 0.000000 
3.54 	 0.000000 
3.55 	 0.000000 
3.56 	 0.000000 
3.57 	 0.000000 
3.58 	 0.000000 
3.59 	 0.000000 
3.60 	 0.000000 
3.61 	 0.000000 
3.62 	 0.000000 
3.63 	 0.000000 
3.64 	 0.000000 
3.65 	 0.000000 
3.66 	 0.000000 
3.67 	 0.000000 
3.68 	 0.000000 
3.69 	 0.000000 
3.70 	 0.000000 
3.71 	 0.000000 
3.72 	 0.000000 
3.73 	 0.000000 
3.74 	 0.000000 
3.75 	 0.000000 
3.76 	 0.000000 
3.77 	 0.000000 
3.78 	 0.000000 
3.79 	 0.000000 
3.80 	 0.000000 
3.81 	 0.000000 
3.82 	 0.000000 
3.83 	 0.000000 
3.84 	 0.000000 
3.85 	 0.000000 
3.86 	 0.000000 
3.87 	 0.000000 
3.88 	 0.000000 
3.89 	 0.000000 
3.90 	 0.000000 
3.91 	 0.000000 
3.92 	 0.000000 
3.93 	 0.000000 
3.94 	 0.000000 
3.95 	 0.000000 
3.96 	 0.000000 
3.97 	 0.000000 
3.98 	 0.000000 
3.99 	 0.000000 
4.00 	 0.000000 
4.01 	 0.000000 
4.02 	 0.000000 
4.03 	 0.000000 
4.04 	 0.000000 
4.05 	 0.000000 
4.06 	 0.000000 
4.07 	 0.000000 
4.08 	 0.000000 
4.09 	 0.000000 
4.10 	 0.000000 
4.11 	 0.000000 
4.12 	 0.000000 
4.13 	 0.000000 
4.14 	 0.000000 
4.15 	 0.000000 
4.16 	 0.000000 
4.17 	 0.000000 
4.18 	 0.000000 
4.19 	 0.000000 
4.20 	 0.000000 
4.21 	 0.000000 
4.22 	 0.000000 
4.23 	 0.000000 
4.24 	 0.000000 
4.25 	 0.000000 
4.26 	 0.000000 
4.27 	 0.000000 
4.28 	 0.000000 
4.29 	 0.000000 
4.30 	 0.000000 
4.31 	 0.000000 
4.32 	 0.000000 
4.33 	 0.000000 
4.34 	 0.000000 
4.35 	 0.000000 
4.36 	 0.000000 
4.37 	 0.000000 
4.38 	 0.000000 
4.39 	 0.000000 
4.40 	 0.000000 
4.41 	 0.000000 
4.42 	 0.000000 
4.43 	 0.000000 
4.44 	 0.000000 
4.45 	 0.000000 
4.46 	 0.000000 
4.47 	 0.000000 
4.48 	 0.000000 
4.49 	 0.000000 
4.50 	 0.000000 
4.51 	 0.000000 
4.52 	 0.000000 
4.53 	 0.000000 
4.54 	 0.000000 
4.55 	 0.000000 
4.56 	 0.000000 
4.57 	 0.000000 
4.58 	 0.000000 
4.59 	 0.000000 
4.60 	 0.000000 
4.61 	 0.000000 
4.62 	 0.000000 
4.63 	 0.000000 
4.64 	 0.000000 
4.65 	 0.000000 
4.66 	 0.000000 
4.67 	 0.000000 
4.68 	 0.000000 
4.69 	 0.000000 
4.70 	 0.000000 
4.71 	 0.000000 
4.72 	 0.000000 
4.73 	 0.000000 
4.74 	 0.000000 
4.75 	 0.000000 
4.76 	 0.000000 
4.77 	 0.000000 
4.78 	 0.000000 
4.79 	 0.000000 
4.80 	 0.000000 
4.81 	 0.000000 
4.82 	 0.000000 
4.83 	 0.000000 
4.84 	 0.000000 
4.85 	 0.000000 
4.86 	 0.000000 
4.87 	 0.000000 
4.88 	 0.000000 
4.89 	 0.000000 
4.90 	 0.000000 
4.91 	 0.000000 
4.92 	 0.000000 
4.93 	 0.000000 
4.94 	 0.000000 
4.95 	 0.000000 
4.96 	 0.000000 
4.97 	 0.000000 
4.98 	 0.000000 
4.99 	 0.000000 
5.00 	 0.000000 
5.01 	 0.000000 
5.02 	 0.000000 
5.03 	 0.000000 
5.04 	 0.000000 
5.05 	 0.000000 
5.06 	 0.000000 
5.07 	 0.000000 
5.08 	 0.000000 
5.09 	 0.000000 
5.10 	 0.000000 
5.11 	 0.000000 
5.12 	 0.000000 
5.13 	 0.000000 
5.14 	 0.000000 
5.15 	 0.000000 
5.16 	 0.000000 
5.17 	 0.000000 
5.18 	 0.000000 
5.19 	 0.000000 
5.20 	 0.000000 
5.21 	 0.000000 
5.22 	 0.000000 
5.23 	 0.000000 
5.24 	 0.000000 
5.25 	 0.000000 
5.26 	 0.000000 
5.27 	 0.000000 
5.28 	 0.000000 
5.29 	 0.000000 
5.30 	 0.000000 
5.31 	 0.000000 
5.32 	 0.000000 
5.33 	 0.000000 
5.34 	 0.000000 
5.35 	 0.000000 
5.36 	 0.000000 
5.37 	 0.000000 
5.38 	 0.000000 
5.39 	 0.000000 
5.40 	 0.000000 
5.41 	 0.000000 
5.42 	 0.000000 
5.43 	 0.000000 
5.44 	 0.000000 
5.45 	 0.000000 
5.46 	 0.000000 
5.47 	 0.000000 
5.48 	 0.000000 
5.49 	 0.000000 
5.50 	 0.000000 
5.51 	 0.000000 
5.52 	 0.000000 
5.53 	 0.000000 
5.54 	 0.000000 
5.55 	 0.000000 
5.56 	 0.000000 
5.57 	 0.000000 
5.58 	 0.000000 
5.59 	 0.000000 
5.60 	 0.000000 
5.61 	 0.000000 
5.62 	 0.000000 
5.63 	 0.000000 
5.64 	 0.000000 
5.65 	 0.000000 
5.66 	 0.000000 
5.67 	 0.000000 
5.68 	 0.000000 
5.69 	 0.000000 
5.70 	 0.000000 
5.71 	 0.000000 
5.72 	 0.000000 
5.73 	 0.000000 
5.74 	 0.000000 
5.75 	 0.000000 
5.76 	 0.000000 
5.77 	 0.000000 
5.78 	 0.000000 
5.79 	 0.000000 
5.80 	 0.000000 
5.81 	 0.000000 
5.82 	 0.000000 
5.83 	 0.000000 
5.84 	 0.000000 
5.85 	 0.000000 
5.86 	 0.000000 
5.87 	 0.000000 
5.88 	 0.000000 
5.89 	 0.000000 
5.90 	 0.000000 
5.91 	 0.000000 
5.92 	 0.000000 
5.93 	 0.000000 
5.94 	 0.000000 
5.95 	 0.000000 
5.96 	 0.000000 
5.97 	 0.000000 
5.98 	 0.000000 
5.99 	 0.000000 
6.00 	 0.000000 
6.01 	 0.000000 
6.02 	 0.000000 
6.03 	 0.000000 
6.04 	 0.000000 
6.05 	 0.000000 
6.06 	 0.000000 
6.07 	 0.000000 
6.08 	 0.000000 
6.09 	 0.000000 
6.10 	 0.000000 
6.11 	 0.000000 
6.12 	 0.000000 
6.13 	 0.000000 
6.14 	 0.000000 
6.15 	 0.000000 
6.16 	 0.000000 
6.17 	 0.000000 
6.18 	 0.000000 
6.19 	 0.000000 
6.20 	 0.000000 
6.21 	 0.000000 
6.22 	 0.000000 
6.23 	 0.000000 
6.24 	 0.000000 
6.25 	 0.000000 
6.26 	 0.000000 
6.27 	 0.000000 
6.28 	 0.000000 
6.29 	 0.000000 
6.30 	 0.000000 
6.31 	 0.000000 
6.32 	 0.000000 
6.33 	 0.000000 
6.34 	 0.000000 
6.35 	 0.000000 
6.36 	 0.000000 
6.37 	 0.000000 
6.38 	 0.000000 
6.39 	 0.000000 
6.40 	 0.000000 
6.41 	 0.000000 
6.42 	 0.000000 
6.43 	 0.000000 
6.44 	 0.000000 
6.45 	 0.000000 
6.46 	 0.000000 
6.47 	 0.000000 
6.48 	 0.000000 
6.49 	 0.000000 
6.50 	 0.000000 
6.51 	 0.000000 
6.52 	 0.000000 
6.53 	 0.000000 
6.54 	 0.000000 
6.55 	 0.000000 
6.56 	 0.000000 
6.57 	 0.000000 
6.58 	 0.000000 
6.59 	 0.000000 
6.60 	 0.000000 
6.61 	 0.000000 
6.62 	 0.000000 
6.63 	 0.000000 
6.64 	 0.000000 
6.65 	 0.000000 
6.66 	 0.000000 
6.67 	 0.000000 
6.68 	 0.000000 
6.69 	 0.000000 
6.70 	 0.000000 
6.71 	 0.000000 
6.72 	 0.000000 
6.73 	 0.000000 
6.74 	 0.000000 
6.75 	 0.000000 
6.76 	 0.000000 
6.77 	 0.000000 
6.78 	 0.000000 
6.79 	 0.000000 
6.80 	 0.000000 
6.81 	 0.000000 
6.82 	 0.000000 
6.83 	 0.000000 
6.84 	 0.000000 
6.85 	 0.000000 
6.86 	 0.000000 
6.87 	 0.000000 
6.88 	 0.000000 
6.89 	 0.000000 
6.90 	 0.000000 
6.91 	 0.000000 
6.92 	 0.000000 
6.93 	 0.000000 
6.94 	 0.000000 
6.95 	 0.000000 
6.96 	 0.000000 
6.97 	 0.000000 
6.98 	 0.000000 
6.99 	 0.000000 
7.00 	 0.000000 
7.01 	 0.000000 
7.02 	 0.000000 
7.03 	 0.000000 
7.04 	 0.000000 
7.05 	 0.000000 
7.06 	 0.000000 
7.07 	 0.000000 
7.08 	 0.000000 
7.09 	 0.000000 
7.10 	 0.000000 
7.11 	 0.000000 
7.12 	 0.000000 
7.13 	 0.000000 
7.14 	 0.000000 
7.15 	 0.000000 
7.16 	 0.000000 
7.17 	 0.000000 
7.18 	 0.000000 
7.19 	 0.000000 
7.20 	 0.000000 
7.21 	 0.000000 
7.22 	 0.000000 
7.23 	 0.000000 
7.24 	 0.000000 
7.25 	 0.000000 
7.26 	 0.000000 
7.27 	 0.000000 
7.28 	 0.000000 
7.29 	 0.000000 
7.30 	 0.000000 
7.31 	 0.000000 
7.32 	 0.000000 
7.33 	 0.000000 
7.34 	 0.000000 
7.35 	 0.000000 
7.36 	 0.000000 
7.37 	 0.000000 
7.38 	 0.000000 
7.39 	 0.000000 
7.40 	 0.000000 
7.41 	 0.000000 
7.42 	 0.000000 
7.43 	 0.000000 
7.44 	 0.000000 
7.45 	 0.000000 
7.46 	 0.000000 
7.47 	 0.000000 
7.48 	 0.000000 
7.49 	 0.000000 
7.50 	 0.000000 
7.51 	 0.000000 
7.52 	 0.000000 
7.53 	 0.000000 
7.54 	 0.000000 
7.55 	 0.000000 
7.56 	 0.000000 
7.57 	 0.000000 
7.58 	 0.000000 
7.59 	 0.000000 
7.60 	 0.000000 
7.61 	 0.000000 
7.62 	 0.000000 
7.63 	 0.000000 
7.64 	 0.000000 
7.65 	 0.000000 
7.66 	 0.000000 
7.67 	 0.000000 
7.68 	 0.000000 
7.69 	 0.000000 
7.70 	 0.000000 
7.71 	 0.000000 
7.72 	 0.000000 
7.73 	 0.000000 
7.74 	 0.000000 
7.75 	 0.000000 
7.76 	 0.000000 
7.77 	 0.000000 
7.78 	 0.000000 
7.79 	 0.000000 
7.80 	 0.000000 
7.81 	 0.000000 
7.82 	 0.000000 
7.83 	 0.000000 
7.84 	 0.000000 
7.85 	 0.000000 
7.86 	 0.000000 
7.87 	 0.000000 
7.88 	 0.000000 
7.89 	 0.000000 
7.90 	 0.000000 
7.91 	 0.000000 
7.92 	 0.000000 
7.93 	 0.000000 
7.94 	 0.000000 
7.95 	 0.000000 
7.96 	 0.000000 
7.97 	 0.000000 
7.98 	 0.000000 
7.99 	 0.000000 
8.00 	 0.000000 
8.01 	 0.000000 
8.02 	 0.000000 
8.03 	 0.000000 
8.04 	 0.000000 
8.05 	 0.000000 
8.06 	 0.000000 
8.07 	 0.000000 
8.08 	 0.000000 
8.09 	 0.000000 
8.10 	 0.000000 
8.11 	 0.000000 
8.12 	 0.000000 
8.13 	 0.000000 
8.14 	 0.000000 
8.15 	 0.000000 
8.16 	 0.000000 
8.17 	 0.000000 
8.18 	 0.000000 
8.19 	 0.000000 
8.20 	 0.000000 
8.21 	 0.000000 
8.22 	 0.000000 
8.23 	 0.000000 
8.24 	 0.000000 
8.25 	 0.000000 
8.26 	 0.000000 
8.27 	 0.000000 
8.28 	 0.000000 
8.29 	 0.000000 
8.30 	 0.000000 
8.31 	 0.000000 
8.32 	 0.000000 
8.33 	 0.000000 
8.34 	 0.000000 
8.35 	 0.000000 
8.36 	 0.000000 
8.37 	 0.000000 
8.38 	 0.000000 
8.39 	 0.000000 
8.40 	 0.000000 
8.41 	 0.000000 
8.42 	 0.000000 
8.43 	 0.000000 
8.44 	 0.000000 
8.45 	 0.000000 
8.46 	 0.000000 
8.47 	 0.000000 
8.48 	 0.000000 
8.49 	 0.000000 
8.50 	 0.000000 
8.51 	 0.000000 
8.52 	 0.000000 
8.53 	 0.000000 
8.54 	 0.000000 
8.55 	 0.000000 
8.56 	 0.000000 
8.57 	 0.000000 
8.58 	 0.000000 
8.59 	 0.000000 
8.60 	 0.000000 
8.61 	 0.000000 
8.62 	 0.000000 
8.63 	 0.000000 
8.64 	 0.000000 
8.65 	 0.000000 
8.66 	 0.000000 
8.67 	 0.000000 
8.68 	 0.000000 
8.69 	 0.000000 
8.70 	 0.000000 
8.71 	 0.000000 
8.72 	 0.000000 
8.73 	 0.000000 
8.74 	 0.000000 
8.75 	 0.000000 
8.76 	 0.000000 
8.77 	 0.000000 
8.78 	 0.000000 
8.79 	 0.000000 
8.80 	 0.000000 
8.81 	 0.000000 
8.82 	 0.000000 
8.83 	 0.000000 
8.84 	 0.000000 
8.85 	 0.000000 
8.86 	 0.000000 
8.87 	 0.000000 
8.88 	 0.000000 
8.89 	 0.000000 
8.90 	 0.000000 
8.91 	 0.000000 
8.92 	 0.000000 
8.93 	 0.000000 
8.94 	 0.000000 
8.95 	 0.000000 
8.96 	 0.000000 
8.97 	 0.000000 
8.98 	 0.000000 
8.99 	 0.000000 
9.00 	 0.000000 
9.01 	 0.000000 
9.02 	 0.000000 
9.03 	 0.000000 
9.04 	 0.000000 
9.05 	 0.000000 
9.06 	 0.000000 
9.07 	 0.000000 
9.08 	 0.000000 
9.09 	 0.000000 
9.10 	 0.000000 
9.11 	 0.000000 
9.12 	 0.000000 
9.13 	 0.000000 
9.14 	 0.000000 
9.15 	 0.000000 
9.16 	 0.000000 
9.17 	 0.000000 
9.18 	 0.000000 
9.19 	 0.000000 
9.20 	 0.000000 
9.21 	 0.000000 
9.22 	 0.000000 
9.23 	 0.000000 
9.24 	 0.000000 
9.25 	 0.000000 
9.26 	 0.000000 
9.27 	 0.000000 
9.28 	 0.000000 
9.29 	 0.000000 
9.30 	 0.000000 
9.31 	 0.000000 
9.32 	 0.000000 
9.33 	 0.000000 
9.34 	 0.000000 
9.35 	 0.000000 
9.36 	 0.000000 
9.37 	 0.000000 
9.38 	 0.000000 
9.39 	 0.000000 
9.40 	 0.000000 
9.41 	 0.000000 
9.42 	 0.000000 
9.43 	 0.000000 
9.44 	 0.000000 
9.45 	 0.000000 
9.46 	 0.000000 
9.47 	 0.000000 
9.48 	 0.000000 
9.49 	 0.000000 
9.50 	 0.000000 
9.51 	 0.000000 
9.52 	 0.000000 
9.53 	 0.000000 
9.54 	 0.000000 
9.55 	 0.000000 
9.56 	 0.000000 
9.57 	 0.000000 
9.58 	 0.000000 
9.59 	 0.000000 
9.60 	 0.000000 
9.61 	 0.000000 
9.62 	 0.000000 
9.63 	 0.000000 
9.64 	 0.000000 
9.65 	 0.000000 
9.66 	 0.000000 
9.67 	 0.000000 
9.68 	 0.000000 
9.69 	 0.000000 
9.70 	 0.000000 
9.71 	 0.000000 
9.72 	 0.000000 
9.73 	 0.000000 
9.74 	 0.000000 
9.75 	 0.000000 
9.76 	 0.000000 
9.77 	 0.000000 
9.78 	 0.000000 
9.79 	 0.000000 
9.80 	 0.000000 
9.81 	 0.000000 
9.82 	 0.000000 
9.83 	 0.000000 
9.84 	 0.000000 
9.85 	 0.000000 
9.86 	 0.000000 
9.87 	 0.000000 
9.88 	 0.000000 
9.89 	 0.000000 
9.90 	 0.000000 
9.91 	 0.000000 
9.92 	 0.000000 
9.93 	 0.000000 
9.94 	 0.000000 
9.95 	 0.000000 
9.96 	 0.000000 
9.97 	 0.000000 
9.98 	 0.000000 
9.99 	 0.000000 
10.00 	 0.000000 
10.02 	 0.010000 
10.03 	 0.010706 
10.04 	 0.011461 
10.05 	 0.012270 
10.06 	 0.013136 
10.07 	 0.014063 
10.08 	 0.015056 
10.09 	 0.016118 
10.10 	 0.017256 
10.11 	 0.018473 
10.12 	 0.019777 
10.13 	 0.021172 
10.14 	 0.022666 
10.15 	 0.024266 
10.16 	 0.025978 
10.17 	 0.027810 
10.18 	 0.029772 
10.19 	 0.031872 
10.20 	 0.034120 
10.21 	 0.036527 
10.22 	 0.039102 
10.23 	 0.041860 
10.24 	 0.044811 
10.25 	 0.047969 
10.26 	 0.051350 
10.27 	 0.054967 
10.28 	 0.058839 
10.29 	 0.062982 
10.30 	 0.067416 
10.31 	 0.072160 
10.32 	 0.077235 
10.33 	 0.082664 
10.34 	 0.088472 
10.35 	 0.094684 
10.36 	 0.101326 
10.37 	 0.108429 
10.38 	 0.116022 
10.39 	 0.124137 
10.40 	 0.132808 
10.41 	 0.142071 
10.42 	 0.151963 
10.43 	 0.162523 
10.44 	 0.173792 
10.45 	 0.185811 
10.46 	 0.198625 
10.47 	 0.212276 
10.48 	 0.226812 
10.49 	 0.242276 
10.50 	 0.258714 
10.51 	 0.276170 
10.52 	 0.294689 
10.53 	 0.314309 
10.54 	 0.335070 
10.55 	 0.357002 
10.56 	 0.380135 
10.57 	 0.404488 
10.58 	 0.430073 
10.59 	 0.456892 
10.60 	 0.484936 
10.61 	 0.514184 
10.62 	 0.544601 
10.63 	 0.576137 
10.64 	 0.608727 
10.65 	 0.642293 
10.66 	 0.676740 
10.67 	 0.711962 
10.68 	 0.747841 
10.69 	 0.784247 
10.70 	 0.821044 
10.71 	 0.858093 
10.72 	 0.895250 
10.73 	 0.932376 
10.74 	 0.969334 
10.75 	 1.005992 
10.76 	 1.042231 
10.77 	 1.077938 
10.78 	 1.113015 
10.79 	 1.147373 
10.80 	 1.180940 
10.81 	 1.213652 
10.82 	 1.245460 
10.83 	 1.276327 
10.84 	 1.306225 
10.85 	 1.335137 
10.86 	 1.363053 
10.87 	 1.389973 
10.88 	 1.415902 
10.89 	 1.440851 
10.90 	 1.464836 
10.91 	 1.487878 
10.92 	 1.509997 
10.93 	 1.531221 
10.94 	 1.551575 
10.95 	 1.571089 
10.96 	 1.589790 
10.97 	 1.607709 
10.98 	 1.624875 
10.99 	 1.641318 
11.00 	 1.657067 
11.01 	 1.672150 
11.02 	 1.686595 
11.03 	 1.700430 
11.04 	 1.713682 
11.05 	 1.726375 
11.06 	 1.738535 
11.07 	 1.750184 
11.08 	 1.761347 
11.09 	 1.772044 
11.10 	 1.782298 
11.11 	 1.792126 
11.12 	 1.801550 
11.13 	 1.810587 
11.14 	 1.819254 
11.15 	 1.827568 
11.16 	 1.835544 
11.17 	 1.843199 
11.18 	 1.850546 
11.19 	 1.857599 
11.20 	 1.864371 
11.21 	 1.870874 
11.22 	 1.877120 
11.23 	 1.883120 
11.24 	 1.888885 
11.25 	 1.894425 
11.26 	 1.899750 
11.27 	 1.904869 
11.28 	 1.909790 
11.29 	 1.914523 
11.30 	 1.919075 
11.31 	 1.923453 
11.32 	 1.927665 
11.33 	 1.931718 
11.34 	 1.935619 
11.35 	 1.939373 
11.36 	 1.942986 
11.37 	 1.946465 
11.38 	 1.949814 
11.39 	 1.953040 
11.40 	 1.956146 
11.41 	 1.959139 
11.42 	 1.962021 
11.43 	 1.964798 
11.44 	 1.967474 
11.45 	 1.970052 
11.46 	 1.972537 
11.47 	 1.974932 
11.48 	 1.977240 
11.49 	 1.979466 
11.50 	 1.981611 
11.51 	 1.983680 
11.52 	 1.985674 
11.53 	 1.987598 
11.54 	 1.989453 
11.55 	 1.991242 
11.56 	 1.992968 
11.57 	 1.994633 
11.58 	 1.996239 
11.59 	 1.997789 
11.60 	 1.999284 
11.61 	 2.000726 
11.62 	 2.002118 
11.63 	 2.003462 
11.64 	 2.004758 
11.65 	 2.006009 
11.66 	 2.007217 
11.67 	 2.008382 
11.68 	 2.009508 
11.69 	 2.010594 
11.70 	 2.011642 
11.71 	 2.012655 
11.72 	 2.013632 
11.73 	 2.014576 
11.74 	 2.015487 
11.75 	 2.016367 
11.76 	 2.017216 
11.77 	 2.018037 
11.78 	 2.018829 
11.79 	 2.019594 
11.80 	 2.020333 
11.81 	 2.021046 
11.82 	 2.021736 
11.83 	 2.022401 
11.84 	 2.023045 
11.85 	 2.023666 
11.86 	 2.024266 
11.87 	 2.024845 
11.88 	 2.025405 
11.89 	 2.025946 
11.90 	 2.026468 
11.91 	 2.026973 
11.92 	 2.027461 
11.93 	 2.027932 
11.94 	 2.028387 
11.95 	 2.028827 
11.96 	 2.029252 
11.97 	 2.029662 
11.98 	 2.030059 
11.99 	 2.030442 
12.00 	 2.030813 
12.01 	 2.031170 
12.02 	 2.031516 
12.03 	 2.031850 
12.04 	 2.032173 
12.05 	 2.032485 
12.06 	 2.032787 
12.07 	 2.033078 
12.08 	 2.033360 
12.09 	 2.033632 
12.10 	 2.033895 
12.11 	 2.034149 
12.12 	 2.034395 
12.13 	 2.034632 
12.14 	 2.034861 
12.15 	 2.035083 
12.16 	 2.035297 
12.17 	 2.035504 
12.18 	 2.035705 
12.19 	 2.035898 
12.20 	 2.036085 
12.21 	 2.036266 
12.22 	 2.036440 
12.23 	 2.036609 
12.24 	 2.036772 
12.25 	 2.036930 
12.26 	 2.037082 
12.27 	 2.037230 
12.28 	 2.037372 
12.29 	 2.037510 
12.30 	 2.037643 
12.31 	 2.037771 
12.32 	 2.037896 
12.33 	 2.038016 
12.34 	 2.038132 
12.35 	 2.038244 
12.36 	 2.038353 
12.37 	 2.038458 
12.38 	 2.038559 
12.39 	 2.038657 
12.40 	 2.038752 
12.41 	 2.038843 
12.42 	 2.038932 
12.43 	 2.039017 
12.44 	 2.039100 
12.45 	 2.039180 
12.46 	 2.039257 
12.47 	 2.039332 
12.48 	 2.039404 
12.49 	 2.039474 
12.50 	 2.039541 
12.51 	 2.039607 
12.52 	 2.039670 
12.53 	 2.039731 
12.54 	 2.039790 
12.55 	 2.039847 
12.56 	 2.039902 
12.57 	 2.039955 
12.58 	 2.040006 
12.59 	 2.040056 
12.60 	 2.040104 
12.61 	 2.040151 
12.62 	 2.040196 
12.63 	 2.040239 
12.64 	 2.040281 
12.65 	 2.040322 
12.66 	 2.040361 
12.67 	 2.040399 
12.68 	 2.040435 
12.69 	 2.040471 
12.70 	 2.040505 
12.71 	 2.040538 
12.72 	 2.040570 
12.73 	 2.040601 
12.74 	 2.040631 
12.75 	 2.040660 
12.76 	 2.040688 
12.77 	 2.040715 
12.78 	 2.040741 
12.79 	 2.040767 
12.80 	 2.040791 
12.81 	 2.040815 
12.82 	 2.040838 
12.83 	 2.040860 
12.84 	 2.040881 
12.85 	 2.040902 
12.86 	 2.040921 
12.87 	 2.040941 
12.88 	 2.040959 
12.89 	 2.040977 
12.90 	 2.040995 
12.91 	 2.041012 
12.92 	 2.041028 
12.93 	 2.041044 
12.94 	 2.041059 
12.95 	 2.041074 
12.96 	 2.041088 
12.97 	 2.041102 
12.98 	 2.041115 
12.99 	 2.041128 
13.00 	 2.041140 
13.01 	 2.041152 
13.02 	 2.041164 
13.03 	 2.041175 
13.04 	 2.041186 
13.05 	 2.041196 
13.06 	 2.041206 
13.07 	 2.041216 
13.08 	 2.041226 
13.09 	 2.041235 
13.10 	 2.041244 
13.11 	 2.041252 
13.12 	 2.041261 
13.13 	 2.041269 
13.14 	 2.041276 
13.15 	 2.041284 
13.16 	 2.041291 
13.17 	 2.041298 
13.18 	 2.041305 
13.19 	 2.041311 
13.20 	 2.041318 
13.21 	 2.041324 
13.22 	 2.041330 
13.23 	 2.041335 
13.24 	 2.041341 
13.25 	 2.041346 
13.26 	 2.041351 
13.27 	 2.041356 
13.28 	 2.041361 
13.29 	 2.041366 
13.30 	 2.041370 
13.31 	 2.041375 
13.32 	 2.041379 
13.33 	 2.041383 
13.34 	 2.041387 
13.35 	 2.041391 
13.36 	 2.041394 
13.37 	 2.041398 
13.38 	 2.041401 
13.39 	 2.041405 
13.40 	 2.041408 
13.41 	 2.041411 
13.42 	 2.041414 
13.43 	 2.041417 
13.44 	 2.041420 
13.45 	 2.041422 
13.46 	 2.041425 
13.47 	 2.041428 
13.48 	 2.041430 
13.49 	 2.041432 
13.50 	 2.041435 
13.51 	 2.041437 
13.52 	 2.041439 
13.53 	 2.041441 
13.54 	 2.041443 
13.55 	 2.041445 
13.56 	 2.041447 
13.57 	 2.041449 
13.58 	 2.041451 
13.59 	 2.041452 
13.60 	 2.041454 
13.61 	 2.041455 
13.62 	 2.041457 
13.63 	 2.041458 
13.64 	 2.041460 
13.65 	 2.041461 
13.66 	 2.041463 
13.67 	 2.041464 
13.68 	 2.041465 
13.69 	 2.041466 
13.70 	 2.041467 
13.71 	 2.041469 
13.72 	 2.041470 
13.73 	 2.041471 
13.74 	 2.041472 
13.75 	 2.041473 
13.76 	 2.041474 
13.77 	 2.041475 
13.78 	 2.041475 
13.79 	 2.041476 
13.80 	 2.041477 
13.81 	 2.041478 
13.82 	 2.041479 
13.83 	 2.041480 
13.84 	 2.041480 
13.85 	 2.041481 
13.86 	 2.041482 
13.87 	 2.041482 
13.88 	 2.041483 
13.89 	 2.041484 
13.90 	 2.041484 
13.91 	 2.041485 
13.92 	 2.041485 
13.93 	 2.041486 
13.94 	 2.041486 
13.95 	 2.041487 
13.96 	 2.041487 
13.97 	 2.041488 
13.98 	 2.041488 
13.99 	 2.041489 
14.00 	 2.041489 
14.01 	 2.041489 
14.02 	 2.041490 
14.03 	 2.041490 
14.04 	 2.041491 
14.05 	 2.041491 
14.06 	 2.041491 
14.07 	 2.041492 
14.08 	 2.041492 
14.09 	 2.041492 
14.10 	 2.041493 
14.11 	 2.041493 
14.12 	 2.041493 
14.13 	 2.041493 
14.14 	 2.041494 
14.15 	 2.041494 
14.16 	 2.041494 
14.17 	 2.041494 
14.18 	 2.041495 
14.19 	 2.041495 
14.20 	 2.041495 
14.21 	 2.041495 
14.22 	 2.041495 
14.23 	 2.041496 
14.24 	 2.041496 
14.25 	 2.041496 
14.26 	 2.041496 
14.27 	 2.041496 
14.28 	 2.041497 
14.29 	 2.041497 
14.30 	 2.041497 
14.31 	 2.041497 
14.32 	 2.041497 
14.33 	 2.041497 
14.34 	 2.041497 
14.35 	 2.041498 
14.36 	 2.041498 
14.37 	 2.041498 
14.38 	 2.041498 
14.39 	 2.041498 
14.40 	 2.041498 
14.41 	 2.041498 
14.42 	 2.041498 
14.43 	 2.041498 
14.44 	 2.041499 
14.45 	 2.041499 
14.46 	 2.041499 
14.47 	 2.041499 
14.48 	 2.041499 
14.49 	 2.041499 
14.50 	 2.041499 
14.51 	 2.041499 
14.52 	 2.041499 
14.53 	 2.041499 
14.54 	 2.041499 
14.55 	 2.041499 
14.56 	 2.041499 
14.57 	 2.041500 
14.58 	 2.041500 
14.59 	 2.041500 
14.60 	 2.041500 
14.61 	 2.041500 
14.62 	 2.041500 
14.63 	 2.041500 
14.64 	 2.041500 
14.65 	 2.041500 
14.66 	 2.041500 
14.67 	 2.041500 
14.68 	 2.041500 
14.69 	 2.041500 
14.70 	 2.041500 
14.71 	 2.041500 
14.72 	 2.041500 
14.73 	 2.041500 
14.74 	 2.041500 
14.75 	 2.041500 
14.76 	 2.041500 
14.77 	 2.041500 
14.78 	 2.041500 
14.79 	 2.041500 
14.80 	 2.041501 
14.81 	 2.041501 
14.82 	 2.041501 
14.83 	 2.041501 
14.84 	 2.041501 
14.85 	 2.041501 
14.86 	 2.041501 
14.87 	 2.041501 
14.88 	 2.041501 
14.89 	 2.041501 
14.90 	 2.041501 
14.91 	 2.041501 
14.92 	 2.041501 
14.93 	 2.041501 
14.94 	 2.041501 
14.95 	 2.041501 
14.96 	 2.041501 
14.97 	 2.041501 
14.98 	 2.041501 
14.99 	 2.041501 
15.00 	 2.041501 
15.01 	 2.041501 
15.02 	 2.041501 
15.03 	 2.041501 
15.04 	 2.041501 
15.05 	 2.041501 
15.06 	 2.041501 
15.07 	 2.041501 
15.08 	 2.041501 
15.09 	 2.041501 
15.10 	 2.041501 
15.11 	 2.041501 
15.12 	 2.041501 
15.13 	 2.041501 
15.14 	 2.041501 
15.15 	 2.041501 
15.16 	 2.041501 
15.17 	 2.041501 
15.18 	 2.041501 
15.19 	 2.041501 
15.20 	 2.041501 
15.21 	 2.041501 
15.22 	 2.041501 
15.23 	 2.041501 
15.24 	 2.041501 
15.25 	 2.041501 
15.26 	 2.041501 
15.27 	 2.041501 
15.28 	 2.041501 
15.29 	 2.041501 
15.30 	 2.041501 
15.31 	 2.041501 
15.32 	 2.041501 
15.33 	 2.041501 
15.34 	 2.041501 
15.35 	 2.041501 
15.36 	 2.041501 
15.37 	 2.041501 
15.38 	 2.041501 
15.39 	 2.041501 
15.40 	 2.041501 
15.41 	 2.041501 
15.42 	 2.041501 
15.43 	 2.041501 
15.44 	 2.041501 
15.45 	 2.041501 
15.46 	 2.041501 
15.47 	 2.041501 
15.48 	 2.041501 
15.49 	 2.041501 
15.50 	 2.041501 
15.51 	 2.041501 
15.52 	 2.041501 
15.53 	 2.041501 
15.54 	 2.041501 
15.55 	 2.041501 
15.56 	 2.041501 
15.57 	 2.041501 
15.58 	 2.041501 
15.59 	 2.041501 
15.60 	 2.041501 
15.61 	 2.041501 
15.62 	 2.041501 
15.63 	 2.041501 
15.64 	 2.041501 
15.65 	 2.041501 
15.66 	 2.041501 
15.67 	 2.041501 
15.68 	 2.041501 
15.69 	 2.041501 
15.70 	 2.041501 
15.71 	 2.041501 
15.72 	 2.041501 
15.73 	 2.041501 
15.74 	 2.041501 
15.75 	 2.041501 
15.76 	 2.041501 
15.77 	 2.041501 
15.78 	 2.041501 
15.79 	 2.041501 
15.80 	 2.041501 
15.81 	 2.041501 
15.82 	 2.041501 
15.83 	 2.041501 
15.84 	 2.041501 
15.85 	 2.041501 
15.86 	 2.041501 
15.87 	 2.041501 
15.88 	 2.041501 
15.89 	 2.041501 
15.90 	 2.041501 
15.91 	 2.041501 
15.92 	 2.041501 
15.93 	 2.041501 
15.94 	 2.041501 
15.95 	 2.041501 
15.96 	 2.041501 
15.97 	 2.041501 
15.98 	 2.041501 
15.99 	 2.041501 
16.00 	 2.041501 
16.01 	 2.041501 
16.02 	 2.041501 
16.03 	 2.041501 
16.04 	 2.041501 
16.05 	 2.041501 
16.06 	 2.041501 
16.07 	 2.041501 
16.08 	 2.041501 
16.09 	 2.041501 
16.10 	 2.041501 
16.11 	 2.041501 
16.12 	 2.041501 
16.13 	 2.041501 
16.14 	 2.041501 
16.15 	 2.041501 
16.16 	 2.041501 
16.17 	 2.041501 
16.18 	 2.041501 
16.19 	 2.041501 
16.20 	 2.041501 
16.21 	 2.041501 
16.22 	 2.041501 
16.23 	 2.041501 
16.24 	 2.041501 
16.25 	 2.041501 
16.26 	 2.041501 
16.27 	 2.041501 
16.28 	 2.041501 
16.29 	 2.041501 
16.30 	 2.041501 
16.31 	 2.041501 
16.32 	 2.041501 
16.33 	 2.041501 
16.34 	 2.041501 
16.35 	 2.041501 
16.36 	 2.041501 
16.37 	 2.041501 
16.38 	 2.041501 
16.39 	 2.041501 
16.40 	 2.041501 
16.41 	 2.041501 
16.42 	 2.041501 
16.43 	 2.041501 
16.44 	 2.041501 
16.45 	 2.041501 
16.46 	 2.041501 
16.47 	 2.041501 
16.48 	 2.041501 
16.49 	 2.041501 
16.50 	 2.041501 
16.51 	 2.041501 
16.52 	 2.041501 
16.53 	 2.041501 
16.54 	 2.041501 
16.55 	 2.041501 
16.56 	 2.041501 
16.57 	 2.041501 
16.58 	 2.041501 
16.59 	 2.041501 
16.60 	 2.041501 
16.61 	 2.041501 
16.62 	 2.041501 
16.63 	 2.041501 
16.64 	 2.041501 
16.65 	 2.041501 
16.66 	 2.041501 
16.67 	 2.041501 
16.68 	 2.041501 
16.69 	 2.041501 
16.70 	 2.041501 
16.71 	 2.041501 
16.72 	 2.041501 
16.73 	 2.041501 
16.74 	 2.041501 
16.75 	 2.041501 
16.76 	 2.041501 
16.77 	 2.041501 
16.78 	 2.041501 
16.79 	 2.041501 
16.80 	 2.041501 
16.81 	 2.041501 
16.82 	 2.041501 
16.83 	 2.041501 
16.84 	 2.041501 
16.85 	 2.041501 
16.86 	 2.041501 
16.87 	 2.041501 
16.88 	 2.041501 
16.89 	 2.041501 
16.90 	 2.041501 
16.91 	 2.041501 
16.92 	 2.041501 
16.93 	 2.041501 
16.94 	 2.041501 
16.95 	 2.041501 
16.96 	 2.041501 
16.97 	 2.041501 
16.98 	 2.041501 
16.99 	 2.041501 
17.00 	 2.041501 
17.01 	 2.041501 
17.02 	 2.041501 
17.03 	 2.041501 
17.04 	 2.041501 
17.05 	 2.041501 
17.06 	 2.041501 
17.07 	 2.041501 
17.08 	 2.041501 
17.09 	 2.041501 
17.10 	 2.041501 
17.11 	 2.041501 
17.12 	 2.041501 
17.13 	 2.041501 
17.14 	 2.041501 
17.15 	 2.041501 
17.16 	 2.041501 
17.17 	 2.041501 
17.18 	 2.041501 
17.19 	 2.041501 
17.20 	 2.041501 
17.21 	 2.041501 
17.22 	 2.041501 
17.23 	 2.041501 
17.24 	 2.041501 
17.25 	 2.041501 
17.26 	 2.041501 
17.27 	 2.041501 
17.28 	 2.041501 
17.29 	 2.041501 
17.30 	 2.041501 
17.31 	 2.041501 
17.32 	 2.041501 
17.33 	 2.041501 
17.34 	 2.041501 
17.35 	 2.041501 
17.36 	 2.041501 
17.37 	 2.041501 
17.38 	 2.041501 
17.39 	 2.041501 
17.40 	 2.041501 
17.41 	 2.041501 
17.42 	 2.041501 
17.43 	 2.041501 
17.44 	 2.041501 
17.45 	 2.041501 
17.46 	 2.041501 
17.47 	 2.041501 
17.48 	 2.041501 
17.49 	 2.041501 
17.50 	 2.041501 
17.51 	 2.041501 
17.52 	 2.041501 
17.53 	 2.041501 
17.54 	 2.041501 
17.55 	 2.041501 
17.56 	 2.041501 
17.57 	 2.041501 
17.58 	 2.041501 
17.59 	 2.041501 
17.60 	 2.041501 
17.61 	 2.041501 
17.62 	 2.041501 
17.63 	 2.041501 
17.64 	 2.041501 
17.65 	 2.041501 
17.66 	 2.041501 
17.67 	 2.041501 
17.68 	 2.041501 
17.69 	 2.041501 
17.70 	 2.041501 
17.71 	 2.041501 
17.72 	 2.041501 
17.73 	 2.041501 
17.74 	 2.041501 
17.75 	 2.041501 
17.76 	 2.041501 
17.77 	 2.041501 
17.78 	 2.041501 
17.79 	 2.041501 
17.80 	 2.041501 
17.81 	 2.041501 
17.82 	 2.041501 
17.83 	 2.041501 
17.84 	 2.041501 
17.85 	 2.041501 
17.86 	 2.041501 
17.87 	 2.041501 
17.88 	 2.041501 
17.89 	 2.041501 
17.90 	 2.041501 
17.91 	 2.041501 
17.92 	 2.041501 
17.93 	 2.041501 
17.94 	 2.041501 
17.95 	 2.041501 
17.96 	 2.041501 
17.97 	 2.041501 
17.98 	 2.041501 
17.99 	 2.041501 
18.00 	 2.041501 
18.01 	 2.041501 
18.02 	 2.041501 
18.03 	 2.041501 
18.04 	 2.041501 
18.05 	 2.041501 
18.06 	 2.041501 
18.07 	 2.041501 
18.08 	 2.041501 
18.09 	 2.041501 
18.10 	 2.041501 
18.11 	 2.041501 
18.12 	 2.041501 
18.13 	 2.041501 
18.14 	 2.041501 
18.15 	 2.041501 
18.16 	 2.041501 
18.17 	 2.041501 
18.18 	 2.041501 
18.19 	 2.041501 
18.20 	 2.041501 
18.21 	 2.041501 
18.22 	 2.041501 
18.23 	 2.041501 
18.24 	 2.041501 
18.25 	 2.041501 
18.26 	 2.041501 
18.27 	 2.041501 
18.28 	 2.041501 
18.29 	 2.041501 
18.30 	 2.041501 
18.31 	 2.041501 
18.32 	 2.041501 
18.33 	 2.041501 
18.34 	 2.041501 
18.35 	 2.041501 
18.36 	 2.041501 
18.37 	 2.041501 
18.38 	 2.041501 
18.39 	 2.041501 
18.40 	 2.041501 
18.41 	 2.041501 
18.42 	 2.041501 
18.43 	 2.041501 
18.44 	 2.041501 
18.45 	 2.041501 
18.46 	 2.041501 
18.47 	 2.041501 
18.48 	 2.041501 
18.49 	 2.041501 
18.50 	 2.041501 
18.51 	 2.041501 
18.52 	 2.041501 
18.53 	 2.041501 
18.54 	 2.041501 
18.55 	 2.041501 
18.56 	 2.041501 
18.57 	 2.041501 
18.58 	 2.041501 
18.59 	 2.041501 
18.60 	 2.041501 
18.61 	 2.041501 
18.62 	 2.041501 
18.63 	 2.041501 
18.64 	 2.041501 
18.65 	 2.041501 
18.66 	 2.041501 
18.67 	 2.041501 
18.68 	 2.041501 
18.69 	 2.041501 
18.70 	 2.041501 
18.71 	 2.041501 
18.72 	 2.041501 
18.73 	 2.041501 
18.74 	 2.041501 
18.75 	 2.041501 
18.76 	 2.041501 
18.77 	 2.041501 
18.78 	 2.041501 
18.79 	 2.041501 
18.80 	 2.041501 
18.81 	 2.041501 
18.82 	 2.041501 
18.83 	 2.041501 
18.84 	 2.041501 
18.85 	 2.041501 
18.86 	 2.041501 
18.87 	 2.041501 
18.88 	 2.041501 
18.89 	 2.041501 
18.90 	 2.041501 
18.91 	 2.041501 
18.92 	 2.041501 
18.93 	 2.041501 
18.94 	 2.041501 
18.95 	 2.041501 
18.96 	 2.041501 
18.97 	 2.041501 
18.98 	 2.041501 
18.99 	 2.041501 
19.00 	 2.041501 
19.01 	 2.041501 
19.02 	 2.041501 
19.03 	 2.041501 
19.04 	 2.041501 
19.05 	 2.041501 
19.06 	 2.041501 
19.07 	 2.041501 
19.08 	 2.041501 
19.09 	 2.041501 
19.10 	 2.041501 
19.11 	 2.041501 
19.12 	 2.041501 
19.13 	 2.041501 
19.14 	 2.041501 
19.15 	 2.041501 
19.16 	 2.041501 
19.17 	 2.041501 
19.18 	 2.041501 
19.19 	 2.041501 
19.20 	 2.041501 
19.21 	 2.041501 
19.22 	 2.041501 
19.23 	 2.041501 
19.24 	 2.041501 
19.25 	 2.041501 
19.26 	 2.041501 
19.27 	 2.041501 
19.28 	 2.041501 
19.29 	 2.041501 
19.30 	 2.041501 
19.31 	 2.041501 
19.32 	 2.041501 
19.33 	 2.041501 
19.34 	 2.041501 
19.35 	 2.041501 
19.36 	 2.041501 
19.37 	 2.041501 
19.38 	 2.041501 
19.39 	 2.041501 
19.40 	 2.041501 
19.41 	 2.041501 
19.42 	 2.041501 
19.43 	 2.041501 
19.44 	 2.041501 
19.45 	 2.041501 
19.46 	 2.041501 
19.47 	 2.041501 
19.48 	 2.041501 
19.49 	 2.041501 
19.50 	 2.041501 
19.51 	 2.041501 
19.52 	 2.041501 
19.53 	 2.041501 
19.54 	 2.041501 
19.55 	 2.041501 
19.56 	 2.041501 
19.57 	 2.041501 
19.58 	 2.041501 
19.59 	 2.041501 
19.60 	 2.041501 
19.61 	 2.041501 
19.62 	 2.041501 
19.63 	 2.041501 
19.64 	 2.041501 
19.65 	 2.041501 
19.66 	 2.041501 
19.67 	 2.041501 
19.68 	 2.041501 
19.69 	 2.041501 
19.70 	 2.041501 
19.71 	 2.041501 
19.72 	 2.041501 
19.73 	 2.041501 
19.74 	 2.041501 
19.75 	 2.041501 
19.76 	 2.041501 
19.77 	 2.041501 
19.78 	 2.041501 
19.79 	 2.041501 
19.80 	 2.041501 
19.81 	 2.041501 
19.82 	 2.041501 
19.83 	 2.041501 
19.84 	 2.041501 
19.85 	 2.041501 
19.86 	 2.041501 
19.87 	 2.041501 
19.88 	 2.041501 
19.89 	 2.041501 
19.90 	 2.041501 
19.91 	 2.041501 
19.92 	 2.041501 
19.93 	 2.041501 
19.94 	 2.041501 
19.95 	 2.041501 
19.96 	 2.041501 
19.97 	 2.041501 
19.98 	 2.041501 
19.99 	 2.041501 
20.00 	 2.041501 
20.01 	 2.041501 
20.02 	 2.041501 
20.03 	 2.041501 
20.04 	 2.041501 
20.05 	 2.041501 
20.06 	 2.041501 
20.07 	 2.041501 
20.08 	 2.041501 
20.09 	 2.041501 
20.10 	 2.041501 
20.11 	 2.041501 
20.12 	 2.041501 
20.13 	 2.041501 
20.14 	 2.041501 
20.15 	 2.041501 
20.16 	 2.041501 
20.17 	 2.041501 
20.18 	 2.041501 
20.19 	 2.041501 
20.20 	 2.041501 
20.21 	 2.041501 
20.22 	 2.041501 
20.23 	 2.041501 
20.24 	 2.041501 
20.25 	 2.041501 
20.26 	 2.041501 
20.27 	 2.041501 
20.28 	 2.041501 
20.29 	 2.041501 
20.30 	 2.041501 
20.31 	 2.041501 
20.32 	 2.041501 
20.33 	 2.041501 
20.34 	 2.041501 
20.35 	 2.041501 
20.36 	 2.041501 
20.37 	 2.041501 
20.38 	 2.041501 
20.39 	 2.041501 
20.40 	 2.041501 
20.41 	 2.041501 
20.42 	 2.041501 
20.43 	 2.041501 
20.44 	 2.041501 
20.45 	 2.041501 
20.46 	 2.041501 
20.47 	 2.041501 
20.48 	 2.041501 
20.49 	 2.041501 
20.50 	 2.041501 
20.51 	 2.041501 
20.52 	 2.041501 
20.53 	 2.041501 
20.54 	 2.041501 
20.55 	 2.041501 
20.56 	 2.041501 
20.57 	 2.041501 
20.58 	 2.041501 
20.59 	 2.041501 
20.60 	 2.041501 
20.61 	 2.041501 
20.62 	 2.041501 
20.63 	 2.041501 
20.64 	 2.041501 
20.65 	 2.041501 
20.66 	 2.041501 
20.67 	 2.041501 
20.68 	 2.041501 
20.69 	 2.041501 
20.70 	 2.041501 
20.71 	 2.041501 
20.72 	 2.041501 
20.73 	 2.041501 
20.74 	 2.041501 
20.75 	 2.041501 
20.76 	 2.041501 
20.77 	 2.041501 
20.78 	 2.041501 
20.79 	 2.041501 
20.80 	 2.041501 
20.81 	 2.041501 
20.82 	 2.041501 
20.83 	 2.041501 
20.84 	 2.041501 
20.85 	 2.041501 
20.86 	 2.041501 
20.87 	 2.041501 
20.88 	 2.041501 
20.89 	 2.041501 
20.90 	 2.041501 
20.91 	 2.041501 
20.92 	 2.041501 
20.93 	 2.041501 
20.94 	 2.041501 
20.95 	 2.041501 
20.96 	 2.041501 
20.97 	 2.041501 
20.98 	 2.041501 
20.99 	 2.041501 
21.00 	 2.041501 
21.01 	 2.041501 
21.02 	 2.041501 
21.03 	 2.041501 
21.04 	 2.041501 
21.05 	 2.041501 
21.06 	 2.041501 
21.07 	 2.041501 
21.08 	 2.041501 
21.09 	 2.041501 
21.10 	 2.041501 
21.11 	 2.041501 
21.12 	 2.041501 
21.13 	 2.041501 
21.14 	 2.041501 
21.15 	 2.041501 
21.16 	 2.041501 
21.17 	 2.041501 
21.18 	 2.041501 
21.19 	 2.041501 
21.20 	 2.041501 
21.21 	 2.041501 
21.22 	 2.041501 
21.23 	 2.041501 
21.24 	 2.041501 
21.25 	 2.041501 
21.26 	 2.041501 
21.27 	 2.041501 
21.28 	 2.041501 
21.29 	 2.041501 
21.30 	 2.041501 
21.31 	 2.041501 
21.32 	 2.041501 
21.33 	 2.041501 
21.34 	 2.041501 
21.35 	 2.041501 
21.36 	 2.041501 
21.37 	 2.041501 
21.38 	 2.041501 
21.39 	 2.041501 
21.40 	 2.041501 
21.41 	 2.041501 
21.42 	 2.041501 
21.43 	 2.041501 
21.44 	 2.041501 
21.45 	 2.041501 
21.46 	 2.041501 
21.47 	 2.041501 
21.48 	 2.041501 
21.49 	 2.041501 
21.50 	 2.041501 
21.51 	 2.041501 
21.52 	 2.041501 
21.53 	 2.041501 
21.54 	 2.041501 
21.55 	 2.041501 
21.56 	 2.041501 
21.57 	 2.041501 
21.58 	 2.041501 
21.59 	 2.041501 
21.60 	 2.041501 
21.61 	 2.041501 
21.62 	 2.041501 
21.63 	 2.041501 
21.64 	 2.041501 
21.65 	 2.041501 
21.66 	 2.041501 
21.67 	 2.041501 
21.68 	 2.041501 
21.69 	 2.041501 
21.70 	 2.041501 
21.71 	 2.041501 
21.72 	 2.041501 
21.73 	 2.041501 
21.74 	 2.041501 
21.75 	 2.041501 
21.76 	 2.041501 
21.77 	 2.041501 
21.78 	 2.041501 
21.79 	 2.041501 
21.80 	 2.041501 
21.81 	 2.041501 
21.82 	 2.041501 
21.83 	 2.041501 
21.84 	 2.041501 
21.85 	 2.041501 
21.86 	 2.041501 
21.87 	 2.041501 
21.88 	 2.041501 
21.89 	 2.041501 
21.90 	 2.041501 
21.91 	 2.041501 
21.92 	 2.041501 
21.93 	 2.041501 
21.94 	 2.041501 
21.95 	 2.041501 
21.96 	 2.041501 
21.97 	 2.041501 
21.98 	 2.041501 
21.99 	 2.041501 
22.00 	 2.041501 
22.01 	 2.041501 
22.02 	 2.041501 
22.03 	 2.041501 
22.04 	 2.041501 
22.05 	 2.041501 
22.06 	 2.041501 
22.07 	 2.041501 
22.08 	 2.041501 
22.09 	 2.041501 
22.10 	 2.041501 
22.11 	 2.041501 
22.12 	 2.041501 
22.13 	 2.041501 
22.14 	 2.041501 
22.15 	 2.041501 
22.16 	 2.041501 
22.17 	 2.041501 
22.18 	 2.041501 
22.19 	 2.041501 
22.20 	 2.041501 
22.21 	 2.041501 
22.22 	 2.041501 
22.23 	 2.041501 
22.24 	 2.041501 
22.25 	 2.041501 
22.26 	 2.041501 
22.27 	 2.041501 
22.28 	 2.041501 
22.29 	 2.041501 
22.30 	 2.041501 
22.31 	 2.041501 
22.32 	 2.041501 
22.33 	 2.041501 
22.34 	 2.041501 
22.35 	 2.041501 
22.36 	 2.041501 
22.37 	 2.041501 
22.38 	 2.041501 
22.39 	 2.041501 
22.40 	 2.041501 
22.41 	 2.041501 
22.42 	 2.041501 
22.43 	 2.041501 
22.44 	 2.041501 
22.45 	 2.041501 
22.46 	 2.041501 
22.47 	 2.041501 
22.48 	 2.041501 
22.49 	 2.041501 
22.50 	 2.041501 
22.51 	 2.041501 
22.52 	 2.041501 
22.53 	 2.041501 
22.54 	 2.041501 
22.55 	 2.041501 
22.56 	 2.041501 
22.57 	 2.041501 
22.58 	 2.041501 
22.59 	 2.041501 
22.60 	 2.041501 
22.61 	 2.041501 
22.62 	 2.041501 
22.63 	 2.041501 
22.64 	 2.041501 
22.65 	 2.041501 
22.66 	 2.041501 
22.67 	 2.041501 
22.68 	 2.041501 
22.69 	 2.041501 
22.70 	 2.041501 
22.71 	 2.041501 
22.72 	 2.041501 
22.73 	 2.041501 
22.74 	 2.041501 
22.75 	 2.041501 
22.76 	 2.041501 
22.77 	 2.041501 
22.78 	 2.041501 
22.79 	 2.041501 
22.80 	 2.041501 
22.81 	 2.041501 
22.82 	 2.041501 
22.83 	 2.041501 
22.84 	 2.041501 
22.85 	 2.041501 
22.86 	 2.041501 
22.87 	 2.041501 
22.88 	 2.041501 
22.89 	 2.041501 
22.90 	 2.041501 
22.91 	 2.041501 
22.92 	 2.041501 
22.93 	 2.041501 
22.94 	 2.041501 
22.95 	 2.041501 
22.96 	 2.041501 
22.97 	 2.041501 
22.98 	 2.041501 
22.99 	 2.041501 
23.00 	 2.041501 
23.01 	 2.041501 
23.02 	 2.041501 
23.03 	 2.041501 
23.04 	 2.041501 
23.05 	 2.041501 
23.06 	 2.041501 
23.07 	 2.041501 
23.08 	 2.041501 
23.09 	 2.041501 
23.10 	 2.041501 
23.11 	 2.041501 
23.12 	 2.041501 
23.13 	 2.041501 
23.14 	 2.041501 
23.15 	 2.041501 
23.16 	 2.041501 
23.17 	 2.041501 
23.18 	 2.041501 
23.19 	 2.041501 
23.20 	 2.041501 
23.21 	 2.041501 
23.22 	 2.041501 
23.23 	 2.041501 
23.24 	 2.041501 
23.25 	 2.041501 
23.26 	 2.041501 
23.27 	 2.041501 
23.28 	 2.041501 
23.29 	 2.041501 
23.30 	 2.041501 
23.31 	 2.041501 
23.32 	 2.041501 
23.33 	 2.041501 
23.34 	 2.041501 
23.35 	 2.041501 
23.36 	 2.041501 
23.37 	 2.041501 
23.38 	 2.041501 
23.39 	 2.041501 
23.40 	 2.041501 
23.41 	 2.041501 
23.42 	 2.041501 
23.43 	 2.041501 
23.44 	 2.041501 
23.45 	 2.041501 
23.46 	 2.041501 
23.47 	 2.041501 
23.48 	 2.041501 
23.49 	 2.041501 
23.50 	 2.041501 
23.51 	 2.041501 
23.52 	 2.041501 
23.53 	 2.041501 
23.54 	 2.041501 
23.55 	 2.041501 
23.56 	 2.041501 
23.57 	 2.041501 
23.58 	 2.041501 
23.59 	 2.041501 
23.60 	 2.041501 
23.61 	 2.041501 
23.62 	 2.041501 
23.63 	 2.041501 
23.64 	 2.041501 
23.65 	 2.041501 
23.66 	 2.041501 
23.67 	 2.041501 
23.68 	 2.041501 
23.69 	 2.041501 
23.70 	 2.041501 
23.71 	 2.041501 
23.72 	 2.041501 
23.73 	 2.041501 
23.74 	 2.041501 
23.75 	 2.041501 
23.76 	 2.041501 
23.77 	 2.041501 
23.78 	 2.041501 
23.79 	 2.041501 
23.80 	 2.041501 
23.81 	 2.041501 
23.82 	 2.041501 
23.83 	 2.041501 
23.84 	 2.041501 
23.85 	 2.041501 
23.86 	 2.041501 
23.87 	 2.041501 
23.88 	 2.041501 
23.89 	 2.041501 
23.90 	 2.041501 
23.91 	 2.041501 
23.92 	 2.041501 
23.93 	 2.041501 
23.94 	 2.041501 
23.95 	 2.041501 
23.96 	 2.041501 
23.97 	 2.041501 
23.98 	 2.041501 
23.99 	 2.041501 
24.00 	 2.041501 
24.01 	 2.041501 
24.02 	 2.041501 
24.03 	 2.041501 
24.04 	 2.041501 
24.05 	 2.041501 
24.06 	 2.041501 
24.07 	 2.041501 
24.08 	 2.041501 
24.09 	 2.041501 
24.10 	 2.041501 
24.11 	 2.041501 
24.12 	 2.041501 
24.13 	 2.041501 
24.14 	 2.041501 
24.15 	 2.041501 
24.16 	 2.041501 
24.17 	 2.041501 
24.18 	 2.041501 
24.19 	 2.041501 
24.20 	 2.041501 
24.21 	 2.041501 
24.22 	 2.041501 
24.23 	 2.041501 
24.24 	 2.041501 
24.25 	 2.041501 
24.26 	 2.041501 
24.27 	 2.041501 
24.28 	 2.041501 
24.29 	 2.041501 
24.30 	 2.041501 
24.31 	 2.041501 
24.32 	 2.041501 
24.33 	 2.041501 
24.34 	 2.041501 
24.35 	 2.041501 
24.36 	 2.041501 
24.37 	 2.041501 
24.38 	 2.041501 
24.39 	 2.041501 
24.40 	 2.041501 
24.41 	 2.041501 
24.42 	 2.041501 
24.43 	 2.041501 
24.44 	 2.041501 
24.45 	 2.041501 
24.46 	 2.041501 
24.47 	 2.041501 
24.48 	 2.041501 
24.49 	 2.041501 
24.50 	 2.041501 
24.51 	 2.041501 
24.52 	 2.041501 
24.53 	 2.041501 
24.54 	 2.041501 
24.55 	 2.041501 
24.56 	 2.041501 
24.57 	 2.041501 
24.58 	 2.041501 
24.59 	 2.041501 
24.60 	 2.041501 
24.61 	 2.041501 
24.62 	 2.041501 
24.63 	 2.041501 
24.64 	 2.041501 
24.65 	 2.041501 
24.66 	 2.041501 
24.67 	 2.041501 
24.68 	 2.041501 
24.69 	 2.041501 
24.70 	 2.041501 
24.71 	 2.041501 
24.72 	 2.041501 
24.73 	 2.041501 
24.74 	 2.041501 
24.75 	 2.041501 
24.76 	 2.041501 
24.77 	 2.041501 
24.78 	 2.041501 
24.79 	 2.041501 
24.80 	 2.041501 
24.81 	 2.041501 
24.82 	 2.041501 
24.83 	 2.041501 
24.84 	 2.041501 
24.85 	 2.041501 
24.86 	 2.041501 
24.87 	 2.041501 
24.88 	 2.041501 
24.89 	 2.041501 
24.90 	 2.041501 
24.91 	 2.041501 
24.92 	 2.041501 
24.93 	 2.041501 
24.94 	 2.041501 
24.95 	 2.041501 
24.96 	 2.041501 
24.97 	 2.041501 
24.98 	 2.041501 
24.99 	 2.041501 
25.00 	 2.041501 
25.01 	 2.041501 
25.02 	 2.041501 
25.03 	 2.041501 
25.04 	 2.041501 
25.05 	 2.041501 
25.06 	 2.041501 
25.07 	 2.041501 
25.08 	 2.041501 
25.09 	 2.041501 
25.10 	 2.041501 
25.11 	 2.041501 
25.12 	 2.041501 
25.13 	 2.041501 
25.14 	 2.041501 
25.15 	 2.041501 
25.16 	 2.041501 
25.17 	 2.041501 
25.18 	 2.041501 
25.19 	 2.041501 
25.20 	 2.041501 
25.21 	 2.041501 
25.22 	 2.041501 
25.23 	 2.041501 
25.24 	 2.041501 
25.25 	 2.041501 
25.26 	 2.041501 
25.27 	 2.041501 
25.28 	 2.041501 
25.29 	 2.041501 
25.30 	 2.041501 
25.31 	 2.041501 
25.32 	 2.041501 
25.33 	 2.041501 
25.34 	 2.041501 
25.35 	 2.041501 
25.36 	 2.041501 
25.37 	 2.041501 
25.38 	 2.041501 
25.39 	 2.041501 
25.40 	 2.041501 
25.41 	 2.041501 
25.42 	 2.041501 
25.43 	 2.041501 
25.44 	 2.041501 
25.45 	 2.041501 
25.46 	 2.041501 
25.47 	 2.041501 
25.48 	 2.041501 
25.49 	 2.041501 
25.50 	 2.041501 
25.51 	 2.041501 
25.52 	 2.041501 
25.53 	 2.041501 
25.54 	 2.041501 
25.55 	 2.041501 
25.56 	 2.041501 
25.57 	 2.041501 
25.58 	 2.041501 
25.59 	 2.041501 
25.60 	 2.041501 
25.61 	 2.041501 
25.62 	 2.041501 
25.63 	 2.041501 
25.64 	 2.041501 
25.65 	 2.041501 
25.66 	 2.041501 
25.67 	 2.041501 
25.68 	 2.041501 
25.69 	 2.041501 
25.70 	 2.041501 
25.71 	 2.041501 
25.72 	 2.041501 
25.73 	 2.041501 
25.74 	 2.041501 
25.75 	 2.041501 
25.76 	 2.041501 
25.77 	 2.041501 
25.78 	 2.041501 
25.79 	 2.041501 
25.80 	 2.041501 
25.81 	 2.041501 
25.82 	 2.041501 
25.83 	 2.041501 
25.84 	 2.041501 
25.85 	 2.041501 
25.86 	 2.041501 
25.87 	 2.041501 
25.88 	 2.041501 
25.89 	 2.041501 
25.90 	 2.041501 
25.91 	 2.041501 
25.92 	 2.041501 
25.93 	 2.041501 
25.94 	 2.041501 
25.95 	 2.041501 
25.96 	 2.041501 
25.97 	 2.041501 
25.98 	 2.041501 
25.99 	 2.041501 
26.00 	 2.041501 
26.01 	 2.041501 
26.02 	 2.041501 
26.03 	 2.041501 
26.04 	 2.041501 
26.05 	 2.041501 
26.06 	 2.041501 
26.07 	 2.041501 
26.08 	 2.041501 
26.09 	 2.041501 
26.10 	 2.041501 
26.11 	 2.041501 
26.12 	 2.041501 
26.13 	 2.041501 
26.14 	 2.041501 
26.15 	 2.041501 
26.16 	 2.041501 
26.17 	 2.041501 
26.18 	 2.041501 
26.19 	 2.041501 
26.20 	 2.041501 
26.21 	 2.041501 
26.22 	 2.041501 
26.23 	 2.041501 
26.24 	 2.041501 
26.25 	 2.041501 
26.26 	 2.041501 
26.27 	 2.041501 
26.28 	 2.041501 
26.29 	 2.041501 
26.30 	 2.041501 
26.31 	 2.041501 
26.32 	 2.041501 
26.33 	 2.041501 
26.34 	 2.041501 
26.35 	 2.041501 
26.36 	 2.041501 
26.37 	 2.041501 
26.38 	 2.041501 
26.39 	 2.041501 
26.40 	 2.041501 
26.41 	 2.041501 
26.42 	 2.041501 
26.43 	 2.041501 
26.44 	 2.041501 
26.45 	 2.041501 
26.46 	 2.041501 
26.47 	 2.041501 
26.48 	 2.041501 
26.49 	 2.041501 
26.50 	 2.041501 
26.51 	 2.041501 
26.52 	 2.041501 
26.53 	 2.041501 
26.54 	 2.041501 
26.55 	 2.041501 
26.56 	 2.041501 
26.57 	 2.041501 
26.58 	 2.041501 
26.59 	 2.041501 
26.60 	 2.041501 
26.61 	 2.041501 
26.62 	 2.041501 
26.63 	 2.041501 
26.64 	 2.041501 
26.65 	 2.041501 
26.66 	 2.041501 
26.67 	 2.041501 
26.68 	 2.041501 
26.69 	 2.041501 
26.70 	 2.041501 
26.71 	 2.041501 
26.72 	 2.041501 
26.73 	 2.041501 
26.74 	 2.041501 
26.75 	 2.041501 
26.76 	 2.041501 
26.77 	 2.041501 
26.78 	 2.041501 
26.79 	 2.041501 
26.80 	 2.041501 
26.81 	 2.041501 
26.82 	 2.041501 
26.83 	 2.041501 
26.84 	 2.041501 
26.85 	 2.041501 
26.86 	 2.041501 
26.87 	 2.041501 
26.88 	 2.041501 
26.89 	 2.041501 
26.90 	 2.041501 
26.91 	 2.041501 
26.92 	 2.041501 
26.93 	 2.041501 
26.94 	 2.041501 
26.95 	 2.041501 
26.96 	 2.041501 
26.97 	 2.041501 
26.98 	 2.041501 
26.99 	 2.041501 
27.00 	 2.041501 
27.01 	 2.041501 
27.02 	 2.041501 
27.03 	 2.041501 
27.04 	 2.041501 
27.05 	 2.041501 
27.06 	 2.041501 
27.07 	 2.041501 
27.08 	 2.041501 
27.09 	 2.041501 
27.10 	 2.041501 
27.11 	 2.041501 
27.12 	 2.041501 
27.13 	 2.041501 
27.14 	 2.041501 
27.15 	 2.041501 
27.16 	 2.041501 
27.17 	 2.041501 
27.18 	 2.041501 
27.19 	 2.041501 
27.20 	 2.041501 
27.21 	 2.041501 
27.22 	 2.041501 
27.23 	 2.041501 
27.24 	 2.041501 
27.25 	 2.041501 
27.26 	 2.041501 
27.27 	 2.041501 
27.28 	 2.041501 
27.29 	 2.041501 
27.30 	 2.041501 
27.31 	 2.041501 
27.32 	 2.041501 
27.33 	 2.041501 
27.34 	 2.041501 
27.35 	 2.041501 
27.36 	 2.041501 
27.37 	 2.041501 
27.38 	 2.041501 
27.39 	 2.041501 
27.40 	 2.041501 
27.41 	 2.041501 
27.42 	 2.041501 
27.43 	 2.041501 
27.44 	 2.041501 
27.45 	 2.041501 
27.46 	 2.041501 
27.47 	 2.041501 
27.48 	 2.041501 
27.49 	 2.041501 
27.50 	 2.041501 
27.51 	 2.041501 
27.52 	 2.041501 
27.53 	 2.041501 
27.54 	 2.041501 
27.55 	 2.041501 
27.56 	 2.041501 
27.57 	 2.041501 
27.58 	 2.041501 
27.59 	 2.041501 
27.60 	 2.041501 
27.61 	 2.041501 
27.62 	 2.041501 
27.63 	 2.041501 
27.64 	 2.041501 
27.65 	 2.041501 
27.66 	 2.041501 
27.67 	 2.041501 
27.68 	 2.041501 
27.69 	 2.041501 
27.70 	 2.041501 
27.71 	 2.041501 
27.72 	 2.041501 
27.73 	 2.041501 
27.74 	 2.041501 
27.75 	 2.041501 
27.76 	 2.041501 
27.77 	 2.041501 
27.78 	 2.041501 
27.79 	 2.041501 
27.80 	 2.041501 
27.81 	 2.041501 
27.82 	 2.041501 
27.83 	 2.041501 
27.84 	 2.041501 
27.85 	 2.041501 
27.86 	 2.041501 
27.87 	 2.041501 
27.88 	 2.041501 
27.89 	 2.041501 
27.90 	 2.041501 
27.91 	 2.041501 
27.92 	 2.041501 
27.93 	 2.041501 
27.94 	 2.041501 
27.95 	 2.041501 
27.96 	 2.041501 
27.97 	 2.041501 
27.98 	 2.041501 
27.99 	 2.041501 
28.00 	 2.041501 
28.01 	 2.041501 
28.02 	 2.041501 
28.03 	 2.041501 
28.04 	 2.041501 
28.05 	 2.041501 
28.06 	 2.041501 
28.07 	 2.041501 
28.08 	 2.041501 
28.09 	 2.041501 
28.10 	 2.041501 
28.11 	 2.041501 
28.12 	 2.041501 
28.13 	 2.041501 
28.14 	 2.041501 
28.15 	 2.041501 
28.16 	 2.041501 
28.17 	 2.041501 
28.18 	 2.041501 
28.19 	 2.041501 
28.20 	 2.041501 
28.21 	 2.041501 
28.22 	 2.041501 
28.23 	 2.041501 
28.24 	 2.041501 
28.25 	 2.041501 
28.26 	 2.041501 
28.27 	 2.041501 
28.28 	 2.041501 
28.29 	 2.041501 
28.30 	 2.041501 
28.31 	 2.041501 
28.32 	 2.041501 
28.33 	 2.041501 
28.34 	 2.041501 
28.35 	 2.041501 
28.36 	 2.041501 
28.37 	 2.041501 
28.38 	 2.041501 
28.39 	 2.041501 
28.40 	 2.041501 
28.41 	 2.041501 
28.42 	 2.041501 
28.43 	 2.041501 
28.44 	 2.041501 
28.45 	 2.041501 
28.46 	 2.041501 
28.47 	 2.041501 
28.48 	 2.041501 
28.49 	 2.041501 
28.50 	 2.041501 
28.51 	 2.041501 
28.52 	 2.041501 
28.53 	 2.041501 
28.54 	 2.041501 
28.55 	 2.041501 
28.56 	 2.041501 
28.57 	 2.041501 
28.58 	 2.041501 
28.59 	 2.041501 
28.60 	 2.041501 
28.61 	 2.041501 
28.62 	 2.041501 
28.63 	 2.041501 
28.64 	 2.041501 
28.65 	 2.041501 
28.66 	 2.041501 
28.67 	 2.041501 
28.68 	 2.041501 
28.69 	 2.041501 
28.70 	 2.041501 
28.71 	 2.041501 
28.72 	 2.041501 
28.73 	 2.041501 
28.74 	 2.041501 
28.75 	 2.041501 
28.76 	 2.041501 
28.77 	 2.041501 
28.78 	 2.041501 
28.79 	 2.041501 
28.80 	 2.041501 
28.81 	 2.041501 
28.82 	 2.041501 
28.83 	 2.041501 
28.84 	 2.041501 
28.85 	 2.041501 
28.86 	 2.041501 
28.87 	 2.041501 
28.88 	 2.041501 
28.89 	 2.041501 
28.90 	 2.041501 
28.91 	 2.041501 
28.92 	 2.041501 
28.93 	 2.041501 
28.94 	 2.041501 
28.95 	 2.041501 
28.96 	 2.041501 
28.97 	 2.041501 
28.98 	 2.041501 
28.99 	 2.041501 
29.00 	 2.041501 
29.01 	 2.041501 
29.02 	 2.041501 
29.03 	 2.041501 
29.04 	 2.041501 
29.05 	 2.041501 
29.06 	 2.041501 
29.07 	 2.041501 
29.08 	 2.041501 
29.09 	 2.041501 
29.10 	 2.041501 
29.11 	 2.041501 
29.12 	 2.041501 
29.13 	 2.041501 
29.14 	 2.041501 
29.15 	 2.041501 
29.16 	 2.041501 
29.17 	 2.041501 
29.18 	 2.041501 
29.19 	 2.041501 
29.20 	 2.041501 
29.21 	 2.041501 
29.22 	 2.041501 
29.23 	 2.041501 
29.24 	 2.041501 
29.25 	 2.041501 
29.26 	 2.041501 
29.27 	 2.041501 
29.28 	 2.041501 
29.29 	 2.041501 
29.30 	 2.041501 
29.31 	 2.041501 
29.32 	 2.041501 
29.33 	 2.041501 
29.34 	 2.041501 
29.35 	 2.041501 
29.36 	 2.041501 
29.37 	 2.041501 
29.38 	 2.041501 
29.39 	 2.041501 
29.40 	 2.041501 
29.41 	 2.041501 
29.42 	 2.041501 
29.43 	 2.041501 
29.44 	 2.041501 
29.45 	 2.041501 
29.46 	 2.041501 
29.47 	 2.041501 
29.48 	 2.041501 
29.49 	 2.041501 
29.50 	 2.041501 
29.51 	 2.041501 
29.52 	 2.041501 
29.53 	 2.041501 
29.54 	 2.041501 
29.55 	 2.041501 
29.56 	 2.041501 
29.57 	 2.041501 
29.58 	 2.041501 
29.59 	 2.041501 
29.60 	 2.041501 
29.61 	 2.041501 
29.62 	 2.041501 
29.63 	 2.041501 
29.64 	 2.041501 
29.65 	 2.041501 
29.66 	 2.041501 
29.67 	 2.041501 
29.68 	 2.041501 
29.69 	 2.041501 
29.70 	 2.041501 
29.71 	 2.041501 
29.72 	 2.041501 
29.73 	 2.041501 
29.74 	 2.041501 
29.75 	 2.041501 
29.76 	 2.041501 
29.77 	 2.041501 
29.78 	 2.041501 
29.79 	 2.041501 
29.80 	 2.041501 
29.81 	 2.041501 
29.82 	 2.041501 
29.83 	 2.041501 
29.84 	 2.041501 
29.85 	 2.041501 
29.86 	 2.041501 
29.87 	 2.041501 
29.88 	 2.041501 
29.89 	 2.041501 
29.90 	 2.041501 
29.91 	 2.041501 
29.92 	 2.041501 
29.93 	 2.041501 
29.94 	 2.041501 
29.95 	 2.041501 
29.96 	 2.041501 
29.97 	 2.041501 
29.98 	 2.041501 
29.99 	 2.041501 
30.00 	 2.041501 
30.01 	 2.041501 
30.02 	 2.041501 
30.03 	 2.041501 
30.04 	 2.041501 
30.05 	 2.041501 
30.06 	 2.041501 
30.07 	 2.041501 
30.08 	 2.041501 
30.09 	 2.041501 
30.10 	 2.041501 
30.11 	 2.041501 
30.12 	 2.041501 
30.13 	 2.041501 
30.14 	 2.041501 
30.15 	 2.041501 
30.16 	 2.041501 
30.17 	 2.041501 
30.18 	 2.041501 
30.19 	 2.041501 
30.20 	 2.041501 
30.21 	 2.041501 
30.22 	 2.041501 
30.23 	 2.041501 
30.24 	 2.041501 
30.25 	 2.041501 
30.26 	 2.041501 
30.27 	 2.041501 
30.28 	 2.041501 
30.29 	 2.041501 
30.30 	 2.041501 
30.31 	 2.041501 
30.32 	 2.041501 
30.33 	 2.041501 
30.34 	 2.041501 
30.35 	 2.041501 
30.36 	 2.041501 
30.37 	 2.041501 
30.38 	 2.041501 
30.39 	 2.041501 
30.40 	 2.041501 
30.41 	 2.041501 
30.42 	 2.041501 
30.43 	 2.041501 
30.44 	 2.041501 
30.45 	 2.041501 
30.46 	 2.041501 
30.47 	 2.041501 
30.48 	 2.041501 
30.49 	 2.041501 
30.50 	 2.041501 
30.51 	 2.041501 
30.52 	 2.041501 
30.53 	 2.041501 
30.54 	 2.041501 
30.55 	 2.041501 
30.56 	 2.041501 
30.57 	 2.041501 
30.58 	 2.041501 
30.59 	 2.041501 
30.60 	 2.041501 
30.61 	 2.041501 
30.62 	 2.041501 
30.63 	 2.041501 
30.64 	 2.041501 
30.65 	 2.041501 
30.66 	 2.041501 
30.67 	 2.041501 
30.68 	 2.041501 
30.69 	 2.041501 
30.70 	 2.041501 
30.71 	 2.041501 
30.72 	 2.041501 
30.73 	 2.041501 
30.74 	 2.041501 
30.75 	 2.041501 
30.76 	 2.041501 
30.77 	 2.041501 
30.78 	 2.041501 
30.79 	 2.041501 
30.80 	 2.041501 
30.81 	 2.041501 
30.82 	 2.041501 
30.83 	 2.041501 
30.84 	 2.041501 
30.85 	 2.041501 
30.86 	 2.041501 
30.87 	 2.041501 
30.88 	 2.041501 
30.89 	 2.041501 
30.90 	 2.041501 
30.91 	 2.041501 
30.92 	 2.041501 
30.93 	 2.041501 
30.94 	 2.041501 
30.95 	 2.041501 
30.96 	 2.041501 
30.97 	 2.041501 
30.98 	 2.041501 
30.99 	 2.041501 
31.00 	 2.041501 
31.01 	 2.041501 
31.02 	 2.041501 
31.03 	 2.041501 
31.04 	 2.041501 
31.05 	 2.041501 
31.06 	 2.041501 
31.07 	 2.041501 
31.08 	 2.041501 
31.09 	 2.041501 
31.10 	 2.041501 
31.11 	 2.041501 
31.12 	 2.041501 
31.13 	 2.041501 
31.14 	 2.041501 
31.15 	 2.041501 
31.16 	 2.041501 
31.17 	 2.041501 
31.18 	 2.041501 
31.19 	 2.041501 
31.20 	 2.041501 
31.21 	 2.041501 
31.22 	 2.041501 
31.23 	 2.041501 
31.24 	 2.041501 
31.25 	 2.041501 
31.26 	 2.041501 
31.27 	 2.041501 
31.28 	 2.041501 
31.29 	 2.041501 
31.30 	 2.041501 
31.31 	 2.041501 
31.32 	 2.041501 
31.33 	 2.041501 
31.34 	 2.041501 
31.35 	 2.041501 
31.36 	 2.041501 
31.37 	 2.041501 
31.38 	 2.041501 
31.39 	 2.041501 
31.40 	 2.041501 
31.41 	 2.041501 
31.42 	 2.041501 
31.43 	 2.041501 
31.44 	 2.041501 
31.45 	 2.041501 
31.46 	 2.041501 
31.47 	 2.041501 
31.48 	 2.041501 
31.49 	 2.041501 
31.50 	 2.041501 
31.51 	 2.041501 
31.52 	 2.041501 
31.53 	 2.041501 
31.54 	 2.041501 
31.55 	 2.041501 
31.56 	 2.041501 
31.57 	 2.041501 
31.58 	 2.041501 
31.59 	 2.041501 
31.60 	 2.041501 
31.61 	 2.041501 
31.62 	 2.041501 
31.63 	 2.041501 
31.64 	 2.041501 
31.65 	 2.041501 
31.66 	 2.041501 
31.67 	 2.041501 
31.68 	 2.041501 
31.69 	 2.041501 
31.70 	 2.041501 
31.71 	 2.041501 
31.72 	 2.041501 
31.73 	 2.041501 
31.74 	 2.041501 
31.75 	 2.041501 
31.76 	 2.041501 
31.77 	 2.041501 
31.78 	 2.041501 
31.79 	 2.041501 
31.80 	 2.041501 
31.81 	 2.041501 
31.82 	 2.041501 
31.83 	 2.041501 
31.84 	 2.041501 
31.85 	 2.041501 
31.86 	 2.041501 
31.87 	 2.041501 
31.88 	 2.041501 
31.89 	 2.041501 
31.90 	 2.041501 
31.91 	 2.041501 
31.92 	 2.041501 
31.93 	 2.041501 
31.94 	 2.041501 
31.95 	 2.041501 
31.96 	 2.041501 
31.97 	 2.041501 
31.98 	 2.041501 
31.99 	 2.041501 
32.00 	 2.041501 
32.01 	 2.041501 
32.02 	 2.041501 
32.03 	 2.041501 
32.04 	 2.041501 
32.05 	 2.041501 
32.06 	 2.041501 
32.07 	 2.041501 
32.08 	 2.041501 
32.09 	 2.041501 
32.10 	 2.041501 
32.11 	 2.041501 
32.12 	 2.041501 
32.13 	 2.041501 
32.14 	 2.041501 
32.15 	 2.041501 
32.16 	 2.041501 
32.17 	 2.041501 
32.18 	 2.041501 
32.19 	 2.041501 
32.20 	 2.041501 
32.21 	 2.041501 
32.22 	 2.041501 
32.23 	 2.041501 
32.24 	 2.041501 
32.25 	 2.041501 
32.26 	 2.041501 
32.27 	 2.041501 
32.28 	 2.041501 
32.29 	 2.041501 
32.30 	 2.041501 
32.31 	 2.041501 
32.32 	 2.041501 
32.33 	 2.041501 
32.34 	 2.041501 
32.35 	 2.041501 
32.36 	 2.041501 
32.37 	 2.041501 
32.38 	 2.041501 
32.39 	 2.041501 
32.40 	 2.041501 
32.41 	 2.041501 
32.42 	 2.041501 
32.43 	 2.041501 
32.44 	 2.041501 
32.45 	 2.041501 
32.46 	 2.041501 
32.47 	 2.041501 
32.48 	 2.041501 
32.49 	 2.041501 
32.50 	 2.041501 
32.51 	 2.041501 
32.52 	 2.041501 
32.53 	 2.041501 
32.54 	 2.041501 
32.55 	 2.041501 
32.56 	 2.041501 
32.57 	 2.041501 
32.58 	 2.041501 
32.59 	 2.041501 
32.60 	 2.041501 
32.61 	 2.041501 
32.62 	 2.041501 
32.63 	 2.041501 
32.64 	 2.041501 
32.65 	 2.041501 
32.66 	 2.041501 
32.67 	 2.041501 
32.68 	 2.041501 
32.69 	 2.041501 
32.70 	 2.041501 
32.71 	 2.041501 
32.72 	 2.041501 
32.73 	 2.041501 
32.74 	 2.041501 
32.75 	 2.041501 
32.76 	 2.041501 
32.77 	 2.041501 
32.78 	 2.041501 
32.79 	 2.041501 
32.80 	 2.041501 
32.81 	 2.041501 
32.82 	 2.041501 
32.83 	 2.041501 
32.84 	 2.041501 
32.85 	 2.041501 
32.86 	 2.041501 
32.87 	 2.041501 
32.88 	 2.041501 
32.89 	 2.041501 
32.90 	 2.041501 
32.91 	 2.041501 
32.92 	 2.041501 
32.93 	 2.041501 
32.94 	 2.041501 
32.95 	 2.041501 
32.96 	 2.041501 
32.97 	 2.041501 
32.98 	 2.041501 
32.99 	 2.041501 
33.00 	 2.041501 
33.01 	 2.041501 
33.02 	 2.041501 
33.03 	 2.041501 
33.04 	 2.041501 
33.05 	 2.041501 
33.06 	 2.041501 
33.07 	 2.041501 
33.08 	 2.041501 
33.09 	 2.041501 
33.10 	 2.041501 
33.11 	 2.041501 
33.12 	 2.041501 
33.13 	 2.041501 
33.14 	 2.041501 
33.15 	 2.041501 
33.16 	 2.041501 
33.17 	 2.041501 
33.18 	 2.041501 
33.19 	 2.041501 
33.20 	 2.041501 
33.21 	 2.041501 
33.22 	 2.041501 
33.23 	 2.041501 
33.24 	 2.041501 
33.25 	 2.041501 
33.26 	 2.041501 
33.27 	 2.041501 
33.28 	 2.041501 
33.29 	 2.041501 
33.30 	 2.041501 
33.31 	 2.041501 
33.32 	 2.041501 
33.33 	 2.041501 
33.34 	 2.041501 
33.35 	 2.041501 
33.36 	 2.041501 
33.37 	 2.041501 
33.38 	 2.041501 
33.39 	 2.041501 
33.40 	 2.041501 
33.41 	 2.041501 
33.42 	 2.041501 
33.43 	 2.041501 
33.44 	 2.041501 
33.45 	 2.041501 
33.46 	 2.041501 
33.47 	 2.041501 
33.48 	 2.041501 
33.49 	 2.041501 
33.50 	 2.041501 
33.51 	 2.041501 
33.52 	 2.041501 
33.53 	 2.041501 
33.54 	 2.041501 
33.55 	 2.041501 
33.56 	 2.041501 
33.57 	 2.041501 
33.58 	 2.041501 
33.59 	 2.041501 
33.60 	 2.041501 
33.61 	 2.041501 
33.62 	 2.041501 
33.63 	 2.041501 
33.64 	 2.041501 
33.65 	 2.041501 
33.66 	 2.041501 
33.67 	 2.041501 
33.68 	 2.041501 
33.69 	 2.041501 
33.70 	 2.041501 
33.71 	 2.041501 
33.72 	 2.041501 
33.73 	 2.041501 
33.74 	 2.041501 
33.75 	 2.041501 
33.76 	 2.041501 
33.77 	 2.041501 
33.78 	 2.041501 
33.79 	 2.041501 
33.80 	 2.041501 
33.81 	 2.041501 
33.82 	 2.041501 
33.83 	 2.041501 
33.84 	 2.041501 
33.85 	 2.041501 
33.86 	 2.041501 
33.87 	 2.041501 
33.88 	 2.041501 
33.89 	 2.041501 
33.90 	 2.041501 
33.91 	 2.041501 
33.92 	 2.041501 
33.93 	 2.041501 
33.94 	 2.041501 
33.95 	 2.041501 
33.96 	 2.041501 
33.97 	 2.041501 
33.98 	 2.041501 
33.99 	 2.041501 
34.00 	 2.041501 
34.01 	 2.041501 
34.02 	 2.041501 
34.03 	 2.041501 
34.04 	 2.041501 
34.05 	 2.041501 
34.06 	 2.041501 
34.07 	 2.041501 
34.08 	 2.041501 
34.09 	 2.041501 
34.10 	 2.041501 
34.11 	 2.041501 
34.12 	 2.041501 
34.13 	 2.041501 
34.14 	 2.041501 
34.15 	 2.041501 
34.16 	 2.041501 
34.17 	 2.041501 
34.18 	 2.041501 
34.19 	 2.041501 
34.20 	 2.041501 
34.21 	 2.041501 
34.22 	 2.041501 
34.23 	 2.041501 
34.24 	 2.041501 
34.25 	 2.041501 
34.26 	 2.041501 
34.27 	 2.041501 
34.28 	 2.041501 
34.29 	 2.041501 
34.30 	 2.041501 
34.31 	 2.041501 
34.32 	 2.041501 
34.33 	 2.041501 
34.34 	 2.041501 
34.35 	 2.041501 
34.36 	 2.041501 
34.37 	 2.041501 
34.38 	 2.041501 
34.39 	 2.041501 
34.40 	 2.041501 
34.41 	 2.041501 
34.42 	 2.041501 
34.43 	 2.041501 
34.44 	 2.041501 
34.45 	 2.041501 
34.46 	 2.041501 
34.47 	 2.041501 
34.48 	 2.041501 
34.49 	 2.041501 
34.50 	 2.041501 
34.51 	 2.041501 
34.52 	 2.041501 
34.53 	 2.041501 
34.54 	 2.041501 
34.55 	 2.041501 
34.56 	 2.041501 
34.57 	 2.041501 
34.58 	 2.041501 
34.59 	 2.041501 
34.60 	 2.041501 
34.61 	 2.041501 
34.62 	 2.041501 
34.63 	 2.041501 
34.64 	 2.041501 
34.65 	 2.041501 
34.66 	 2.041501 
34.67 	 2.041501 
34.68 	 2.041501 
34.69 	 2.041501 
34.70 	 2.041501 
34.71 	 2.041501 
34.72 	 2.041501 
34.73 	 2.041501 
34.74 	 2.041501 
34.75 	 2.041501 
34.76 	 2.041501 
34.77 	 2.041501 
34.78 	 2.041501 
34.79 	 2.041501 
34.80 	 2.041501 
34.81 	 2.041501 
34.82 	 2.041501 
34.83 	 2.041501 
34.84 	 2.041501 
34.85 	 2.041501 
34.86 	 2.041501 
34.87 	 2.041501 
34.88 	 2.041501 
34.89 	 2.041501 
34.90 	 2.041501 
34.91 	 2.041501 
34.92 	 2.041501 
34.93 	 2.041501 
34.94 	 2.041501 
34.95 	 2.041501 
34.96 	 2.041501 
34.97 	 2.041501 
34.98 	 2.041501 
34.99 	 2.041501 
35.00 	 2.041501 
35.01 	 2.041501 
35.02 	 2.041501 
35.03 	 2.041501 
35.04 	 2.041501 
35.05 	 2.041501 
35.06 	 2.041501 
35.07 	 2.041501 
35.08 	 2.041501 
35.09 	 2.041501 
35.10 	 2.041501 
35.11 	 2.041501 
35.12 	 2.041501 
35.13 	 2.041501 
35.14 	 2.041501 
35.15 	 2.041501 
35.16 	 2.041501 
35.17 	 2.041501 
35.18 	 2.041501 
35.19 	 2.041501 
35.20 	 2.041501 
35.21 	 2.041501 
35.22 	 2.041501 
35.23 	 2.041501 
35.24 	 2.041501 
35.25 	 2.041501 
35.26 	 2.041501 
35.27 	 2.041501 
35.28 	 2.041501 
35.29 	 2.041501 
35.30 	 2.041501 
35.31 	 2.041501 
35.32 	 2.041501 
35.33 	 2.041501 
35.34 	 2.041501 
35.35 	 2.041501 
35.36 	 2.041501 
35.37 	 2.041501 
35.38 	 2.041501 
35.39 	 2.041501 
35.40 	 2.041501 
35.41 	 2.041501 
35.42 	 2.041501 
35.43 	 2.041501 
35.44 	 2.041501 
35.45 	 2.041501 
35.46 	 2.041501 
35.47 	 2.041501 
35.48 	 2.041501 
35.49 	 2.041501 
35.50 	 2.041501 
35.51 	 2.041501 
35.52 	 2.041501 
35.53 	 2.041501 
35.54 	 2.041501 
35.55 	 2.041501 
35.56 	 2.041501 
35.57 	 2.041501 
35.58 	 2.041501 
35.59 	 2.041501 
35.60 	 2.041501 
35.61 	 2.041501 
35.62 	 2.041501 
35.63 	 2.041501 
35.64 	 2.041501 
35.65 	 2.041501 
35.66 	 2.041501 
35.67 	 2.041501 
35.68 	 2.041501 
35.69 	 2.041501 
35.70 	 2.041501 
35.71 	 2.041501 
35.72 	 2.041501 
35.73 	 2.041501 
35.74 	 2.041501 
35.75 	 2.041501 
35.76 	 2.041501 
35.77 	 2.041501 
35.78 	 2.041501 
35.79 	 2.041501 
35.80 	 2.041501 
35.81 	 2.041501 
35.82 	 2.041501 
35.83 	 2.041501 
35.84 	 2.041501 
35.85 	 2.041501 
35.86 	 2.041501 
35.87 	 2.041501 
35.88 	 2.041501 
35.89 	 2.041501 
35.90 	 2.041501 
35.91 	 2.041501 
35.92 	 2.041501 
35.93 	 2.041501 
35.94 	 2.041501 
35.95 	 2.041501 
35.96 	 2.041501 
35.97 	 2.041501 
35.98 	 2.041501 
35.99 	 2.041501 
36.00 	 2.041501 
36.01 	 2.041501 
36.02 	 2.041501 
36.03 	 2.041501 
36.04 	 2.041501 
36.05 	 2.041501 
36.06 	 2.041501 
36.07 	 2.041501 
36.08 	 2.041501 
36.09 	 2.041501 
36.10 	 2.041501 
36.11 	 2.041501 
36.12 	 2.041501 
36.13 	 2.041501 
36.14 	 2.041501 
36.15 	 2.041501 
36.16 	 2.041501 
36.17 	 2.041501 
36.18 	 2.041501 
36.19 	 2.041501 
36.20 	 2.041501 
36.21 	 2.041501 
36.22 	 2.041501 
36.23 	 2.041501 
36.24 	 2.041501 
36.25 	 2.041501 
36.26 	 2.041501 
36.27 	 2.041501 
36.28 	 2.041501 
36.29 	 2.041501 
36.30 	 2.041501 
36.31 	 2.041501 
36.32 	 2.041501 
36.33 	 2.041501 
36.34 	 2.041501 
36.35 	 2.041501 
36.36 	 2.041501 
36.37 	 2.041501 
36.38 	 2.041501 
36.39 	 2.041501 
36.40 	 2.041501 
36.41 	 2.041501 
36.42 	 2.041501 
36.43 	 2.041501 
36.44 	 2.041501 
36.45 	 2.041501 
36.46 	 2.041501 
36.47 	 2.041501 
36.48 	 2.041501 
36.49 	 2.041501 
36.50 	 2.041501 
36.51 	 2.041501 
36.52 	 2.041501 
36.53 	 2.041501 
36.54 	 2.041501 
36.55 	 2.041501 
36.56 	 2.041501 
36.57 	 2.041501 
36.58 	 2.041501 
36.59 	 2.041501 
36.60 	 2.041501 
36.61 	 2.041501 
36.62 	 2.041501 
36.63 	 2.041501 
36.64 	 2.041501 
36.65 	 2.041501 
36.66 	 2.041501 
36.67 	 2.041501 
36.68 	 2.041501 
36.69 	 2.041501 
36.70 	 2.041501 
36.71 	 2.041501 
36.72 	 2.041501 
36.73 	 2.041501 
36.74 	 2.041501 
36.75 	 2.041501 
36.76 	 2.041501 
36.77 	 2.041501 
36.78 	 2.041501 
36.79 	 2.041501 
36.80 	 2.041501 
36.81 	 2.041501 
36.82 	 2.041501 
36.83 	 2.041501 
36.84 	 2.041501 
36.85 	 2.041501 
36.86 	 2.041501 
36.87 	 2.041501 
36.88 	 2.041501 
36.89 	 2.041501 
36.90 	 2.041501 
36.91 	 2.041501 
36.92 	 2.041501 
36.93 	 2.041501 
36.94 	 2.041501 
36.95 	 2.041501 
36.96 	 2.041501 
36.97 	 2.041501 
36.98 	 2.041501 
36.99 	 2.041501 
37.00 	 2.041501 
37.01 	 2.041501 
37.02 	 2.041501 
37.03 	 2.041501 
37.04 	 2.041501 
37.05 	 2.041501 
37.06 	 2.041501 
37.07 	 2.041501 
37.08 	 2.041501 
37.09 	 2.041501 
37.10 	 2.041501 
37.11 	 2.041501 
37.12 	 2.041501 
37.13 	 2.041501 
37.14 	 2.041501 
37.15 	 2.041501 
37.16 	 2.041501 
37.17 	 2.041501 
37.18 	 2.041501 
37.19 	 2.041501 
37.20 	 2.041501 
37.21 	 2.041501 
37.22 	 2.041501 
37.23 	 2.041501 
37.24 	 2.041501 
37.25 	 2.041501 
37.26 	 2.041501 
37.27 	 2.041501 
37.28 	 2.041501 
37.29 	 2.041501 
37.30 	 2.041501 
37.31 	 2.041501 
37.32 	 2.041501 
37.33 	 2.041501 
37.34 	 2.041501 
37.35 	 2.041501 
37.36 	 2.041501 
37.37 	 2.041501 
37.38 	 2.041501 
37.39 	 2.041501 
37.40 	 2.041501 
37.41 	 2.041501 
37.42 	 2.041501 
37.43 	 2.041501 
37.44 	 2.041501 
37.45 	 2.041501 
37.46 	 2.041501 
37.47 	 2.041501 
37.48 	 2.041501 
37.49 	 2.041501 
37.50 	 2.041501 
37.51 	 2.041501 
37.52 	 2.041501 
37.53 	 2.041501 
37.54 	 2.041501 
37.55 	 2.041501 
37.56 	 2.041501 
37.57 	 2.041501 
37.58 	 2.041501 
37.59 	 2.041501 
37.60 	 2.041501 
37.61 	 2.041501 
37.62 	 2.041501 
37.63 	 2.041501 
37.64 	 2.041501 
37.65 	 2.041501 
37.66 	 2.041501 
37.67 	 2.041501 
37.68 	 2.041501 
37.69 	 2.041501 
37.70 	 2.041501 
37.71 	 2.041501 
37.72 	 2.041501 
37.73 	 2.041501 
37.74 	 2.041501 
37.75 	 2.041501 
37.76 	 2.041501 
37.77 	 2.041501 
37.78 	 2.041501 
37.79 	 2.041501 
37.80 	 2.041501 
37.81 	 2.041501 
37.82 	 2.041501 
37.83 	 2.041501 
37.84 	 2.041501 
37.85 	 2.041501 
37.86 	 2.041501 
37.87 	 2.041501 
37.88 	 2.041501 
37.89 	 2.041501 
37.90 	 2.041501 
37.91 	 2.041501 
37.92 	 2.041501 
37.93 	 2.041501 
37.94 	 2.041501 
37.95 	 2.041501 
37.96 	 2.041501 
37.97 	 2.041501 
37.98 	 2.041501 
37.99 	 2.041501 
38.00 	 2.041501 
38.01 	 2.041501 
38.02 	 2.041501 
38.03 	 2.041501 
38.04 	 2.041501 
38.05 	 2.041501 
38.06 	 2.041501 
38.07 	 2.041501 
38.08 	 2.041501 
38.09 	 2.041501 
38.10 	 2.041501 
38.11 	 2.041501 
38.12 	 2.041501 
38.13 	 2.041501 
38.14 	 2.041501 
38.15 	 2.041501 
38.16 	 2.041501 
38.17 	 2.041501 
38.18 	 2.041501 
38.19 	 2.041501 
38.20 	 2.041501 
38.21 	 2.041501 
38.22 	 2.041501 
38.23 	 2.041501 
38.24 	 2.041501 
38.25 	 2.041501 
38.26 	 2.041501 
38.27 	 2.041501 
38.28 	 2.041501 
38.29 	 2.041501 
38.30 	 2.041501 
38.31 	 2.041501 
38.32 	 2.041501 
38.33 	 2.041501 
38.34 	 2.041501 
38.35 	 2.041501 
38.36 	 2.041501 
38.37 	 2.041501 
38.38 	 2.041501 
38.39 	 2.041501 
38.40 	 2.041501 
38.41 	 2.041501 
38.42 	 2.041501 
38.43 	 2.041501 
38.44 	 2.041501 
38.45 	 2.041501 
38.46 	 2.041501 
38.47 	 2.041501 
38.48 	 2.041501 
38.49 	 2.041501 
38.50 	 2.041501 
38.51 	 2.041501 
38.52 	 2.041501 
38.53 	 2.041501 
38.54 	 2.041501 
38.55 	 2.041501 
38.56 	 2.041501 
38.57 	 2.041501 
38.58 	 2.041501 
38.59 	 2.041501 
38.60 	 2.041501 
38.61 	 2.041501 
38.62 	 2.041501 
38.63 	 2.041501 
38.64 	 2.041501 
38.65 	 2.041501 
38.66 	 2.041501 
38.67 	 2.041501 
38.68 	 2.041501 
38.69 	 2.041501 
38.70 	 2.041501 
38.71 	 2.041501 
38.72 	 2.041501 
38.73 	 2.041501 
38.74 	 2.041501 
38.75 	 2.041501 
38.76 	 2.041501 
38.77 	 2.041501 
38.78 	 2.041501 
38.79 	 2.041501 
38.80 	 2.041501 
38.81 	 2.041501 
38.82 	 2.041501 
38.83 	 2.041501 
38.84 	 2.041501 
38.85 	 2.041501 
38.86 	 2.041501 
38.87 	 2.041501 
38.88 	 2.041501 
38.89 	 2.041501 
38.90 	 2.041501 
38.91 	 2.041501 
38.92 	 2.041501 
38.93 	 2.041501 
38.94 	 2.041501 
38.95 	 2.041501 
38.96 	 2.041501 
38.97 	 2.041501 
38.98 	 2.041501 
38.99 	 2.041501 
39.00 	 2.041501 
39.01 	 2.041501 
39.02 	 2.041501 
39.03 	 2.041501 
39.04 	 2.041501 
39.05 	 2.041501 
39.06 	 2.041501 
39.07 	 2.041501 
39.08 	 2.041501 
39.09 	 2.041501 
39.10 	 2.041501 
39.11 	 2.041501 
39.12 	 2.041501 
39.13 	 2.041501 
39.14 	 2.041501 
39.15 	 2.041501 
39.16 	 2.041501 
39.17 	 2.041501 
39.18 	 2.041501 
39.19 	 2.041501 
39.20 	 2.041501 
39.21 	 2.041501 
39.22 	 2.041501 
39.23 	 2.041501 
39.24 	 2.041501 
39.25 	 2.041501 
39.26 	 2.041501 
39.27 	 2.041501 
39.28 	 2.041501 
39.29 	 2.041501 
39.30 	 2.041501 
39.31 	 2.041501 
39.32 	 2.041501 
39.33 	 2.041501 
39.34 	 2.041501 
39.35 	 2.041501 
39.36 	 2.041501 
39.37 	 2.041501 
39.38 	 2.041501 
39.39 	 2.041501 
39.40 	 2.041501 
39.41 	 2.041501 
39.42 	 2.041501 
39.43 	 2.041501 
39.44 	 2.041501 
39.45 	 2.041501 
39.46 	 2.041501 
39.47 	 2.041501 
39.48 	 2.041501 
39.49 	 2.041501 
39.50 	 2.041501 
39.51 	 2.041501 
39.52 	 2.041501 
39.53 	 2.041501 
39.54 	 2.041501 
39.55 	 2.041501 
39.56 	 2.041501 
39.57 	 2.041501 
39.58 	 2.041501 
39.59 	 2.041501 
39.60 	 2.041501 
39.61 	 2.041501 
39.62 	 2.041501 
39.63 	 2.041501 
39.64 	 2.041501 
39.65 	 2.041501 
39.66 	 2.041501 
39.67 	 2.041501 
39.68 	 2.041501 
39.69 	 2.041501 
39.70 	 2.041501 
39.71 	 2.041501 
39.72 	 2.041501 
39.73 	 2.041501 
39.74 	 2.041501 
39.75 	 2.041501 
39.76 	 2.041501 
39.77 	 2.041501 
39.78 	 2.041501 
39.79 	 2.041501 
39.80 	 2.041501 
39.81 	 2.041501 
39.82 	 2.041501 
39.83 	 2.041501 
39.84 	 2.041501 
39.85 	 2.041501 
39.86 	 2.041501 
39.87 	 2.041501 
39.88 	 2.041501 
39.89 	 2.041501 
39.90 	 2.041501 
39.91 	 2.041501 
39.92 	 2.041501 
39.93 	 2.041501 
39.94 	 2.041501 
39.95 	 2.041501 
39.96 	 2.041501 
39.97 	 2.041501 
39.98 	 2.041501 
39.99 	 2.041501 
