0.00 	 0.000000 
0.01 	 0.000000 
0.02 	 0.000000 
0.03 	 0.000000 
0.04 	 0.000000 
0.05 	 0.000000 
0.06 	 0.000000 
0.07 	 0.000000 
0.08 	 0.000000 
0.09 	 0.000000 
0.10 	 0.000000 
0.11 	 0.000000 
0.12 	 0.000000 
0.13 	 0.000000 
0.14 	 0.000000 
0.15 	 0.000000 
0.16 	 0.000000 
0.17 	 0.000000 
0.18 	 0.000000 
0.19 	 0.000000 
0.20 	 0.000000 
0.21 	 0.000000 
0.22 	 0.000000 
0.23 	 0.000000 
0.24 	 0.000000 
0.25 	 0.000000 
0.26 	 0.000000 
0.27 	 0.000000 
0.28 	 0.000000 
0.29 	 0.000000 
0.30 	 0.000000 
0.31 	 0.000000 
0.32 	 0.000000 
0.33 	 0.000000 
0.34 	 0.000000 
0.35 	 0.000000 
0.36 	 0.000000 
0.37 	 0.000000 
0.38 	 0.000000 
0.39 	 0.000000 
0.40 	 0.000000 
0.41 	 0.000000 
0.42 	 0.000000 
0.43 	 0.000000 
0.44 	 0.000000 
0.45 	 0.000000 
0.46 	 0.000000 
0.47 	 0.000000 
0.48 	 0.000000 
0.49 	 0.000000 
0.50 	 0.000000 
0.51 	 0.000000 
0.52 	 0.000000 
0.53 	 0.000000 
0.54 	 0.000000 
0.55 	 0.000000 
0.56 	 0.000000 
0.57 	 0.000000 
0.58 	 0.000000 
0.59 	 0.000000 
0.60 	 0.000000 
0.61 	 0.000000 
0.62 	 0.000000 
0.63 	 0.000000 
0.64 	 0.000000 
0.65 	 0.000000 
0.66 	 0.000000 
0.67 	 0.000000 
0.68 	 0.000000 
0.69 	 0.000000 
0.70 	 0.000000 
0.71 	 0.000000 
0.72 	 0.000000 
0.73 	 0.000000 
0.74 	 0.000000 
0.75 	 0.000000 
0.76 	 0.000000 
0.77 	 0.000000 
0.78 	 0.000000 
0.79 	 0.000000 
0.80 	 0.000000 
0.81 	 0.000000 
0.82 	 0.000000 
0.83 	 0.000000 
0.84 	 0.000000 
0.85 	 0.000000 
0.86 	 0.000000 
0.87 	 0.000000 
0.88 	 0.000000 
0.89 	 0.000000 
0.90 	 0.000000 
0.91 	 0.000000 
0.92 	 0.000000 
0.93 	 0.000000 
0.94 	 0.000000 
0.95 	 0.000000 
0.96 	 0.000000 
0.97 	 0.000000 
0.98 	 0.000000 
0.99 	 0.000000 
1.00 	 0.000000 
1.01 	 0.000000 
1.02 	 0.000000 
1.03 	 0.000000 
1.04 	 0.000000 
1.05 	 0.000000 
1.06 	 0.000000 
1.07 	 0.000000 
1.08 	 0.000000 
1.09 	 0.000000 
1.10 	 0.000000 
1.11 	 0.000000 
1.12 	 0.000000 
1.13 	 0.000000 
1.14 	 0.000000 
1.15 	 0.000000 
1.16 	 0.000000 
1.17 	 0.000000 
1.18 	 0.000000 
1.19 	 0.000000 
1.20 	 0.000000 
1.21 	 0.000000 
1.22 	 0.000000 
1.23 	 0.000000 
1.24 	 0.000000 
1.25 	 0.000000 
1.26 	 0.000000 
1.27 	 0.000000 
1.28 	 0.000000 
1.29 	 0.000000 
1.30 	 0.000000 
1.31 	 0.000000 
1.32 	 0.000000 
1.33 	 0.000000 
1.34 	 0.000000 
1.35 	 0.000000 
1.36 	 0.000000 
1.37 	 0.000000 
1.38 	 0.000000 
1.39 	 0.000000 
1.40 	 0.000000 
1.41 	 0.000000 
1.42 	 0.000000 
1.43 	 0.000000 
1.44 	 0.000000 
1.45 	 0.000000 
1.46 	 0.000000 
1.47 	 0.000000 
1.48 	 0.000000 
1.49 	 0.000000 
1.50 	 0.000000 
1.51 	 0.000000 
1.52 	 0.000000 
1.53 	 0.000000 
1.54 	 0.000000 
1.55 	 0.000000 
1.56 	 0.000000 
1.57 	 0.000000 
1.58 	 0.000000 
1.59 	 0.000000 
1.60 	 0.000000 
1.61 	 0.000000 
1.62 	 0.000000 
1.63 	 0.000000 
1.64 	 0.000000 
1.65 	 0.000000 
1.66 	 0.000000 
1.67 	 0.000000 
1.68 	 0.000000 
1.69 	 0.000000 
1.70 	 0.000000 
1.71 	 0.000000 
1.72 	 0.000000 
1.73 	 0.000000 
1.74 	 0.000000 
1.75 	 0.000000 
1.76 	 0.000000 
1.77 	 0.000000 
1.78 	 0.000000 
1.79 	 0.000000 
1.80 	 0.000000 
1.81 	 0.000000 
1.82 	 0.000000 
1.83 	 0.000000 
1.84 	 0.000000 
1.85 	 0.000000 
1.86 	 0.000000 
1.87 	 0.000000 
1.88 	 0.000000 
1.89 	 0.000000 
1.90 	 0.000000 
1.91 	 0.000000 
1.92 	 0.000000 
1.93 	 0.000000 
1.94 	 0.000000 
1.95 	 0.000000 
1.96 	 0.000000 
1.97 	 0.000000 
1.98 	 0.000000 
1.99 	 0.000000 
2.00 	 0.000000 
2.01 	 0.000000 
2.02 	 0.000000 
2.03 	 0.000000 
2.04 	 0.000000 
2.05 	 0.000000 
2.06 	 0.000000 
2.07 	 0.000000 
2.08 	 0.000000 
2.09 	 0.000000 
2.10 	 0.000000 
2.11 	 0.000000 
2.12 	 0.000000 
2.13 	 0.000000 
2.14 	 0.000000 
2.15 	 0.000000 
2.16 	 0.000000 
2.17 	 0.000000 
2.18 	 0.000000 
2.19 	 0.000000 
2.20 	 0.000000 
2.21 	 0.000000 
2.22 	 0.000000 
2.23 	 0.000000 
2.24 	 0.000000 
2.25 	 0.000000 
2.26 	 0.000000 
2.27 	 0.000000 
2.28 	 0.000000 
2.29 	 0.000000 
2.30 	 0.000000 
2.31 	 0.000000 
2.32 	 0.000000 
2.33 	 0.000000 
2.34 	 0.000000 
2.35 	 0.000000 
2.36 	 0.000000 
2.37 	 0.000000 
2.38 	 0.000000 
2.39 	 0.000000 
2.40 	 0.000000 
2.41 	 0.000000 
2.42 	 0.000000 
2.43 	 0.000000 
2.44 	 0.000000 
2.45 	 0.000000 
2.46 	 0.000000 
2.47 	 0.000000 
2.48 	 0.000000 
2.49 	 0.000000 
2.50 	 0.000000 
2.51 	 0.000000 
2.52 	 0.000000 
2.53 	 0.000000 
2.54 	 0.000000 
2.55 	 0.000000 
2.56 	 0.000000 
2.57 	 0.000000 
2.58 	 0.000000 
2.59 	 0.000000 
2.60 	 0.000000 
2.61 	 0.000000 
2.62 	 0.000000 
2.63 	 0.000000 
2.64 	 0.000000 
2.65 	 0.000000 
2.66 	 0.000000 
2.67 	 0.000000 
2.68 	 0.000000 
2.69 	 0.000000 
2.70 	 0.000000 
2.71 	 0.000000 
2.72 	 0.000000 
2.73 	 0.000000 
2.74 	 0.000000 
2.75 	 0.000000 
2.76 	 0.000000 
2.77 	 0.000000 
2.78 	 0.000000 
2.79 	 0.000000 
2.80 	 0.000000 
2.81 	 0.000000 
2.82 	 0.000000 
2.83 	 0.000000 
2.84 	 0.000000 
2.85 	 0.000000 
2.86 	 0.000000 
2.87 	 0.000000 
2.88 	 0.000000 
2.89 	 0.000000 
2.90 	 0.000000 
2.91 	 0.000000 
2.92 	 0.000000 
2.93 	 0.000000 
2.94 	 0.000000 
2.95 	 0.000000 
2.96 	 0.000000 
2.97 	 0.000000 
2.98 	 0.000000 
2.99 	 0.000000 
3.00 	 0.000000 
3.01 	 0.000000 
3.02 	 0.000000 
3.03 	 0.000000 
3.04 	 0.000000 
3.05 	 0.000000 
3.06 	 0.000000 
3.07 	 0.000000 
3.08 	 0.000000 
3.09 	 0.000000 
3.10 	 0.000000 
3.11 	 0.000000 
3.12 	 0.000000 
3.13 	 0.000000 
3.14 	 0.000000 
3.15 	 0.000000 
3.16 	 0.000000 
3.17 	 0.000000 
3.18 	 0.000000 
3.19 	 0.000000 
3.20 	 0.000000 
3.21 	 0.000000 
3.22 	 0.000000 
3.23 	 0.000000 
3.24 	 0.000000 
3.25 	 0.000000 
3.26 	 0.000000 
3.27 	 0.000000 
3.28 	 0.000000 
3.29 	 0.000000 
3.30 	 0.000000 
3.31 	 0.000000 
3.32 	 0.000000 
3.33 	 0.000000 
3.34 	 0.000000 
3.35 	 0.000000 
3.36 	 0.000000 
3.37 	 0.000000 
3.38 	 0.000000 
3.39 	 0.000000 
3.40 	 0.000000 
3.41 	 0.000000 
3.42 	 0.000000 
3.43 	 0.000000 
3.44 	 0.000000 
3.45 	 0.000000 
3.46 	 0.000000 
3.47 	 0.000000 
3.48 	 0.000000 
3.49 	 0.000000 
3.50 	 0.000000 
3.51 	 0.000000 
3.52 	 0.000000 
3.53 	 0.000000 
3.54 	 0.000000 
3.55 	 0.000000 
3.56 	 0.000000 
3.57 	 0.000000 
3.58 	 0.000000 
3.59 	 0.000000 
3.60 	 0.000000 
3.61 	 0.000000 
3.62 	 0.000000 
3.63 	 0.000000 
3.64 	 0.000000 
3.65 	 0.000000 
3.66 	 0.000000 
3.67 	 0.000000 
3.68 	 0.000000 
3.69 	 0.000000 
3.70 	 0.000000 
3.71 	 0.000000 
3.72 	 0.000000 
3.73 	 0.000000 
3.74 	 0.000000 
3.75 	 0.000000 
3.76 	 0.000000 
3.77 	 0.000000 
3.78 	 0.000000 
3.79 	 0.000000 
3.80 	 0.000000 
3.81 	 0.000000 
3.82 	 0.000000 
3.83 	 0.000000 
3.84 	 0.000000 
3.85 	 0.000000 
3.86 	 0.000000 
3.87 	 0.000000 
3.88 	 0.000000 
3.89 	 0.000000 
3.90 	 0.000000 
3.91 	 0.000000 
3.92 	 0.000000 
3.93 	 0.000000 
3.94 	 0.000000 
3.95 	 0.000000 
3.96 	 0.000000 
3.97 	 0.000000 
3.98 	 0.000000 
3.99 	 0.000000 
4.00 	 0.000000 
4.01 	 0.000000 
4.02 	 0.000000 
4.03 	 0.000000 
4.04 	 0.000000 
4.05 	 0.000000 
4.06 	 0.000000 
4.07 	 0.000000 
4.08 	 0.000000 
4.09 	 0.000000 
4.10 	 0.000000 
4.11 	 0.000000 
4.12 	 0.000000 
4.13 	 0.000000 
4.14 	 0.000000 
4.15 	 0.000000 
4.16 	 0.000000 
4.17 	 0.000000 
4.18 	 0.000000 
4.19 	 0.000000 
4.20 	 0.000000 
4.21 	 0.000000 
4.22 	 0.000000 
4.23 	 0.000000 
4.24 	 0.000000 
4.25 	 0.000000 
4.26 	 0.000000 
4.27 	 0.000000 
4.28 	 0.000000 
4.29 	 0.000000 
4.30 	 0.000000 
4.31 	 0.000000 
4.32 	 0.000000 
4.33 	 0.000000 
4.34 	 0.000000 
4.35 	 0.000000 
4.36 	 0.000000 
4.37 	 0.000000 
4.38 	 0.000000 
4.39 	 0.000000 
4.40 	 0.000000 
4.41 	 0.000000 
4.42 	 0.000000 
4.43 	 0.000000 
4.44 	 0.000000 
4.45 	 0.000000 
4.46 	 0.000000 
4.47 	 0.000000 
4.48 	 0.000000 
4.49 	 0.000000 
4.50 	 0.000000 
4.51 	 0.000000 
4.52 	 0.000000 
4.53 	 0.000000 
4.54 	 0.000000 
4.55 	 0.000000 
4.56 	 0.000000 
4.57 	 0.000000 
4.58 	 0.000000 
4.59 	 0.000000 
4.60 	 0.000000 
4.61 	 0.000000 
4.62 	 0.000000 
4.63 	 0.000000 
4.64 	 0.000000 
4.65 	 0.000000 
4.66 	 0.000000 
4.67 	 0.000000 
4.68 	 0.000000 
4.69 	 0.000000 
4.70 	 0.000000 
4.71 	 0.000000 
4.72 	 0.000000 
4.73 	 0.000000 
4.74 	 0.000000 
4.75 	 0.000000 
4.76 	 0.000000 
4.77 	 0.000000 
4.78 	 0.000000 
4.79 	 0.000000 
4.80 	 0.000000 
4.81 	 0.000000 
4.82 	 0.000000 
4.83 	 0.000000 
4.84 	 0.000000 
4.85 	 0.000000 
4.86 	 0.000000 
4.87 	 0.000000 
4.88 	 0.000000 
4.89 	 0.000000 
4.90 	 0.000000 
4.91 	 0.000000 
4.92 	 0.000000 
4.93 	 0.000000 
4.94 	 0.000000 
4.95 	 0.000000 
4.96 	 0.000000 
4.97 	 0.000000 
4.98 	 0.000000 
4.99 	 0.000000 
5.00 	 0.000000 
5.01 	 0.000000 
5.02 	 0.000000 
5.03 	 0.000000 
5.04 	 0.000000 
5.05 	 0.000000 
5.06 	 0.000000 
5.07 	 0.000000 
5.08 	 0.000000 
5.09 	 0.000000 
5.10 	 0.000000 
5.11 	 0.000000 
5.12 	 0.000000 
5.13 	 0.000000 
5.14 	 0.000000 
5.15 	 0.000000 
5.16 	 0.000000 
5.17 	 0.000000 
5.18 	 0.000000 
5.19 	 0.000000 
5.20 	 0.000000 
5.21 	 0.000000 
5.22 	 0.000000 
5.23 	 0.000000 
5.24 	 0.000000 
5.25 	 0.000000 
5.26 	 0.000000 
5.27 	 0.000000 
5.28 	 0.000000 
5.29 	 0.000000 
5.30 	 0.000000 
5.31 	 0.000000 
5.32 	 0.000000 
5.33 	 0.000000 
5.34 	 0.000000 
5.35 	 0.000000 
5.36 	 0.000000 
5.37 	 0.000000 
5.38 	 0.000000 
5.39 	 0.000000 
5.40 	 0.000000 
5.41 	 0.000000 
5.42 	 0.000000 
5.43 	 0.000000 
5.44 	 0.000000 
5.45 	 0.000000 
5.46 	 0.000000 
5.47 	 0.000000 
5.48 	 0.000000 
5.49 	 0.000000 
5.50 	 0.000000 
5.51 	 0.000000 
5.52 	 0.000000 
5.53 	 0.000000 
5.54 	 0.000000 
5.55 	 0.000000 
5.56 	 0.000000 
5.57 	 0.000000 
5.58 	 0.000000 
5.59 	 0.000000 
5.60 	 0.000000 
5.61 	 0.000000 
5.62 	 0.000000 
5.63 	 0.000000 
5.64 	 0.000000 
5.65 	 0.000000 
5.66 	 0.000000 
5.67 	 0.000000 
5.68 	 0.000000 
5.69 	 0.000000 
5.70 	 0.000000 
5.71 	 0.000000 
5.72 	 0.000000 
5.73 	 0.000000 
5.74 	 0.000000 
5.75 	 0.000000 
5.76 	 0.000000 
5.77 	 0.000000 
5.78 	 0.000000 
5.79 	 0.000000 
5.80 	 0.000000 
5.81 	 0.000000 
5.82 	 0.000000 
5.83 	 0.000000 
5.84 	 0.000000 
5.85 	 0.000000 
5.86 	 0.000000 
5.87 	 0.000000 
5.88 	 0.000000 
5.89 	 0.000000 
5.90 	 0.000000 
5.91 	 0.000000 
5.92 	 0.000000 
5.93 	 0.000000 
5.94 	 0.000000 
5.95 	 0.000000 
5.96 	 0.000000 
5.97 	 0.000000 
5.98 	 0.000000 
5.99 	 0.000000 
6.00 	 0.000000 
6.01 	 0.000000 
6.02 	 0.000000 
6.03 	 0.000000 
6.04 	 0.000000 
6.05 	 0.000000 
6.06 	 0.000000 
6.07 	 0.000000 
6.08 	 0.000000 
6.09 	 0.000000 
6.10 	 0.000000 
6.11 	 0.000000 
6.12 	 0.000000 
6.13 	 0.000000 
6.14 	 0.000000 
6.15 	 0.000000 
6.16 	 0.000000 
6.17 	 0.000000 
6.18 	 0.000000 
6.19 	 0.000000 
6.20 	 0.000000 
6.21 	 0.000000 
6.22 	 0.000000 
6.23 	 0.000000 
6.24 	 0.000000 
6.25 	 0.000000 
6.26 	 0.000000 
6.27 	 0.000000 
6.28 	 0.000000 
6.29 	 0.000000 
6.30 	 0.000000 
6.31 	 0.000000 
6.32 	 0.000000 
6.33 	 0.000000 
6.34 	 0.000000 
6.35 	 0.000000 
6.36 	 0.000000 
6.37 	 0.000000 
6.38 	 0.000000 
6.39 	 0.000000 
6.40 	 0.000000 
6.41 	 0.000000 
6.42 	 0.000000 
6.43 	 0.000000 
6.44 	 0.000000 
6.45 	 0.000000 
6.46 	 0.000000 
6.47 	 0.000000 
6.48 	 0.000000 
6.49 	 0.000000 
6.50 	 0.000000 
6.51 	 0.000000 
6.52 	 0.000000 
6.53 	 0.000000 
6.54 	 0.000000 
6.55 	 0.000000 
6.56 	 0.000000 
6.57 	 0.000000 
6.58 	 0.000000 
6.59 	 0.000000 
6.60 	 0.000000 
6.61 	 0.000000 
6.62 	 0.000000 
6.63 	 0.000000 
6.64 	 0.000000 
6.65 	 0.000000 
6.66 	 0.000000 
6.67 	 0.000000 
6.68 	 0.000000 
6.69 	 0.000000 
6.70 	 0.000000 
6.71 	 0.000000 
6.72 	 0.000000 
6.73 	 0.000000 
6.74 	 0.000000 
6.75 	 0.000000 
6.76 	 0.000000 
6.77 	 0.000000 
6.78 	 0.000000 
6.79 	 0.000000 
6.80 	 0.000000 
6.81 	 0.000000 
6.82 	 0.000000 
6.83 	 0.000000 
6.84 	 0.000000 
6.85 	 0.000000 
6.86 	 0.000000 
6.87 	 0.000000 
6.88 	 0.000000 
6.89 	 0.000000 
6.90 	 0.000000 
6.91 	 0.000000 
6.92 	 0.000000 
6.93 	 0.000000 
6.94 	 0.000000 
6.95 	 0.000000 
6.96 	 0.000000 
6.97 	 0.000000 
6.98 	 0.000000 
6.99 	 0.000000 
7.00 	 0.000000 
7.01 	 0.000000 
7.02 	 0.000000 
7.03 	 0.000000 
7.04 	 0.000000 
7.05 	 0.000000 
7.06 	 0.000000 
7.07 	 0.000000 
7.08 	 0.000000 
7.09 	 0.000000 
7.10 	 0.000000 
7.11 	 0.000000 
7.12 	 0.000000 
7.13 	 0.000000 
7.14 	 0.000000 
7.15 	 0.000000 
7.16 	 0.000000 
7.17 	 0.000000 
7.18 	 0.000000 
7.19 	 0.000000 
7.20 	 0.000000 
7.21 	 0.000000 
7.22 	 0.000000 
7.23 	 0.000000 
7.24 	 0.000000 
7.25 	 0.000000 
7.26 	 0.000000 
7.27 	 0.000000 
7.28 	 0.000000 
7.29 	 0.000000 
7.30 	 0.000000 
7.31 	 0.000000 
7.32 	 0.000000 
7.33 	 0.000000 
7.34 	 0.000000 
7.35 	 0.000000 
7.36 	 0.000000 
7.37 	 0.000000 
7.38 	 0.000000 
7.39 	 0.000000 
7.40 	 0.000000 
7.41 	 0.000000 
7.42 	 0.000000 
7.43 	 0.000000 
7.44 	 0.000000 
7.45 	 0.000000 
7.46 	 0.000000 
7.47 	 0.000000 
7.48 	 0.000000 
7.49 	 0.000000 
7.50 	 0.000000 
7.51 	 0.000000 
7.52 	 0.000000 
7.53 	 0.000000 
7.54 	 0.000000 
7.55 	 0.000000 
7.56 	 0.000000 
7.57 	 0.000000 
7.58 	 0.000000 
7.59 	 0.000000 
7.60 	 0.000000 
7.61 	 0.000000 
7.62 	 0.000000 
7.63 	 0.000000 
7.64 	 0.000000 
7.65 	 0.000000 
7.66 	 0.000000 
7.67 	 0.000000 
7.68 	 0.000000 
7.69 	 0.000000 
7.70 	 0.000000 
7.71 	 0.000000 
7.72 	 0.000000 
7.73 	 0.000000 
7.74 	 0.000000 
7.75 	 0.000000 
7.76 	 0.000000 
7.77 	 0.000000 
7.78 	 0.000000 
7.79 	 0.000000 
7.80 	 0.000000 
7.81 	 0.000000 
7.82 	 0.000000 
7.83 	 0.000000 
7.84 	 0.000000 
7.85 	 0.000000 
7.86 	 0.000000 
7.87 	 0.000000 
7.88 	 0.000000 
7.89 	 0.000000 
7.90 	 0.000000 
7.91 	 0.000000 
7.92 	 0.000000 
7.93 	 0.000000 
7.94 	 0.000000 
7.95 	 0.000000 
7.96 	 0.000000 
7.97 	 0.000000 
7.98 	 0.000000 
7.99 	 0.000000 
8.00 	 0.000000 
8.01 	 0.000000 
8.02 	 0.000000 
8.03 	 0.000000 
8.04 	 0.000000 
8.05 	 0.000000 
8.06 	 0.000000 
8.07 	 0.000000 
8.08 	 0.000000 
8.09 	 0.000000 
8.10 	 0.000000 
8.11 	 0.000000 
8.12 	 0.000000 
8.13 	 0.000000 
8.14 	 0.000000 
8.15 	 0.000000 
8.16 	 0.000000 
8.17 	 0.000000 
8.18 	 0.000000 
8.19 	 0.000000 
8.20 	 0.000000 
8.21 	 0.000000 
8.22 	 0.000000 
8.23 	 0.000000 
8.24 	 0.000000 
8.25 	 0.000000 
8.26 	 0.000000 
8.27 	 0.000000 
8.28 	 0.000000 
8.29 	 0.000000 
8.30 	 0.000000 
8.31 	 0.000000 
8.32 	 0.000000 
8.33 	 0.000000 
8.34 	 0.000000 
8.35 	 0.000000 
8.36 	 0.000000 
8.37 	 0.000000 
8.38 	 0.000000 
8.39 	 0.000000 
8.40 	 0.000000 
8.41 	 0.000000 
8.42 	 0.000000 
8.43 	 0.000000 
8.44 	 0.000000 
8.45 	 0.000000 
8.46 	 0.000000 
8.47 	 0.000000 
8.48 	 0.000000 
8.49 	 0.000000 
8.50 	 0.000000 
8.51 	 0.000000 
8.52 	 0.000000 
8.53 	 0.000000 
8.54 	 0.000000 
8.55 	 0.000000 
8.56 	 0.000000 
8.57 	 0.000000 
8.58 	 0.000000 
8.59 	 0.000000 
8.60 	 0.000000 
8.61 	 0.000000 
8.62 	 0.000000 
8.63 	 0.000000 
8.64 	 0.000000 
8.65 	 0.000000 
8.66 	 0.000000 
8.67 	 0.000000 
8.68 	 0.000000 
8.69 	 0.000000 
8.70 	 0.000000 
8.71 	 0.000000 
8.72 	 0.000000 
8.73 	 0.000000 
8.74 	 0.000000 
8.75 	 0.000000 
8.76 	 0.000000 
8.77 	 0.000000 
8.78 	 0.000000 
8.79 	 0.000000 
8.80 	 0.000000 
8.81 	 0.000000 
8.82 	 0.000000 
8.83 	 0.000000 
8.84 	 0.000000 
8.85 	 0.000000 
8.86 	 0.000000 
8.87 	 0.000000 
8.88 	 0.000000 
8.89 	 0.000000 
8.90 	 0.000000 
8.91 	 0.000000 
8.92 	 0.000000 
8.93 	 0.000000 
8.94 	 0.000000 
8.95 	 0.000000 
8.96 	 0.000000 
8.97 	 0.000000 
8.98 	 0.000000 
8.99 	 0.000000 
9.00 	 0.000000 
9.01 	 0.000000 
9.02 	 0.000000 
9.03 	 0.000000 
9.04 	 0.000000 
9.05 	 0.000000 
9.06 	 0.000000 
9.07 	 0.000000 
9.08 	 0.000000 
9.09 	 0.000000 
9.10 	 0.000000 
9.11 	 0.000000 
9.12 	 0.000000 
9.13 	 0.000000 
9.14 	 0.000000 
9.15 	 0.000000 
9.16 	 0.000000 
9.17 	 0.000000 
9.18 	 0.000000 
9.19 	 0.000000 
9.20 	 0.000000 
9.21 	 0.000000 
9.22 	 0.000000 
9.23 	 0.000000 
9.24 	 0.000000 
9.25 	 0.000000 
9.26 	 0.000000 
9.27 	 0.000000 
9.28 	 0.000000 
9.29 	 0.000000 
9.30 	 0.000000 
9.31 	 0.000000 
9.32 	 0.000000 
9.33 	 0.000000 
9.34 	 0.000000 
9.35 	 0.000000 
9.36 	 0.000000 
9.37 	 0.000000 
9.38 	 0.000000 
9.39 	 0.000000 
9.40 	 0.000000 
9.41 	 0.000000 
9.42 	 0.000000 
9.43 	 0.000000 
9.44 	 0.000000 
9.45 	 0.000000 
9.46 	 0.000000 
9.47 	 0.000000 
9.48 	 0.000000 
9.49 	 0.000000 
9.50 	 0.000000 
9.51 	 0.000000 
9.52 	 0.000000 
9.53 	 0.000000 
9.54 	 0.000000 
9.55 	 0.000000 
9.56 	 0.000000 
9.57 	 0.000000 
9.58 	 0.000000 
9.59 	 0.000000 
9.60 	 0.000000 
9.61 	 0.000000 
9.62 	 0.000000 
9.63 	 0.000000 
9.64 	 0.000000 
9.65 	 0.000000 
9.66 	 0.000000 
9.67 	 0.000000 
9.68 	 0.000000 
9.69 	 0.000000 
9.70 	 0.000000 
9.71 	 0.000000 
9.72 	 0.000000 
9.73 	 0.000000 
9.74 	 0.000000 
9.75 	 0.000000 
9.76 	 0.000000 
9.77 	 0.000000 
9.78 	 0.000000 
9.79 	 0.000000 
9.80 	 0.000000 
9.81 	 0.000000 
9.82 	 0.000000 
9.83 	 0.000000 
9.84 	 0.000000 
9.85 	 0.000000 
9.86 	 0.000000 
9.87 	 0.000000 
9.88 	 0.000000 
9.89 	 0.000000 
9.90 	 0.000000 
9.91 	 0.000000 
9.92 	 0.000000 
9.93 	 0.000000 
9.94 	 0.000000 
9.95 	 0.000000 
9.96 	 0.000000 
9.97 	 0.000000 
9.98 	 0.000000 
9.99 	 0.000000 
10.00 	 0.000000 
10.02 	 0.010000 
10.03 	 0.010216 
10.04 	 0.010436 
10.05 	 0.010661 
10.06 	 0.010891 
10.07 	 0.011126 
10.08 	 0.011366 
10.09 	 0.011611 
10.10 	 0.011861 
10.11 	 0.012117 
10.12 	 0.012378 
10.13 	 0.012645 
10.14 	 0.012918 
10.15 	 0.013197 
10.16 	 0.013481 
10.17 	 0.013772 
10.18 	 0.014069 
10.19 	 0.014372 
10.20 	 0.014682 
10.21 	 0.014999 
10.22 	 0.015322 
10.23 	 0.015653 
10.24 	 0.015990 
10.25 	 0.016335 
10.26 	 0.016687 
10.27 	 0.017047 
10.28 	 0.017415 
10.29 	 0.017790 
10.30 	 0.018174 
10.31 	 0.018566 
10.32 	 0.018966 
10.33 	 0.019375 
10.34 	 0.019793 
10.35 	 0.020220 
10.36 	 0.020656 
10.37 	 0.021101 
10.38 	 0.021556 
10.39 	 0.022021 
10.40 	 0.022496 
10.41 	 0.022981 
10.42 	 0.023477 
10.43 	 0.023983 
10.44 	 0.024500 
10.45 	 0.025028 
10.46 	 0.025568 
10.47 	 0.026119 
10.48 	 0.026683 
10.49 	 0.027258 
10.50 	 0.027846 
10.51 	 0.028446 
10.52 	 0.029060 
10.53 	 0.029686 
10.54 	 0.030326 
10.55 	 0.030980 
10.56 	 0.031648 
10.57 	 0.032330 
10.58 	 0.033028 
10.59 	 0.033740 
10.60 	 0.034467 
10.61 	 0.035210 
10.62 	 0.035969 
10.63 	 0.036745 
10.64 	 0.037537 
10.65 	 0.038346 
10.66 	 0.039173 
10.67 	 0.040018 
10.68 	 0.040880 
10.69 	 0.041762 
10.70 	 0.042662 
10.71 	 0.043582 
10.72 	 0.044521 
10.73 	 0.045481 
10.74 	 0.046461 
10.75 	 0.047463 
10.76 	 0.048486 
10.77 	 0.049531 
10.78 	 0.050599 
10.79 	 0.051690 
10.80 	 0.052804 
10.81 	 0.053942 
10.82 	 0.055104 
10.83 	 0.056292 
10.84 	 0.057505 
10.85 	 0.058745 
10.86 	 0.060011 
10.87 	 0.061304 
10.88 	 0.062625 
10.89 	 0.063974 
10.90 	 0.065353 
10.91 	 0.066761 
10.92 	 0.068199 
10.93 	 0.069669 
10.94 	 0.071170 
10.95 	 0.072703 
10.96 	 0.074269 
10.97 	 0.075869 
10.98 	 0.077503 
10.99 	 0.079173 
11.00 	 0.080878 
11.01 	 0.082620 
11.02 	 0.084399 
11.03 	 0.086216 
11.04 	 0.088073 
11.05 	 0.089969 
11.06 	 0.091906 
11.07 	 0.093885 
11.08 	 0.095906 
11.09 	 0.097970 
11.10 	 0.100079 
11.11 	 0.102233 
11.12 	 0.104433 
11.13 	 0.106680 
11.14 	 0.108975 
11.15 	 0.111320 
11.16 	 0.113714 
11.17 	 0.116160 
11.18 	 0.118658 
11.19 	 0.121210 
11.20 	 0.123816 
11.21 	 0.126478 
11.22 	 0.129196 
11.23 	 0.131973 
11.24 	 0.134809 
11.25 	 0.137705 
11.26 	 0.140663 
11.27 	 0.143684 
11.28 	 0.146770 
11.29 	 0.149921 
11.30 	 0.153139 
11.31 	 0.156426 
11.32 	 0.159782 
11.33 	 0.163210 
11.34 	 0.166711 
11.35 	 0.170285 
11.36 	 0.173936 
11.37 	 0.177664 
11.38 	 0.181470 
11.39 	 0.185357 
11.40 	 0.189326 
11.41 	 0.193379 
11.42 	 0.197518 
11.43 	 0.201743 
11.44 	 0.206057 
11.45 	 0.210462 
11.46 	 0.214960 
11.47 	 0.219552 
11.48 	 0.224240 
11.49 	 0.229026 
11.50 	 0.233912 
11.51 	 0.238899 
11.52 	 0.243991 
11.53 	 0.249189 
11.54 	 0.254494 
11.55 	 0.259910 
11.56 	 0.265437 
11.57 	 0.271079 
11.58 	 0.276837 
11.59 	 0.282713 
11.60 	 0.288710 
11.61 	 0.294830 
11.62 	 0.301075 
11.63 	 0.307448 
11.64 	 0.313950 
11.65 	 0.320584 
11.66 	 0.327353 
11.67 	 0.334258 
11.68 	 0.341302 
11.69 	 0.348487 
11.70 	 0.355816 
11.71 	 0.363292 
11.72 	 0.370915 
11.73 	 0.378690 
11.74 	 0.386619 
11.75 	 0.394703 
11.76 	 0.402945 
11.77 	 0.411348 
11.78 	 0.419914 
11.79 	 0.428646 
11.80 	 0.437545 
11.81 	 0.446615 
11.82 	 0.455857 
11.83 	 0.465275 
11.84 	 0.474869 
11.85 	 0.484643 
11.86 	 0.494599 
11.87 	 0.504740 
11.88 	 0.515066 
11.89 	 0.525580 
11.90 	 0.536285 
11.91 	 0.547182 
11.92 	 0.558273 
11.93 	 0.569560 
11.94 	 0.581046 
11.95 	 0.592730 
11.96 	 0.604616 
11.97 	 0.616704 
11.98 	 0.628996 
11.99 	 0.641493 
12.00 	 0.654196 
12.01 	 0.667107 
12.02 	 0.680226 
12.03 	 0.693554 
12.04 	 0.707091 
12.05 	 0.720837 
12.06 	 0.734794 
12.07 	 0.748961 
12.08 	 0.763338 
12.09 	 0.777924 
12.10 	 0.792719 
12.11 	 0.807723 
12.12 	 0.822934 
12.13 	 0.838351 
12.14 	 0.853973 
12.15 	 0.869798 
12.16 	 0.885824 
12.17 	 0.902049 
12.18 	 0.918471 
12.19 	 0.935088 
12.20 	 0.951895 
12.21 	 0.968891 
12.22 	 0.986071 
12.23 	 1.003433 
12.24 	 1.020971 
12.25 	 1.038682 
12.26 	 1.056562 
12.27 	 1.074606 
12.28 	 1.092809 
12.29 	 1.111165 
12.30 	 1.129669 
12.31 	 1.148316 
12.32 	 1.167099 
12.33 	 1.186012 
12.34 	 1.205050 
12.35 	 1.224205 
12.36 	 1.243470 
12.37 	 1.262839 
12.38 	 1.282304 
12.39 	 1.301858 
12.40 	 1.321494 
12.41 	 1.341204 
12.42 	 1.360980 
12.43 	 1.380815 
12.44 	 1.400700 
12.45 	 1.420628 
12.46 	 1.440591 
12.47 	 1.460579 
12.48 	 1.480587 
12.49 	 1.500604 
12.50 	 1.520624 
12.51 	 1.540638 
12.52 	 1.560637 
12.53 	 1.580615 
12.54 	 1.600563 
12.55 	 1.620474 
12.56 	 1.640339 
12.57 	 1.660151 
12.58 	 1.679903 
12.59 	 1.699588 
12.60 	 1.719197 
12.61 	 1.738725 
12.62 	 1.758164 
12.63 	 1.777508 
12.64 	 1.796751 
12.65 	 1.815885 
12.66 	 1.834906 
12.67 	 1.853807 
12.68 	 1.872583 
12.69 	 1.891229 
12.70 	 1.909739 
12.71 	 1.928108 
12.72 	 1.946332 
12.73 	 1.964406 
12.74 	 1.982327 
12.75 	 2.000090 
12.76 	 2.017691 
12.77 	 2.035128 
12.78 	 2.052397 
12.79 	 2.069494 
12.80 	 2.086418 
12.81 	 2.103165 
12.82 	 2.119733 
12.83 	 2.136121 
12.84 	 2.152325 
12.85 	 2.168345 
12.86 	 2.184179 
12.87 	 2.199825 
12.88 	 2.215283 
12.89 	 2.230552 
12.90 	 2.245630 
12.91 	 2.260518 
12.92 	 2.275214 
12.93 	 2.289718 
12.94 	 2.304031 
12.95 	 2.318153 
12.96 	 2.332082 
12.97 	 2.345821 
12.98 	 2.359369 
12.99 	 2.372726 
13.00 	 2.385894 
13.01 	 2.398873 
13.02 	 2.411664 
13.03 	 2.424268 
13.04 	 2.436686 
13.05 	 2.448919 
13.06 	 2.460969 
13.07 	 2.472836 
13.08 	 2.484522 
13.09 	 2.496029 
13.10 	 2.507357 
13.11 	 2.518509 
13.12 	 2.529487 
13.13 	 2.540290 
13.14 	 2.550923 
13.15 	 2.561385 
13.16 	 2.571680 
13.17 	 2.581808 
13.18 	 2.591771 
13.19 	 2.601572 
13.20 	 2.611213 
13.21 	 2.620694 
13.22 	 2.630019 
13.23 	 2.639188 
13.24 	 2.648205 
13.25 	 2.657071 
13.26 	 2.665787 
13.27 	 2.674357 
13.28 	 2.682781 
13.29 	 2.691062 
13.30 	 2.699202 
13.31 	 2.707202 
13.32 	 2.715065 
13.33 	 2.722793 
13.34 	 2.730388 
13.35 	 2.737851 
13.36 	 2.745185 
13.37 	 2.752391 
13.38 	 2.759471 
13.39 	 2.766428 
13.40 	 2.773263 
13.41 	 2.779978 
13.42 	 2.786575 
13.43 	 2.793055 
13.44 	 2.799421 
13.45 	 2.805675 
13.46 	 2.811817 
13.47 	 2.817851 
13.48 	 2.823777 
13.49 	 2.829598 
13.50 	 2.835315 
13.51 	 2.840930 
13.52 	 2.846444 
13.53 	 2.851860 
13.54 	 2.857178 
13.55 	 2.862401 
13.56 	 2.867530 
13.57 	 2.872567 
13.58 	 2.877513 
13.59 	 2.882370 
13.60 	 2.887139 
13.61 	 2.891822 
13.62 	 2.896420 
13.63 	 2.900934 
13.64 	 2.905367 
13.65 	 2.909720 
13.66 	 2.913993 
13.67 	 2.918189 
13.68 	 2.922308 
13.69 	 2.926353 
13.70 	 2.930323 
13.71 	 2.934222 
13.72 	 2.938049 
13.73 	 2.941807 
13.74 	 2.945495 
13.75 	 2.949117 
13.76 	 2.952672 
13.77 	 2.956162 
13.78 	 2.959588 
13.79 	 2.962952 
13.80 	 2.966254 
13.81 	 2.969495 
13.82 	 2.972677 
13.83 	 2.975800 
13.84 	 2.978866 
13.85 	 2.981876 
13.86 	 2.984831 
13.87 	 2.987731 
13.88 	 2.990578 
13.89 	 2.993372 
13.90 	 2.996116 
13.91 	 2.998808 
13.92 	 3.001451 
13.93 	 3.004046 
13.94 	 3.006593 
13.95 	 3.009092 
13.96 	 3.011546 
13.97 	 3.013954 
13.98 	 3.016318 
13.99 	 3.018639 
14.00 	 3.020916 
14.01 	 3.023152 
14.02 	 3.025346 
14.03 	 3.027500 
14.04 	 3.029614 
14.05 	 3.031689 
14.06 	 3.033726 
14.07 	 3.035725 
14.08 	 3.037687 
14.09 	 3.039613 
14.10 	 3.041503 
14.11 	 3.043358 
14.12 	 3.045179 
14.13 	 3.046967 
14.14 	 3.048721 
14.15 	 3.050443 
14.16 	 3.052133 
14.17 	 3.053791 
14.18 	 3.055419 
14.19 	 3.057017 
14.20 	 3.058586 
14.21 	 3.060125 
14.22 	 3.061636 
14.23 	 3.063119 
14.24 	 3.064574 
14.25 	 3.066002 
14.26 	 3.067404 
14.27 	 3.068780 
14.28 	 3.070131 
14.29 	 3.071456 
14.30 	 3.072757 
14.31 	 3.074034 
14.32 	 3.075287 
14.33 	 3.076517 
14.34 	 3.077724 
14.35 	 3.078909 
14.36 	 3.080072 
14.37 	 3.081213 
14.38 	 3.082334 
14.39 	 3.083433 
14.40 	 3.084512 
14.41 	 3.085571 
14.42 	 3.086610 
14.43 	 3.087630 
14.44 	 3.088632 
14.45 	 3.089614 
14.46 	 3.090579 
14.47 	 3.091525 
14.48 	 3.092454 
14.49 	 3.093366 
14.50 	 3.094261 
14.51 	 3.095139 
14.52 	 3.096001 
14.53 	 3.096847 
14.54 	 3.097677 
14.55 	 3.098492 
14.56 	 3.099292 
14.57 	 3.100077 
14.58 	 3.100847 
14.59 	 3.101604 
14.60 	 3.102346 
14.61 	 3.103074 
14.62 	 3.103789 
14.63 	 3.104490 
14.64 	 3.105179 
14.65 	 3.105855 
14.66 	 3.106518 
14.67 	 3.107169 
14.68 	 3.107808 
14.69 	 3.108434 
14.70 	 3.109050 
14.71 	 3.109654 
14.72 	 3.110247 
14.73 	 3.110828 
14.74 	 3.111399 
14.75 	 3.111960 
14.76 	 3.112509 
14.77 	 3.113049 
14.78 	 3.113579 
14.79 	 3.114099 
14.80 	 3.114609 
14.81 	 3.115110 
14.82 	 3.115601 
14.83 	 3.116084 
14.84 	 3.116557 
14.85 	 3.117022 
14.86 	 3.117478 
14.87 	 3.117925 
14.88 	 3.118365 
14.89 	 3.118796 
14.90 	 3.119219 
14.91 	 3.119634 
14.92 	 3.120042 
14.93 	 3.120442 
14.94 	 3.120834 
14.95 	 3.121219 
14.96 	 3.121598 
14.97 	 3.121969 
14.98 	 3.122333 
14.99 	 3.122690 
15.00 	 3.123041 
15.01 	 3.123386 
15.02 	 3.123723 
15.03 	 3.124055 
15.04 	 3.124381 
15.05 	 3.124700 
15.06 	 3.125014 
15.07 	 3.125321 
15.08 	 3.125623 
15.09 	 3.125920 
15.10 	 3.126211 
15.11 	 3.126496 
15.12 	 3.126776 
15.13 	 3.127051 
15.14 	 3.127321 
15.15 	 3.127586 
15.16 	 3.127846 
15.17 	 3.128101 
15.18 	 3.128352 
15.19 	 3.128597 
15.20 	 3.128839 
15.21 	 3.129075 
15.22 	 3.129308 
15.23 	 3.129536 
15.24 	 3.129759 
15.25 	 3.129979 
15.26 	 3.130195 
15.27 	 3.130406 
15.28 	 3.130614 
15.29 	 3.130818 
15.30 	 3.131018 
15.31 	 3.131214 
15.32 	 3.131406 
15.33 	 3.131595 
15.34 	 3.131781 
15.35 	 3.131963 
15.36 	 3.132142 
15.37 	 3.132317 
15.38 	 3.132489 
15.39 	 3.132658 
15.40 	 3.132824 
15.41 	 3.132987 
15.42 	 3.133147 
15.43 	 3.133303 
15.44 	 3.133457 
15.45 	 3.133608 
15.46 	 3.133757 
15.47 	 3.133902 
15.48 	 3.134045 
15.49 	 3.134185 
15.50 	 3.134322 
15.51 	 3.134457 
15.52 	 3.134590 
15.53 	 3.134720 
15.54 	 3.134847 
15.55 	 3.134972 
15.56 	 3.135095 
15.57 	 3.135216 
15.58 	 3.135334 
15.59 	 3.135450 
15.60 	 3.135564 
15.61 	 3.135676 
15.62 	 3.135786 
15.63 	 3.135894 
15.64 	 3.136000 
15.65 	 3.136103 
15.66 	 3.136205 
15.67 	 3.136305 
15.68 	 3.136403 
15.69 	 3.136500 
15.70 	 3.136594 
15.71 	 3.136687 
15.72 	 3.136778 
15.73 	 3.136868 
15.74 	 3.136955 
15.75 	 3.137041 
15.76 	 3.137126 
15.77 	 3.137209 
15.78 	 3.137290 
15.79 	 3.137370 
15.80 	 3.137448 
15.81 	 3.137525 
15.82 	 3.137601 
15.83 	 3.137675 
15.84 	 3.137748 
15.85 	 3.137819 
15.86 	 3.137889 
15.87 	 3.137958 
15.88 	 3.138025 
15.89 	 3.138091 
15.90 	 3.138156 
15.91 	 3.138220 
15.92 	 3.138283 
15.93 	 3.138344 
15.94 	 3.138404 
15.95 	 3.138464 
15.96 	 3.138522 
15.97 	 3.138579 
15.98 	 3.138635 
15.99 	 3.138690 
16.00 	 3.138743 
16.01 	 3.138796 
16.02 	 3.138848 
16.03 	 3.138899 
16.04 	 3.138949 
16.05 	 3.138998 
16.06 	 3.139046 
16.07 	 3.139094 
16.08 	 3.139140 
16.09 	 3.139186 
16.10 	 3.139230 
16.11 	 3.139274 
16.12 	 3.139317 
16.13 	 3.139359 
16.14 	 3.139401 
16.15 	 3.139441 
16.16 	 3.139481 
16.17 	 3.139521 
16.18 	 3.139559 
16.19 	 3.139597 
16.20 	 3.139634 
16.21 	 3.139670 
16.22 	 3.139706 
16.23 	 3.139741 
16.24 	 3.139775 
16.25 	 3.139809 
16.26 	 3.139842 
16.27 	 3.139875 
16.28 	 3.139906 
16.29 	 3.139938 
16.30 	 3.139968 
16.31 	 3.139999 
16.32 	 3.140028 
16.33 	 3.140057 
16.34 	 3.140086 
16.35 	 3.140114 
16.36 	 3.140141 
16.37 	 3.140168 
16.38 	 3.140195 
16.39 	 3.140221 
16.40 	 3.140246 
16.41 	 3.140271 
16.42 	 3.140296 
16.43 	 3.140320 
16.44 	 3.140343 
16.45 	 3.140366 
16.46 	 3.140389 
16.47 	 3.140412 
16.48 	 3.140433 
16.49 	 3.140455 
16.50 	 3.140476 
16.51 	 3.140497 
16.52 	 3.140517 
16.53 	 3.140537 
16.54 	 3.140557 
16.55 	 3.140576 
16.56 	 3.140595 
16.57 	 3.140613 
16.58 	 3.140631 
16.59 	 3.140649 
16.60 	 3.140667 
16.61 	 3.140684 
16.62 	 3.140701 
16.63 	 3.140717 
16.64 	 3.140734 
16.65 	 3.140750 
16.66 	 3.140765 
16.67 	 3.140781 
16.68 	 3.140796 
16.69 	 3.140810 
16.70 	 3.140825 
16.71 	 3.140839 
16.72 	 3.140853 
16.73 	 3.140867 
16.74 	 3.140880 
16.75 	 3.140894 
16.76 	 3.140907 
16.77 	 3.140919 
16.78 	 3.140932 
16.79 	 3.140944 
16.80 	 3.140956 
16.81 	 3.140968 
16.82 	 3.140980 
16.83 	 3.140991 
16.84 	 3.141002 
16.85 	 3.141013 
16.86 	 3.141024 
16.87 	 3.141034 
16.88 	 3.141045 
16.89 	 3.141055 
16.90 	 3.141065 
16.91 	 3.141075 
16.92 	 3.141084 
16.93 	 3.141094 
16.94 	 3.141103 
16.95 	 3.141112 
16.96 	 3.141121 
16.97 	 3.141130 
16.98 	 3.141138 
16.99 	 3.141147 
17.00 	 3.141155 
17.01 	 3.141163 
17.02 	 3.141171 
17.03 	 3.141179 
17.04 	 3.141187 
17.05 	 3.141194 
17.06 	 3.141202 
17.07 	 3.141209 
17.08 	 3.141216 
17.09 	 3.141223 
17.10 	 3.141230 
17.11 	 3.141237 
17.12 	 3.141243 
17.13 	 3.141250 
17.14 	 3.141256 
17.15 	 3.141262 
17.16 	 3.141268 
17.17 	 3.141274 
17.18 	 3.141280 
17.19 	 3.141286 
17.20 	 3.141292 
17.21 	 3.141297 
17.22 	 3.141303 
17.23 	 3.141308 
17.24 	 3.141314 
17.25 	 3.141319 
17.26 	 3.141324 
17.27 	 3.141329 
17.28 	 3.141334 
17.29 	 3.141338 
17.30 	 3.141343 
17.31 	 3.141348 
17.32 	 3.141352 
17.33 	 3.141357 
17.34 	 3.141361 
17.35 	 3.141366 
17.36 	 3.141370 
17.37 	 3.141374 
17.38 	 3.141378 
17.39 	 3.141382 
17.40 	 3.141386 
17.41 	 3.141390 
17.42 	 3.141393 
17.43 	 3.141397 
17.44 	 3.141401 
17.45 	 3.141404 
17.46 	 3.141408 
17.47 	 3.141411 
17.48 	 3.141415 
17.49 	 3.141418 
17.50 	 3.141421 
17.51 	 3.141424 
17.52 	 3.141427 
17.53 	 3.141431 
17.54 	 3.141434 
17.55 	 3.141437 
17.56 	 3.141439 
17.57 	 3.141442 
17.58 	 3.141445 
17.59 	 3.141448 
17.60 	 3.141450 
17.61 	 3.141453 
17.62 	 3.141456 
17.63 	 3.141458 
17.64 	 3.141461 
17.65 	 3.141463 
17.66 	 3.141466 
17.67 	 3.141468 
17.68 	 3.141470 
17.69 	 3.141473 
17.70 	 3.141475 
17.71 	 3.141477 
17.72 	 3.141479 
17.73 	 3.141481 
17.74 	 3.141483 
17.75 	 3.141485 
17.76 	 3.141487 
17.77 	 3.141489 
17.78 	 3.141491 
17.79 	 3.141493 
17.80 	 3.141495 
17.81 	 3.141497 
17.82 	 3.141498 
17.83 	 3.141500 
17.84 	 3.141502 
17.85 	 3.141504 
17.86 	 3.141505 
17.87 	 3.141507 
17.88 	 3.141509 
17.89 	 3.141510 
17.90 	 3.141512 
17.91 	 3.141513 
17.92 	 3.141515 
17.93 	 3.141516 
17.94 	 3.141517 
17.95 	 3.141519 
17.96 	 3.141520 
17.97 	 3.141522 
17.98 	 3.141523 
17.99 	 3.141524 
18.00 	 3.141525 
18.01 	 3.141527 
18.02 	 3.141528 
18.03 	 3.141529 
18.04 	 3.141530 
18.05 	 3.141531 
18.06 	 3.141533 
18.07 	 3.141534 
18.08 	 3.141535 
18.09 	 3.141536 
18.10 	 3.141537 
18.11 	 3.141538 
18.12 	 3.141539 
18.13 	 3.141540 
18.14 	 3.141541 
18.15 	 3.141542 
18.16 	 3.141543 
18.17 	 3.141544 
18.18 	 3.141545 
18.19 	 3.141546 
18.20 	 3.141546 
18.21 	 3.141547 
18.22 	 3.141548 
18.23 	 3.141549 
18.24 	 3.141550 
18.25 	 3.141551 
18.26 	 3.141551 
18.27 	 3.141552 
18.28 	 3.141553 
18.29 	 3.141554 
18.30 	 3.141554 
18.31 	 3.141555 
18.32 	 3.141556 
18.33 	 3.141556 
18.34 	 3.141557 
18.35 	 3.141558 
18.36 	 3.141558 
18.37 	 3.141559 
18.38 	 3.141560 
18.39 	 3.141560 
18.40 	 3.141561 
18.41 	 3.141561 
18.42 	 3.141562 
18.43 	 3.141563 
18.44 	 3.141563 
18.45 	 3.141564 
18.46 	 3.141564 
18.47 	 3.141565 
18.48 	 3.141565 
18.49 	 3.141566 
18.50 	 3.141566 
18.51 	 3.141567 
18.52 	 3.141567 
18.53 	 3.141568 
18.54 	 3.141568 
18.55 	 3.141569 
18.56 	 3.141569 
18.57 	 3.141570 
18.58 	 3.141570 
18.59 	 3.141570 
18.60 	 3.141571 
18.61 	 3.141571 
18.62 	 3.141572 
18.63 	 3.141572 
18.64 	 3.141572 
18.65 	 3.141573 
18.66 	 3.141573 
18.67 	 3.141573 
18.68 	 3.141574 
18.69 	 3.141574 
18.70 	 3.141575 
18.71 	 3.141575 
18.72 	 3.141575 
18.73 	 3.141576 
18.74 	 3.141576 
18.75 	 3.141576 
18.76 	 3.141576 
18.77 	 3.141577 
18.78 	 3.141577 
18.79 	 3.141577 
18.80 	 3.141578 
18.81 	 3.141578 
18.82 	 3.141578 
18.83 	 3.141578 
18.84 	 3.141579 
18.85 	 3.141579 
18.86 	 3.141579 
18.87 	 3.141579 
18.88 	 3.141580 
18.89 	 3.141580 
18.90 	 3.141580 
18.91 	 3.141580 
18.92 	 3.141581 
18.93 	 3.141581 
18.94 	 3.141581 
18.95 	 3.141581 
18.96 	 3.141582 
18.97 	 3.141582 
18.98 	 3.141582 
18.99 	 3.141582 
19.00 	 3.141582 
19.01 	 3.141583 
19.02 	 3.141583 
19.03 	 3.141583 
19.04 	 3.141583 
19.05 	 3.141583 
19.06 	 3.141583 
19.07 	 3.141584 
19.08 	 3.141584 
19.09 	 3.141584 
19.10 	 3.141584 
19.11 	 3.141584 
19.12 	 3.141584 
19.13 	 3.141585 
19.14 	 3.141585 
19.15 	 3.141585 
19.16 	 3.141585 
19.17 	 3.141585 
19.18 	 3.141585 
19.19 	 3.141585 
19.20 	 3.141586 
19.21 	 3.141586 
19.22 	 3.141586 
19.23 	 3.141586 
19.24 	 3.141586 
19.25 	 3.141586 
19.26 	 3.141586 
19.27 	 3.141586 
19.28 	 3.141587 
19.29 	 3.141587 
19.30 	 3.141587 
19.31 	 3.141587 
19.32 	 3.141587 
19.33 	 3.141587 
19.34 	 3.141587 
19.35 	 3.141587 
19.36 	 3.141587 
19.37 	 3.141587 
19.38 	 3.141588 
19.39 	 3.141588 
19.40 	 3.141588 
19.41 	 3.141588 
19.42 	 3.141588 
19.43 	 3.141588 
19.44 	 3.141588 
19.45 	 3.141588 
19.46 	 3.141588 
19.47 	 3.141588 
19.48 	 3.141588 
19.49 	 3.141589 
19.50 	 3.141589 
19.51 	 3.141589 
19.52 	 3.141589 
19.53 	 3.141589 
19.54 	 3.141589 
19.55 	 3.141589 
19.56 	 3.141589 
19.57 	 3.141589 
19.58 	 3.141589 
19.59 	 3.141589 
19.60 	 3.141589 
19.61 	 3.141589 
19.62 	 3.141589 
19.63 	 3.141589 
19.64 	 3.141590 
19.65 	 3.141590 
19.66 	 3.141590 
19.67 	 3.141590 
19.68 	 3.141590 
19.69 	 3.141590 
19.70 	 3.141590 
19.71 	 3.141590 
19.72 	 3.141590 
19.73 	 3.141590 
19.74 	 3.141590 
19.75 	 3.141590 
19.76 	 3.141590 
19.77 	 3.141590 
19.78 	 3.141590 
19.79 	 3.141590 
19.80 	 3.141590 
19.81 	 3.141590 
19.82 	 3.141590 
19.83 	 3.141590 
19.84 	 3.141591 
19.85 	 3.141591 
19.86 	 3.141591 
19.87 	 3.141591 
19.88 	 3.141591 
19.89 	 3.141591 
19.90 	 3.141591 
19.91 	 3.141591 
19.92 	 3.141591 
19.93 	 3.141591 
19.94 	 3.141591 
19.95 	 3.141591 
19.96 	 3.141591 
19.97 	 3.141591 
19.98 	 3.141591 
19.99 	 3.141591 
20.00 	 3.141591 
20.01 	 3.141591 
20.02 	 3.141591 
20.03 	 3.141591 
20.04 	 3.141591 
20.05 	 3.141591 
20.06 	 3.141591 
20.07 	 3.141591 
20.08 	 3.141591 
20.09 	 3.141591 
20.10 	 3.141591 
20.11 	 3.141591 
20.12 	 3.141591 
20.13 	 3.141591 
20.14 	 3.141591 
20.15 	 3.141591 
20.16 	 3.141591 
20.17 	 3.141592 
20.18 	 3.141592 
20.19 	 3.141592 
20.20 	 3.141592 
20.21 	 3.141592 
20.22 	 3.141592 
20.23 	 3.141592 
20.24 	 3.141592 
20.25 	 3.141592 
20.26 	 3.141592 
20.27 	 3.141592 
20.28 	 3.141592 
20.29 	 3.141592 
20.30 	 3.141592 
20.31 	 3.141592 
20.32 	 3.141592 
20.33 	 3.141592 
20.34 	 3.141592 
20.35 	 3.141592 
20.36 	 3.141592 
20.37 	 3.141592 
20.38 	 3.141592 
20.39 	 3.141592 
20.40 	 3.141592 
20.41 	 3.141592 
20.42 	 3.141592 
20.43 	 3.141592 
20.44 	 3.141592 
20.45 	 3.141592 
20.46 	 3.141592 
20.47 	 3.141592 
20.48 	 3.141592 
20.49 	 3.141592 
20.50 	 3.141592 
20.51 	 3.141592 
20.52 	 3.141592 
20.53 	 3.141592 
20.54 	 3.141592 
20.55 	 3.141592 
20.56 	 3.141592 
20.57 	 3.141592 
20.58 	 3.141592 
20.59 	 3.141592 
20.60 	 3.141592 
20.61 	 3.141592 
20.62 	 3.141592 
20.63 	 3.141592 
20.64 	 3.141592 
20.65 	 3.141592 
20.66 	 3.141592 
20.67 	 3.141592 
20.68 	 3.141592 
20.69 	 3.141592 
20.70 	 3.141592 
20.71 	 3.141592 
20.72 	 3.141592 
20.73 	 3.141592 
20.74 	 3.141592 
20.75 	 3.141592 
20.76 	 3.141592 
20.77 	 3.141592 
20.78 	 3.141592 
20.79 	 3.141592 
20.80 	 3.141592 
20.81 	 3.141592 
20.82 	 3.141592 
20.83 	 3.141592 
20.84 	 3.141592 
20.85 	 3.141592 
20.86 	 3.141592 
20.87 	 3.141592 
20.88 	 3.141592 
20.89 	 3.141592 
20.90 	 3.141592 
20.91 	 3.141592 
20.92 	 3.141592 
20.93 	 3.141592 
20.94 	 3.141592 
20.95 	 3.141592 
20.96 	 3.141592 
20.97 	 3.141592 
20.98 	 3.141592 
20.99 	 3.141592 
21.00 	 3.141592 
21.01 	 3.141592 
21.02 	 3.141592 
21.03 	 3.141592 
21.04 	 3.141592 
21.05 	 3.141592 
21.06 	 3.141592 
21.07 	 3.141592 
21.08 	 3.141592 
21.09 	 3.141592 
21.10 	 3.141592 
21.11 	 3.141592 
21.12 	 3.141592 
21.13 	 3.141592 
21.14 	 3.141592 
21.15 	 3.141592 
21.16 	 3.141592 
21.17 	 3.141592 
21.18 	 3.141592 
21.19 	 3.141592 
21.20 	 3.141592 
21.21 	 3.141592 
21.22 	 3.141592 
21.23 	 3.141592 
21.24 	 3.141592 
21.25 	 3.141593 
21.26 	 3.141593 
21.27 	 3.141593 
21.28 	 3.141593 
21.29 	 3.141593 
21.30 	 3.141593 
21.31 	 3.141593 
21.32 	 3.141593 
21.33 	 3.141593 
21.34 	 3.141593 
21.35 	 3.141593 
21.36 	 3.141593 
21.37 	 3.141593 
21.38 	 3.141593 
21.39 	 3.141593 
21.40 	 3.141593 
21.41 	 3.141593 
21.42 	 3.141593 
21.43 	 3.141593 
21.44 	 3.141593 
21.45 	 3.141593 
21.46 	 3.141593 
21.47 	 3.141593 
21.48 	 3.141593 
21.49 	 3.141593 
21.50 	 3.141593 
21.51 	 3.141593 
21.52 	 3.141593 
21.53 	 3.141593 
21.54 	 3.141593 
21.55 	 3.141593 
21.56 	 3.141593 
21.57 	 3.141593 
21.58 	 3.141593 
21.59 	 3.141593 
21.60 	 3.141593 
21.61 	 3.141593 
21.62 	 3.141593 
21.63 	 3.141593 
21.64 	 3.141593 
21.65 	 3.141593 
21.66 	 3.141593 
21.67 	 3.141593 
21.68 	 3.141593 
21.69 	 3.141593 
21.70 	 3.141593 
21.71 	 3.141593 
21.72 	 3.141593 
21.73 	 3.141593 
21.74 	 3.141593 
21.75 	 3.141593 
21.76 	 3.141593 
21.77 	 3.141593 
21.78 	 3.141593 
21.79 	 3.141593 
21.80 	 3.141593 
21.81 	 3.141593 
21.82 	 3.141593 
21.83 	 3.141593 
21.84 	 3.141593 
21.85 	 3.141593 
21.86 	 3.141593 
21.87 	 3.141593 
21.88 	 3.141593 
21.89 	 3.141593 
21.90 	 3.141593 
21.91 	 3.141593 
21.92 	 3.141593 
21.93 	 3.141593 
21.94 	 3.141593 
21.95 	 3.141593 
21.96 	 3.141593 
21.97 	 3.141593 
21.98 	 3.141593 
21.99 	 3.141593 
22.00 	 3.141593 
22.01 	 3.141593 
22.02 	 3.141593 
22.03 	 3.141593 
22.04 	 3.141593 
22.05 	 3.141593 
22.06 	 3.141593 
22.07 	 3.141593 
22.08 	 3.141593 
22.09 	 3.141593 
22.10 	 3.141593 
22.11 	 3.141593 
22.12 	 3.141593 
22.13 	 3.141593 
22.14 	 3.141593 
22.15 	 3.141593 
22.16 	 3.141593 
22.17 	 3.141593 
22.18 	 3.141593 
22.19 	 3.141593 
22.20 	 3.141593 
22.21 	 3.141593 
22.22 	 3.141593 
22.23 	 3.141593 
22.24 	 3.141593 
22.25 	 3.141593 
22.26 	 3.141593 
22.27 	 3.141593 
22.28 	 3.141593 
22.29 	 3.141593 
22.30 	 3.141593 
22.31 	 3.141593 
22.32 	 3.141593 
22.33 	 3.141593 
22.34 	 3.141593 
22.35 	 3.141593 
22.36 	 3.141593 
22.37 	 3.141593 
22.38 	 3.141593 
22.39 	 3.141593 
22.40 	 3.141593 
22.41 	 3.141593 
22.42 	 3.141593 
22.43 	 3.141593 
22.44 	 3.141593 
22.45 	 3.141593 
22.46 	 3.141593 
22.47 	 3.141593 
22.48 	 3.141593 
22.49 	 3.141593 
22.50 	 3.141593 
22.51 	 3.141593 
22.52 	 3.141593 
22.53 	 3.141593 
22.54 	 3.141593 
22.55 	 3.141593 
22.56 	 3.141593 
22.57 	 3.141593 
22.58 	 3.141593 
22.59 	 3.141593 
22.60 	 3.141593 
22.61 	 3.141593 
22.62 	 3.141593 
22.63 	 3.141593 
22.64 	 3.141593 
22.65 	 3.141593 
22.66 	 3.141593 
22.67 	 3.141593 
22.68 	 3.141593 
22.69 	 3.141593 
22.70 	 3.141593 
22.71 	 3.141593 
22.72 	 3.141593 
22.73 	 3.141593 
22.74 	 3.141593 
22.75 	 3.141593 
22.76 	 3.141593 
22.77 	 3.141593 
22.78 	 3.141593 
22.79 	 3.141593 
22.80 	 3.141593 
22.81 	 3.141593 
22.82 	 3.141593 
22.83 	 3.141593 
22.84 	 3.141593 
22.85 	 3.141593 
22.86 	 3.141593 
22.87 	 3.141593 
22.88 	 3.141593 
22.89 	 3.141593 
22.90 	 3.141593 
22.91 	 3.141593 
22.92 	 3.141593 
22.93 	 3.141593 
22.94 	 3.141593 
22.95 	 3.141593 
22.96 	 3.141593 
22.97 	 3.141593 
22.98 	 3.141593 
22.99 	 3.141593 
23.00 	 3.141593 
23.01 	 3.141593 
23.02 	 3.141593 
23.03 	 3.141593 
23.04 	 3.141593 
23.05 	 3.141593 
23.06 	 3.141593 
23.07 	 3.141593 
23.08 	 3.141593 
23.09 	 3.141593 
23.10 	 3.141593 
23.11 	 3.141593 
23.12 	 3.141593 
23.13 	 3.141593 
23.14 	 3.141593 
23.15 	 3.141593 
23.16 	 3.141593 
23.17 	 3.141593 
23.18 	 3.141593 
23.19 	 3.141593 
23.20 	 3.141593 
23.21 	 3.141593 
23.22 	 3.141593 
23.23 	 3.141593 
23.24 	 3.141593 
23.25 	 3.141593 
23.26 	 3.141593 
23.27 	 3.141593 
23.28 	 3.141593 
23.29 	 3.141593 
23.30 	 3.141593 
23.31 	 3.141593 
23.32 	 3.141593 
23.33 	 3.141593 
23.34 	 3.141593 
23.35 	 3.141593 
23.36 	 3.141593 
23.37 	 3.141593 
23.38 	 3.141593 
23.39 	 3.141593 
23.40 	 3.141593 
23.41 	 3.141593 
23.42 	 3.141593 
23.43 	 3.141593 
23.44 	 3.141593 
23.45 	 3.141593 
23.46 	 3.141593 
23.47 	 3.141593 
23.48 	 3.141593 
23.49 	 3.141593 
23.50 	 3.141593 
23.51 	 3.141593 
23.52 	 3.141593 
23.53 	 3.141593 
23.54 	 3.141593 
23.55 	 3.141593 
23.56 	 3.141593 
23.57 	 3.141593 
23.58 	 3.141593 
23.59 	 3.141593 
23.60 	 3.141593 
23.61 	 3.141593 
23.62 	 3.141593 
23.63 	 3.141593 
23.64 	 3.141593 
23.65 	 3.141593 
23.66 	 3.141593 
23.67 	 3.141593 
23.68 	 3.141593 
23.69 	 3.141593 
23.70 	 3.141593 
23.71 	 3.141593 
23.72 	 3.141593 
23.73 	 3.141593 
23.74 	 3.141593 
23.75 	 3.141593 
23.76 	 3.141593 
23.77 	 3.141593 
23.78 	 3.141593 
23.79 	 3.141593 
23.80 	 3.141593 
23.81 	 3.141593 
23.82 	 3.141593 
23.83 	 3.141593 
23.84 	 3.141593 
23.85 	 3.141593 
23.86 	 3.141593 
23.87 	 3.141593 
23.88 	 3.141593 
23.89 	 3.141593 
23.90 	 3.141593 
23.91 	 3.141593 
23.92 	 3.141593 
23.93 	 3.141593 
23.94 	 3.141593 
23.95 	 3.141593 
23.96 	 3.141593 
23.97 	 3.141593 
23.98 	 3.141593 
23.99 	 3.141593 
24.00 	 3.141593 
24.01 	 3.141593 
24.02 	 3.141593 
24.03 	 3.141593 
24.04 	 3.141593 
24.05 	 3.141593 
24.06 	 3.141593 
24.07 	 3.141593 
24.08 	 3.141593 
24.09 	 3.141593 
24.10 	 3.141593 
24.11 	 3.141593 
24.12 	 3.141593 
24.13 	 3.141593 
24.14 	 3.141593 
24.15 	 3.141593 
24.16 	 3.141593 
24.17 	 3.141593 
24.18 	 3.141593 
24.19 	 3.141593 
24.20 	 3.141593 
24.21 	 3.141593 
24.22 	 3.141593 
24.23 	 3.141593 
24.24 	 3.141593 
24.25 	 3.141593 
24.26 	 3.141593 
24.27 	 3.141593 
24.28 	 3.141593 
24.29 	 3.141593 
24.30 	 3.141593 
24.31 	 3.141593 
24.32 	 3.141593 
24.33 	 3.141593 
24.34 	 3.141593 
24.35 	 3.141593 
24.36 	 3.141593 
24.37 	 3.141593 
24.38 	 3.141593 
24.39 	 3.141593 
24.40 	 3.141593 
24.41 	 3.141593 
24.42 	 3.141593 
24.43 	 3.141593 
24.44 	 3.141593 
24.45 	 3.141593 
24.46 	 3.141593 
24.47 	 3.141593 
24.48 	 3.141593 
24.49 	 3.141593 
24.50 	 3.141593 
24.51 	 3.141593 
24.52 	 3.141593 
24.53 	 3.141593 
24.54 	 3.141593 
24.55 	 3.141593 
24.56 	 3.141593 
24.57 	 3.141593 
24.58 	 3.141593 
24.59 	 3.141593 
24.60 	 3.141593 
24.61 	 3.141593 
24.62 	 3.141593 
24.63 	 3.141593 
24.64 	 3.141593 
24.65 	 3.141593 
24.66 	 3.141593 
24.67 	 3.141593 
24.68 	 3.141593 
24.69 	 3.141593 
24.70 	 3.141593 
24.71 	 3.141593 
24.72 	 3.141593 
24.73 	 3.141593 
24.74 	 3.141593 
24.75 	 3.141593 
24.76 	 3.141593 
24.77 	 3.141593 
24.78 	 3.141593 
24.79 	 3.141593 
24.80 	 3.141593 
24.81 	 3.141593 
24.82 	 3.141593 
24.83 	 3.141593 
24.84 	 3.141593 
24.85 	 3.141593 
24.86 	 3.141593 
24.87 	 3.141593 
24.88 	 3.141593 
24.89 	 3.141593 
24.90 	 3.141593 
24.91 	 3.141593 
24.92 	 3.141593 
24.93 	 3.141593 
24.94 	 3.141593 
24.95 	 3.141593 
24.96 	 3.141593 
24.97 	 3.141593 
24.98 	 3.141593 
24.99 	 3.141593 
25.00 	 3.141593 
25.01 	 3.141593 
25.02 	 3.141593 
25.03 	 3.141593 
25.04 	 3.141593 
25.05 	 3.141593 
25.06 	 3.141593 
25.07 	 3.141593 
25.08 	 3.141593 
25.09 	 3.141593 
25.10 	 3.141593 
25.11 	 3.141593 
25.12 	 3.141593 
25.13 	 3.141593 
25.14 	 3.141593 
25.15 	 3.141593 
25.16 	 3.141593 
25.17 	 3.141593 
25.18 	 3.141593 
25.19 	 3.141593 
25.20 	 3.141593 
25.21 	 3.141593 
25.22 	 3.141593 
25.23 	 3.141593 
25.24 	 3.141593 
25.25 	 3.141593 
25.26 	 3.141593 
25.27 	 3.141593 
25.28 	 3.141593 
25.29 	 3.141593 
25.30 	 3.141593 
25.31 	 3.141593 
25.32 	 3.141593 
25.33 	 3.141593 
25.34 	 3.141593 
25.35 	 3.141593 
25.36 	 3.141593 
25.37 	 3.141593 
25.38 	 3.141593 
25.39 	 3.141593 
25.40 	 3.141593 
25.41 	 3.141593 
25.42 	 3.141593 
25.43 	 3.141593 
25.44 	 3.141593 
25.45 	 3.141593 
25.46 	 3.141593 
25.47 	 3.141593 
25.48 	 3.141593 
25.49 	 3.141593 
25.50 	 3.141593 
25.51 	 3.141593 
25.52 	 3.141593 
25.53 	 3.141593 
25.54 	 3.141593 
25.55 	 3.141593 
25.56 	 3.141593 
25.57 	 3.141593 
25.58 	 3.141593 
25.59 	 3.141593 
25.60 	 3.141593 
25.61 	 3.141593 
25.62 	 3.141593 
25.63 	 3.141593 
25.64 	 3.141593 
25.65 	 3.141593 
25.66 	 3.141593 
25.67 	 3.141593 
25.68 	 3.141593 
25.69 	 3.141593 
25.70 	 3.141593 
25.71 	 3.141593 
25.72 	 3.141593 
25.73 	 3.141593 
25.74 	 3.141593 
25.75 	 3.141593 
25.76 	 3.141593 
25.77 	 3.141593 
25.78 	 3.141593 
25.79 	 3.141593 
25.80 	 3.141593 
25.81 	 3.141593 
25.82 	 3.141593 
25.83 	 3.141593 
25.84 	 3.141593 
25.85 	 3.141593 
25.86 	 3.141593 
25.87 	 3.141593 
25.88 	 3.141593 
25.89 	 3.141593 
25.90 	 3.141593 
25.91 	 3.141593 
25.92 	 3.141593 
25.93 	 3.141593 
25.94 	 3.141593 
25.95 	 3.141593 
25.96 	 3.141593 
25.97 	 3.141593 
25.98 	 3.141593 
25.99 	 3.141593 
26.00 	 3.141593 
26.01 	 3.141593 
26.02 	 3.141593 
26.03 	 3.141593 
26.04 	 3.141593 
26.05 	 3.141593 
26.06 	 3.141593 
26.07 	 3.141593 
26.08 	 3.141593 
26.09 	 3.141593 
26.10 	 3.141593 
26.11 	 3.141593 
26.12 	 3.141593 
26.13 	 3.141593 
26.14 	 3.141593 
26.15 	 3.141593 
26.16 	 3.141593 
26.17 	 3.141593 
26.18 	 3.141593 
26.19 	 3.141593 
26.20 	 3.141593 
26.21 	 3.141593 
26.22 	 3.141593 
26.23 	 3.141593 
26.24 	 3.141593 
26.25 	 3.141593 
26.26 	 3.141593 
26.27 	 3.141593 
26.28 	 3.141593 
26.29 	 3.141593 
26.30 	 3.141593 
26.31 	 3.141593 
26.32 	 3.141593 
26.33 	 3.141593 
26.34 	 3.141593 
26.35 	 3.141593 
26.36 	 3.141593 
26.37 	 3.141593 
26.38 	 3.141593 
26.39 	 3.141593 
26.40 	 3.141593 
26.41 	 3.141593 
26.42 	 3.141593 
26.43 	 3.141593 
26.44 	 3.141593 
26.45 	 3.141593 
26.46 	 3.141593 
26.47 	 3.141593 
26.48 	 3.141593 
26.49 	 3.141593 
26.50 	 3.141593 
26.51 	 3.141593 
26.52 	 3.141593 
26.53 	 3.141593 
26.54 	 3.141593 
26.55 	 3.141593 
26.56 	 3.141593 
26.57 	 3.141593 
26.58 	 3.141593 
26.59 	 3.141593 
26.60 	 3.141593 
26.61 	 3.141593 
26.62 	 3.141593 
26.63 	 3.141593 
26.64 	 3.141593 
26.65 	 3.141593 
26.66 	 3.141593 
26.67 	 3.141593 
26.68 	 3.141593 
26.69 	 3.141593 
26.70 	 3.141593 
26.71 	 3.141593 
26.72 	 3.141593 
26.73 	 3.141593 
26.74 	 3.141593 
26.75 	 3.141593 
26.76 	 3.141593 
26.77 	 3.141593 
26.78 	 3.141593 
26.79 	 3.141593 
26.80 	 3.141593 
26.81 	 3.141593 
26.82 	 3.141593 
26.83 	 3.141593 
26.84 	 3.141593 
26.85 	 3.141593 
26.86 	 3.141593 
26.87 	 3.141593 
26.88 	 3.141593 
26.89 	 3.141593 
26.90 	 3.141593 
26.91 	 3.141593 
26.92 	 3.141593 
26.93 	 3.141593 
26.94 	 3.141593 
26.95 	 3.141593 
26.96 	 3.141593 
26.97 	 3.141593 
26.98 	 3.141593 
26.99 	 3.141593 
27.00 	 3.141593 
27.01 	 3.141593 
27.02 	 3.141593 
27.03 	 3.141593 
27.04 	 3.141593 
27.05 	 3.141593 
27.06 	 3.141593 
27.07 	 3.141593 
27.08 	 3.141593 
27.09 	 3.141593 
27.10 	 3.141593 
27.11 	 3.141593 
27.12 	 3.141593 
27.13 	 3.141593 
27.14 	 3.141593 
27.15 	 3.141593 
27.16 	 3.141593 
27.17 	 3.141593 
27.18 	 3.141593 
27.19 	 3.141593 
27.20 	 3.141593 
27.21 	 3.141593 
27.22 	 3.141593 
27.23 	 3.141593 
27.24 	 3.141593 
27.25 	 3.141593 
27.26 	 3.141593 
27.27 	 3.141593 
27.28 	 3.141593 
27.29 	 3.141593 
27.30 	 3.141593 
27.31 	 3.141593 
27.32 	 3.141593 
27.33 	 3.141593 
27.34 	 3.141593 
27.35 	 3.141593 
27.36 	 3.141593 
27.37 	 3.141593 
27.38 	 3.141593 
27.39 	 3.141593 
27.40 	 3.141593 
27.41 	 3.141593 
27.42 	 3.141593 
27.43 	 3.141593 
27.44 	 3.141593 
27.45 	 3.141593 
27.46 	 3.141593 
27.47 	 3.141593 
27.48 	 3.141593 
27.49 	 3.141593 
27.50 	 3.141593 
27.51 	 3.141593 
27.52 	 3.141593 
27.53 	 3.141593 
27.54 	 3.141593 
27.55 	 3.141593 
27.56 	 3.141593 
27.57 	 3.141593 
27.58 	 3.141593 
27.59 	 3.141593 
27.60 	 3.141593 
27.61 	 3.141593 
27.62 	 3.141593 
27.63 	 3.141593 
27.64 	 3.141593 
27.65 	 3.141593 
27.66 	 3.141593 
27.67 	 3.141593 
27.68 	 3.141593 
27.69 	 3.141593 
27.70 	 3.141593 
27.71 	 3.141593 
27.72 	 3.141593 
27.73 	 3.141593 
27.74 	 3.141593 
27.75 	 3.141593 
27.76 	 3.141593 
27.77 	 3.141593 
27.78 	 3.141593 
27.79 	 3.141593 
27.80 	 3.141593 
27.81 	 3.141593 
27.82 	 3.141593 
27.83 	 3.141593 
27.84 	 3.141593 
27.85 	 3.141593 
27.86 	 3.141593 
27.87 	 3.141593 
27.88 	 3.141593 
27.89 	 3.141593 
27.90 	 3.141593 
27.91 	 3.141593 
27.92 	 3.141593 
27.93 	 3.141593 
27.94 	 3.141593 
27.95 	 3.141593 
27.96 	 3.141593 
27.97 	 3.141593 
27.98 	 3.141593 
27.99 	 3.141593 
28.00 	 3.141593 
28.01 	 3.141593 
28.02 	 3.141593 
28.03 	 3.141593 
28.04 	 3.141593 
28.05 	 3.141593 
28.06 	 3.141593 
28.07 	 3.141593 
28.08 	 3.141593 
28.09 	 3.141593 
28.10 	 3.141593 
28.11 	 3.141593 
28.12 	 3.141593 
28.13 	 3.141593 
28.14 	 3.141593 
28.15 	 3.141593 
28.16 	 3.141593 
28.17 	 3.141593 
28.18 	 3.141593 
28.19 	 3.141593 
28.20 	 3.141593 
28.21 	 3.141593 
28.22 	 3.141593 
28.23 	 3.141593 
28.24 	 3.141593 
28.25 	 3.141593 
28.26 	 3.141593 
28.27 	 3.141593 
28.28 	 3.141593 
28.29 	 3.141593 
28.30 	 3.141593 
28.31 	 3.141593 
28.32 	 3.141593 
28.33 	 3.141593 
28.34 	 3.141593 
28.35 	 3.141593 
28.36 	 3.141593 
28.37 	 3.141593 
28.38 	 3.141593 
28.39 	 3.141593 
28.40 	 3.141593 
28.41 	 3.141593 
28.42 	 3.141593 
28.43 	 3.141593 
28.44 	 3.141593 
28.45 	 3.141593 
28.46 	 3.141593 
28.47 	 3.141593 
28.48 	 3.141593 
28.49 	 3.141593 
28.50 	 3.141593 
28.51 	 3.141593 
28.52 	 3.141593 
28.53 	 3.141593 
28.54 	 3.141593 
28.55 	 3.141593 
28.56 	 3.141593 
28.57 	 3.141593 
28.58 	 3.141593 
28.59 	 3.141593 
28.60 	 3.141593 
28.61 	 3.141593 
28.62 	 3.141593 
28.63 	 3.141593 
28.64 	 3.141593 
28.65 	 3.141593 
28.66 	 3.141593 
28.67 	 3.141593 
28.68 	 3.141593 
28.69 	 3.141593 
28.70 	 3.141593 
28.71 	 3.141593 
28.72 	 3.141593 
28.73 	 3.141593 
28.74 	 3.141593 
28.75 	 3.141593 
28.76 	 3.141593 
28.77 	 3.141593 
28.78 	 3.141593 
28.79 	 3.141593 
28.80 	 3.141593 
28.81 	 3.141593 
28.82 	 3.141593 
28.83 	 3.141593 
28.84 	 3.141593 
28.85 	 3.141593 
28.86 	 3.141593 
28.87 	 3.141593 
28.88 	 3.141593 
28.89 	 3.141593 
28.90 	 3.141593 
28.91 	 3.141593 
28.92 	 3.141593 
28.93 	 3.141593 
28.94 	 3.141593 
28.95 	 3.141593 
28.96 	 3.141593 
28.97 	 3.141593 
28.98 	 3.141593 
28.99 	 3.141593 
29.00 	 3.141593 
29.01 	 3.141593 
29.02 	 3.141593 
29.03 	 3.141593 
29.04 	 3.141593 
29.05 	 3.141593 
29.06 	 3.141593 
29.07 	 3.141593 
29.08 	 3.141593 
29.09 	 3.141593 
29.10 	 3.141593 
29.11 	 3.141593 
29.12 	 3.141593 
29.13 	 3.141593 
29.14 	 3.141593 
29.15 	 3.141593 
29.16 	 3.141593 
29.17 	 3.141593 
29.18 	 3.141593 
29.19 	 3.141593 
29.20 	 3.141593 
29.21 	 3.141593 
29.22 	 3.141593 
29.23 	 3.141593 
29.24 	 3.141593 
29.25 	 3.141593 
29.26 	 3.141593 
29.27 	 3.141593 
29.28 	 3.141593 
29.29 	 3.141593 
29.30 	 3.141593 
29.31 	 3.141593 
29.32 	 3.141593 
29.33 	 3.141593 
29.34 	 3.141593 
29.35 	 3.141593 
29.36 	 3.141593 
29.37 	 3.141593 
29.38 	 3.141593 
29.39 	 3.141593 
29.40 	 3.141593 
29.41 	 3.141593 
29.42 	 3.141593 
29.43 	 3.141593 
29.44 	 3.141593 
29.45 	 3.141593 
29.46 	 3.141593 
29.47 	 3.141593 
29.48 	 3.141593 
29.49 	 3.141593 
29.50 	 3.141593 
29.51 	 3.141593 
29.52 	 3.141593 
29.53 	 3.141593 
29.54 	 3.141593 
29.55 	 3.141593 
29.56 	 3.141593 
29.57 	 3.141593 
29.58 	 3.141593 
29.59 	 3.141593 
29.60 	 3.141593 
29.61 	 3.141593 
29.62 	 3.141593 
29.63 	 3.141593 
29.64 	 3.141593 
29.65 	 3.141593 
29.66 	 3.141593 
29.67 	 3.141593 
29.68 	 3.141593 
29.69 	 3.141593 
29.70 	 3.141593 
29.71 	 3.141593 
29.72 	 3.141593 
29.73 	 3.141593 
29.74 	 3.141593 
29.75 	 3.141593 
29.76 	 3.141593 
29.77 	 3.141593 
29.78 	 3.141593 
29.79 	 3.141593 
29.80 	 3.141593 
29.81 	 3.141593 
29.82 	 3.141593 
29.83 	 3.141593 
29.84 	 3.141593 
29.85 	 3.141593 
29.86 	 3.141593 
29.87 	 3.141593 
29.88 	 3.141593 
29.89 	 3.141593 
29.90 	 3.141593 
29.91 	 3.141593 
29.92 	 3.141593 
29.93 	 3.141593 
29.94 	 3.141593 
29.95 	 3.141593 
29.96 	 3.141593 
29.97 	 3.141593 
29.98 	 3.141593 
29.99 	 3.141593 
30.00 	 3.141593 
30.01 	 3.141593 
30.02 	 3.141593 
30.03 	 3.141593 
30.04 	 3.141593 
30.05 	 3.141593 
30.06 	 3.141593 
30.07 	 3.141593 
30.08 	 3.141593 
30.09 	 3.141593 
30.10 	 3.141593 
30.11 	 3.141593 
30.12 	 3.141593 
30.13 	 3.141593 
30.14 	 3.141593 
30.15 	 3.141593 
30.16 	 3.141593 
30.17 	 3.141593 
30.18 	 3.141593 
30.19 	 3.141593 
30.20 	 3.141593 
30.21 	 3.141593 
30.22 	 3.141593 
30.23 	 3.141593 
30.24 	 3.141593 
30.25 	 3.141593 
30.26 	 3.141593 
30.27 	 3.141593 
30.28 	 3.141593 
30.29 	 3.141593 
30.30 	 3.141593 
30.31 	 3.141593 
30.32 	 3.141593 
30.33 	 3.141593 
30.34 	 3.141593 
30.35 	 3.141593 
30.36 	 3.141593 
30.37 	 3.141593 
30.38 	 3.141593 
30.39 	 3.141593 
30.40 	 3.141593 
30.41 	 3.141593 
30.42 	 3.141593 
30.43 	 3.141593 
30.44 	 3.141593 
30.45 	 3.141593 
30.46 	 3.141593 
30.47 	 3.141593 
30.48 	 3.141593 
30.49 	 3.141593 
30.50 	 3.141593 
30.51 	 3.141593 
30.52 	 3.141593 
30.53 	 3.141593 
30.54 	 3.141593 
30.55 	 3.141593 
30.56 	 3.141593 
30.57 	 3.141593 
30.58 	 3.141593 
30.59 	 3.141593 
30.60 	 3.141593 
30.61 	 3.141593 
30.62 	 3.141593 
30.63 	 3.141593 
30.64 	 3.141593 
30.65 	 3.141593 
30.66 	 3.141593 
30.67 	 3.141593 
30.68 	 3.141593 
30.69 	 3.141593 
30.70 	 3.141593 
30.71 	 3.141593 
30.72 	 3.141593 
30.73 	 3.141593 
30.74 	 3.141593 
30.75 	 3.141593 
30.76 	 3.141593 
30.77 	 3.141593 
30.78 	 3.141593 
30.79 	 3.141593 
30.80 	 3.141593 
30.81 	 3.141593 
30.82 	 3.141593 
30.83 	 3.141593 
30.84 	 3.141593 
30.85 	 3.141593 
30.86 	 3.141593 
30.87 	 3.141593 
30.88 	 3.141593 
30.89 	 3.141593 
30.90 	 3.141593 
30.91 	 3.141593 
30.92 	 3.141593 
30.93 	 3.141593 
30.94 	 3.141593 
30.95 	 3.141593 
30.96 	 3.141593 
30.97 	 3.141593 
30.98 	 3.141593 
30.99 	 3.141593 
31.00 	 3.141593 
31.01 	 3.141593 
31.02 	 3.141593 
31.03 	 3.141593 
31.04 	 3.141593 
31.05 	 3.141593 
31.06 	 3.141593 
31.07 	 3.141593 
31.08 	 3.141593 
31.09 	 3.141593 
31.10 	 3.141593 
31.11 	 3.141593 
31.12 	 3.141593 
31.13 	 3.141593 
31.14 	 3.141593 
31.15 	 3.141593 
31.16 	 3.141593 
31.17 	 3.141593 
31.18 	 3.141593 
31.19 	 3.141593 
31.20 	 3.141593 
31.21 	 3.141593 
31.22 	 3.141593 
31.23 	 3.141593 
31.24 	 3.141593 
31.25 	 3.141593 
31.26 	 3.141593 
31.27 	 3.141593 
31.28 	 3.141593 
31.29 	 3.141593 
31.30 	 3.141593 
31.31 	 3.141593 
31.32 	 3.141593 
31.33 	 3.141593 
31.34 	 3.141593 
31.35 	 3.141593 
31.36 	 3.141593 
31.37 	 3.141593 
31.38 	 3.141593 
31.39 	 3.141593 
31.40 	 3.141593 
31.41 	 3.141593 
31.42 	 3.141593 
31.43 	 3.141593 
31.44 	 3.141593 
31.45 	 3.141593 
31.46 	 3.141593 
31.47 	 3.141593 
31.48 	 3.141593 
31.49 	 3.141593 
31.50 	 3.141593 
31.51 	 3.141593 
31.52 	 3.141593 
31.53 	 3.141593 
31.54 	 3.141593 
31.55 	 3.141593 
31.56 	 3.141593 
31.57 	 3.141593 
31.58 	 3.141593 
31.59 	 3.141593 
31.60 	 3.141593 
31.61 	 3.141593 
31.62 	 3.141593 
31.63 	 3.141593 
31.64 	 3.141593 
31.65 	 3.141593 
31.66 	 3.141593 
31.67 	 3.141593 
31.68 	 3.141593 
31.69 	 3.141593 
31.70 	 3.141593 
31.71 	 3.141593 
31.72 	 3.141593 
31.73 	 3.141593 
31.74 	 3.141593 
31.75 	 3.141593 
31.76 	 3.141593 
31.77 	 3.141593 
31.78 	 3.141593 
31.79 	 3.141593 
31.80 	 3.141593 
31.81 	 3.141593 
31.82 	 3.141593 
31.83 	 3.141593 
31.84 	 3.141593 
31.85 	 3.141593 
31.86 	 3.141593 
31.87 	 3.141593 
31.88 	 3.141593 
31.89 	 3.141593 
31.90 	 3.141593 
31.91 	 3.141593 
31.92 	 3.141593 
31.93 	 3.141593 
31.94 	 3.141593 
31.95 	 3.141593 
31.96 	 3.141593 
31.97 	 3.141593 
31.98 	 3.141593 
31.99 	 3.141593 
32.00 	 3.141593 
32.01 	 3.141593 
32.02 	 3.141593 
32.03 	 3.141593 
32.04 	 3.141593 
32.05 	 3.141593 
32.06 	 3.141593 
32.07 	 3.141593 
32.08 	 3.141593 
32.09 	 3.141593 
32.10 	 3.141593 
32.11 	 3.141593 
32.12 	 3.141593 
32.13 	 3.141593 
32.14 	 3.141593 
32.15 	 3.141593 
32.16 	 3.141593 
32.17 	 3.141593 
32.18 	 3.141593 
32.19 	 3.141593 
32.20 	 3.141593 
32.21 	 3.141593 
32.22 	 3.141593 
32.23 	 3.141593 
32.24 	 3.141593 
32.25 	 3.141593 
32.26 	 3.141593 
32.27 	 3.141593 
32.28 	 3.141593 
32.29 	 3.141593 
32.30 	 3.141593 
32.31 	 3.141593 
32.32 	 3.141593 
32.33 	 3.141593 
32.34 	 3.141593 
32.35 	 3.141593 
32.36 	 3.141593 
32.37 	 3.141593 
32.38 	 3.141593 
32.39 	 3.141593 
32.40 	 3.141593 
32.41 	 3.141593 
32.42 	 3.141593 
32.43 	 3.141593 
32.44 	 3.141593 
32.45 	 3.141593 
32.46 	 3.141593 
32.47 	 3.141593 
32.48 	 3.141593 
32.49 	 3.141593 
32.50 	 3.141593 
32.51 	 3.141593 
32.52 	 3.141593 
32.53 	 3.141593 
32.54 	 3.141593 
32.55 	 3.141593 
32.56 	 3.141593 
32.57 	 3.141593 
32.58 	 3.141593 
32.59 	 3.141593 
32.60 	 3.141593 
32.61 	 3.141593 
32.62 	 3.141593 
32.63 	 3.141593 
32.64 	 3.141593 
32.65 	 3.141593 
32.66 	 3.141593 
32.67 	 3.141593 
32.68 	 3.141593 
32.69 	 3.141593 
32.70 	 3.141593 
32.71 	 3.141593 
32.72 	 3.141593 
32.73 	 3.141593 
32.74 	 3.141593 
32.75 	 3.141593 
32.76 	 3.141593 
32.77 	 3.141593 
32.78 	 3.141593 
32.79 	 3.141593 
32.80 	 3.141593 
32.81 	 3.141593 
32.82 	 3.141593 
32.83 	 3.141593 
32.84 	 3.141593 
32.85 	 3.141593 
32.86 	 3.141593 
32.87 	 3.141593 
32.88 	 3.141593 
32.89 	 3.141593 
32.90 	 3.141593 
32.91 	 3.141593 
32.92 	 3.141593 
32.93 	 3.141593 
32.94 	 3.141593 
32.95 	 3.141593 
32.96 	 3.141593 
32.97 	 3.141593 
32.98 	 3.141593 
32.99 	 3.141593 
33.00 	 3.141593 
33.01 	 3.141593 
33.02 	 3.141593 
33.03 	 3.141593 
33.04 	 3.141593 
33.05 	 3.141593 
33.06 	 3.141593 
33.07 	 3.141593 
33.08 	 3.141593 
33.09 	 3.141593 
33.10 	 3.141593 
33.11 	 3.141593 
33.12 	 3.141593 
33.13 	 3.141593 
33.14 	 3.141593 
33.15 	 3.141593 
33.16 	 3.141593 
33.17 	 3.141593 
33.18 	 3.141593 
33.19 	 3.141593 
33.20 	 3.141593 
33.21 	 3.141593 
33.22 	 3.141593 
33.23 	 3.141593 
33.24 	 3.141593 
33.25 	 3.141593 
33.26 	 3.141593 
33.27 	 3.141593 
33.28 	 3.141593 
33.29 	 3.141593 
33.30 	 3.141593 
33.31 	 3.141593 
33.32 	 3.141593 
33.33 	 3.141593 
33.34 	 3.141593 
33.35 	 3.141593 
33.36 	 3.141593 
33.37 	 3.141593 
33.38 	 3.141593 
33.39 	 3.141593 
33.40 	 3.141593 
33.41 	 3.141593 
33.42 	 3.141593 
33.43 	 3.141593 
33.44 	 3.141593 
33.45 	 3.141593 
33.46 	 3.141593 
33.47 	 3.141593 
33.48 	 3.141593 
33.49 	 3.141593 
33.50 	 3.141593 
33.51 	 3.141593 
33.52 	 3.141593 
33.53 	 3.141593 
33.54 	 3.141593 
33.55 	 3.141593 
33.56 	 3.141593 
33.57 	 3.141593 
33.58 	 3.141593 
33.59 	 3.141593 
33.60 	 3.141593 
33.61 	 3.141593 
33.62 	 3.141593 
33.63 	 3.141593 
33.64 	 3.141593 
33.65 	 3.141593 
33.66 	 3.141593 
33.67 	 3.141593 
33.68 	 3.141593 
33.69 	 3.141593 
33.70 	 3.141593 
33.71 	 3.141593 
33.72 	 3.141593 
33.73 	 3.141593 
33.74 	 3.141593 
33.75 	 3.141593 
33.76 	 3.141593 
33.77 	 3.141593 
33.78 	 3.141593 
33.79 	 3.141593 
33.80 	 3.141593 
33.81 	 3.141593 
33.82 	 3.141593 
33.83 	 3.141593 
33.84 	 3.141593 
33.85 	 3.141593 
33.86 	 3.141593 
33.87 	 3.141593 
33.88 	 3.141593 
33.89 	 3.141593 
33.90 	 3.141593 
33.91 	 3.141593 
33.92 	 3.141593 
33.93 	 3.141593 
33.94 	 3.141593 
33.95 	 3.141593 
33.96 	 3.141593 
33.97 	 3.141593 
33.98 	 3.141593 
33.99 	 3.141593 
34.00 	 3.141593 
34.01 	 3.141593 
34.02 	 3.141593 
34.03 	 3.141593 
34.04 	 3.141593 
34.05 	 3.141593 
34.06 	 3.141593 
34.07 	 3.141593 
34.08 	 3.141593 
34.09 	 3.141593 
34.10 	 3.141593 
34.11 	 3.141593 
34.12 	 3.141593 
34.13 	 3.141593 
34.14 	 3.141593 
34.15 	 3.141593 
34.16 	 3.141593 
34.17 	 3.141593 
34.18 	 3.141593 
34.19 	 3.141593 
34.20 	 3.141593 
34.21 	 3.141593 
34.22 	 3.141593 
34.23 	 3.141593 
34.24 	 3.141593 
34.25 	 3.141593 
34.26 	 3.141593 
34.27 	 3.141593 
34.28 	 3.141593 
34.29 	 3.141593 
34.30 	 3.141593 
34.31 	 3.141593 
34.32 	 3.141593 
34.33 	 3.141593 
34.34 	 3.141593 
34.35 	 3.141593 
34.36 	 3.141593 
34.37 	 3.141593 
34.38 	 3.141593 
34.39 	 3.141593 
34.40 	 3.141593 
34.41 	 3.141593 
34.42 	 3.141593 
34.43 	 3.141593 
34.44 	 3.141593 
34.45 	 3.141593 
34.46 	 3.141593 
34.47 	 3.141593 
34.48 	 3.141593 
34.49 	 3.141593 
34.50 	 3.141593 
34.51 	 3.141593 
34.52 	 3.141593 
34.53 	 3.141593 
34.54 	 3.141593 
34.55 	 3.141593 
34.56 	 3.141593 
34.57 	 3.141593 
34.58 	 3.141593 
34.59 	 3.141593 
34.60 	 3.141593 
34.61 	 3.141593 
34.62 	 3.141593 
34.63 	 3.141593 
34.64 	 3.141593 
34.65 	 3.141593 
34.66 	 3.141593 
34.67 	 3.141593 
34.68 	 3.141593 
34.69 	 3.141593 
34.70 	 3.141593 
34.71 	 3.141593 
34.72 	 3.141593 
34.73 	 3.141593 
34.74 	 3.141593 
34.75 	 3.141593 
34.76 	 3.141593 
34.77 	 3.141593 
34.78 	 3.141593 
34.79 	 3.141593 
34.80 	 3.141593 
34.81 	 3.141593 
34.82 	 3.141593 
34.83 	 3.141593 
34.84 	 3.141593 
34.85 	 3.141593 
34.86 	 3.141593 
34.87 	 3.141593 
34.88 	 3.141593 
34.89 	 3.141593 
34.90 	 3.141593 
34.91 	 3.141593 
34.92 	 3.141593 
34.93 	 3.141593 
34.94 	 3.141593 
34.95 	 3.141593 
34.96 	 3.141593 
34.97 	 3.141593 
34.98 	 3.141593 
34.99 	 3.141593 
35.00 	 3.141593 
35.01 	 3.141593 
35.02 	 3.141593 
35.03 	 3.141593 
35.04 	 3.141593 
35.05 	 3.141593 
35.06 	 3.141593 
35.07 	 3.141593 
35.08 	 3.141593 
35.09 	 3.141593 
35.10 	 3.141593 
35.11 	 3.141593 
35.12 	 3.141593 
35.13 	 3.141593 
35.14 	 3.141593 
35.15 	 3.141593 
35.16 	 3.141593 
35.17 	 3.141593 
35.18 	 3.141593 
35.19 	 3.141593 
35.20 	 3.141593 
35.21 	 3.141593 
35.22 	 3.141593 
35.23 	 3.141593 
35.24 	 3.141593 
35.25 	 3.141593 
35.26 	 3.141593 
35.27 	 3.141593 
35.28 	 3.141593 
35.29 	 3.141593 
35.30 	 3.141593 
35.31 	 3.141593 
35.32 	 3.141593 
35.33 	 3.141593 
35.34 	 3.141593 
35.35 	 3.141593 
35.36 	 3.141593 
35.37 	 3.141593 
35.38 	 3.141593 
35.39 	 3.141593 
35.40 	 3.141593 
35.41 	 3.141593 
35.42 	 3.141593 
35.43 	 3.141593 
35.44 	 3.141593 
35.45 	 3.141593 
35.46 	 3.141593 
35.47 	 3.141593 
35.48 	 3.141593 
35.49 	 3.141593 
35.50 	 3.141593 
35.51 	 3.141593 
35.52 	 3.141593 
35.53 	 3.141593 
35.54 	 3.141593 
35.55 	 3.141593 
35.56 	 3.141593 
35.57 	 3.141593 
35.58 	 3.141593 
35.59 	 3.141593 
35.60 	 3.141593 
35.61 	 3.141593 
35.62 	 3.141593 
35.63 	 3.141593 
35.64 	 3.141593 
35.65 	 3.141593 
35.66 	 3.141593 
35.67 	 3.141593 
35.68 	 3.141593 
35.69 	 3.141593 
35.70 	 3.141593 
35.71 	 3.141593 
35.72 	 3.141593 
35.73 	 3.141593 
35.74 	 3.141593 
35.75 	 3.141593 
35.76 	 3.141593 
35.77 	 3.141593 
35.78 	 3.141593 
35.79 	 3.141593 
35.80 	 3.141593 
35.81 	 3.141593 
35.82 	 3.141593 
35.83 	 3.141593 
35.84 	 3.141593 
35.85 	 3.141593 
35.86 	 3.141593 
35.87 	 3.141593 
35.88 	 3.141593 
35.89 	 3.141593 
35.90 	 3.141593 
35.91 	 3.141593 
35.92 	 3.141593 
35.93 	 3.141593 
35.94 	 3.141593 
35.95 	 3.141593 
35.96 	 3.141593 
35.97 	 3.141593 
35.98 	 3.141593 
35.99 	 3.141593 
36.00 	 3.141593 
36.01 	 3.141593 
36.02 	 3.141593 
36.03 	 3.141593 
36.04 	 3.141593 
36.05 	 3.141593 
36.06 	 3.141593 
36.07 	 3.141593 
36.08 	 3.141593 
36.09 	 3.141593 
36.10 	 3.141593 
36.11 	 3.141593 
36.12 	 3.141593 
36.13 	 3.141593 
36.14 	 3.141593 
36.15 	 3.141593 
36.16 	 3.141593 
36.17 	 3.141593 
36.18 	 3.141593 
36.19 	 3.141593 
36.20 	 3.141593 
36.21 	 3.141593 
36.22 	 3.141593 
36.23 	 3.141593 
36.24 	 3.141593 
36.25 	 3.141593 
36.26 	 3.141593 
36.27 	 3.141593 
36.28 	 3.141593 
36.29 	 3.141593 
36.30 	 3.141593 
36.31 	 3.141593 
36.32 	 3.141593 
36.33 	 3.141593 
36.34 	 3.141593 
36.35 	 3.141593 
36.36 	 3.141593 
36.37 	 3.141593 
36.38 	 3.141593 
36.39 	 3.141593 
36.40 	 3.141593 
36.41 	 3.141593 
36.42 	 3.141593 
36.43 	 3.141593 
36.44 	 3.141593 
36.45 	 3.141593 
36.46 	 3.141593 
36.47 	 3.141593 
36.48 	 3.141593 
36.49 	 3.141593 
36.50 	 3.141593 
36.51 	 3.141593 
36.52 	 3.141593 
36.53 	 3.141593 
36.54 	 3.141593 
36.55 	 3.141593 
36.56 	 3.141593 
36.57 	 3.141593 
36.58 	 3.141593 
36.59 	 3.141593 
36.60 	 3.141593 
36.61 	 3.141593 
36.62 	 3.141593 
36.63 	 3.141593 
36.64 	 3.141593 
36.65 	 3.141593 
36.66 	 3.141593 
36.67 	 3.141593 
36.68 	 3.141593 
36.69 	 3.141593 
36.70 	 3.141593 
36.71 	 3.141593 
36.72 	 3.141593 
36.73 	 3.141593 
36.74 	 3.141593 
36.75 	 3.141593 
36.76 	 3.141593 
36.77 	 3.141593 
36.78 	 3.141593 
36.79 	 3.141593 
36.80 	 3.141593 
36.81 	 3.141593 
36.82 	 3.141593 
36.83 	 3.141593 
36.84 	 3.141593 
36.85 	 3.141593 
36.86 	 3.141593 
36.87 	 3.141593 
36.88 	 3.141593 
36.89 	 3.141593 
36.90 	 3.141593 
36.91 	 3.141593 
36.92 	 3.141593 
36.93 	 3.141593 
36.94 	 3.141593 
36.95 	 3.141593 
36.96 	 3.141593 
36.97 	 3.141593 
36.98 	 3.141593 
36.99 	 3.141593 
37.00 	 3.141593 
37.01 	 3.141593 
37.02 	 3.141593 
37.03 	 3.141593 
37.04 	 3.141593 
37.05 	 3.141593 
37.06 	 3.141593 
37.07 	 3.141593 
37.08 	 3.141593 
37.09 	 3.141593 
37.10 	 3.141593 
37.11 	 3.141593 
37.12 	 3.141593 
37.13 	 3.141593 
37.14 	 3.141593 
37.15 	 3.141593 
37.16 	 3.141593 
37.17 	 3.141593 
37.18 	 3.141593 
37.19 	 3.141593 
37.20 	 3.141593 
37.21 	 3.141593 
37.22 	 3.141593 
37.23 	 3.141593 
37.24 	 3.141593 
37.25 	 3.141593 
37.26 	 3.141593 
37.27 	 3.141593 
37.28 	 3.141593 
37.29 	 3.141593 
37.30 	 3.141593 
37.31 	 3.141593 
37.32 	 3.141593 
37.33 	 3.141593 
37.34 	 3.141593 
37.35 	 3.141593 
37.36 	 3.141593 
37.37 	 3.141593 
37.38 	 3.141593 
37.39 	 3.141593 
37.40 	 3.141593 
37.41 	 3.141593 
37.42 	 3.141593 
37.43 	 3.141593 
37.44 	 3.141593 
37.45 	 3.141593 
37.46 	 3.141593 
37.47 	 3.141593 
37.48 	 3.141593 
37.49 	 3.141593 
37.50 	 3.141593 
37.51 	 3.141593 
37.52 	 3.141593 
37.53 	 3.141593 
37.54 	 3.141593 
37.55 	 3.141593 
37.56 	 3.141593 
37.57 	 3.141593 
37.58 	 3.141593 
37.59 	 3.141593 
37.60 	 3.141593 
37.61 	 3.141593 
37.62 	 3.141593 
37.63 	 3.141593 
37.64 	 3.141593 
37.65 	 3.141593 
37.66 	 3.141593 
37.67 	 3.141593 
37.68 	 3.141593 
37.69 	 3.141593 
37.70 	 3.141593 
37.71 	 3.141593 
37.72 	 3.141593 
37.73 	 3.141593 
37.74 	 3.141593 
37.75 	 3.141593 
37.76 	 3.141593 
37.77 	 3.141593 
37.78 	 3.141593 
37.79 	 3.141593 
37.80 	 3.141593 
37.81 	 3.141593 
37.82 	 3.141593 
37.83 	 3.141593 
37.84 	 3.141593 
37.85 	 3.141593 
37.86 	 3.141593 
37.87 	 3.141593 
37.88 	 3.141593 
37.89 	 3.141593 
37.90 	 3.141593 
37.91 	 3.141593 
37.92 	 3.141593 
37.93 	 3.141593 
37.94 	 3.141593 
37.95 	 3.141593 
37.96 	 3.141593 
37.97 	 3.141593 
37.98 	 3.141593 
37.99 	 3.141593 
38.00 	 3.141593 
38.01 	 3.141593 
38.02 	 3.141593 
38.03 	 3.141593 
38.04 	 3.141593 
38.05 	 3.141593 
38.06 	 3.141593 
38.07 	 3.141593 
38.08 	 3.141593 
38.09 	 3.141593 
38.10 	 3.141593 
38.11 	 3.141593 
38.12 	 3.141593 
38.13 	 3.141593 
38.14 	 3.141593 
38.15 	 3.141593 
38.16 	 3.141593 
38.17 	 3.141593 
38.18 	 3.141593 
38.19 	 3.141593 
38.20 	 3.141593 
38.21 	 3.141593 
38.22 	 3.141593 
38.23 	 3.141593 
38.24 	 3.141593 
38.25 	 3.141593 
38.26 	 3.141593 
38.27 	 3.141593 
38.28 	 3.141593 
38.29 	 3.141593 
38.30 	 3.141593 
38.31 	 3.141593 
38.32 	 3.141593 
38.33 	 3.141593 
38.34 	 3.141593 
38.35 	 3.141593 
38.36 	 3.141593 
38.37 	 3.141593 
38.38 	 3.141593 
38.39 	 3.141593 
38.40 	 3.141593 
38.41 	 3.141593 
38.42 	 3.141593 
38.43 	 3.141593 
38.44 	 3.141593 
38.45 	 3.141593 
38.46 	 3.141593 
38.47 	 3.141593 
38.48 	 3.141593 
38.49 	 3.141593 
38.50 	 3.141593 
38.51 	 3.141593 
38.52 	 3.141593 
38.53 	 3.141593 
38.54 	 3.141593 
38.55 	 3.141593 
38.56 	 3.141593 
38.57 	 3.141593 
38.58 	 3.141593 
38.59 	 3.141593 
38.60 	 3.141593 
38.61 	 3.141593 
38.62 	 3.141593 
38.63 	 3.141593 
38.64 	 3.141593 
38.65 	 3.141593 
38.66 	 3.141593 
38.67 	 3.141593 
38.68 	 3.141593 
38.69 	 3.141593 
38.70 	 3.141593 
38.71 	 3.141593 
38.72 	 3.141593 
38.73 	 3.141593 
38.74 	 3.141593 
38.75 	 3.141593 
38.76 	 3.141593 
38.77 	 3.141593 
38.78 	 3.141593 
38.79 	 3.141593 
38.80 	 3.141593 
38.81 	 3.141593 
38.82 	 3.141593 
38.83 	 3.141593 
38.84 	 3.141593 
38.85 	 3.141593 
38.86 	 3.141593 
38.87 	 3.141593 
38.88 	 3.141593 
38.89 	 3.141593 
38.90 	 3.141593 
38.91 	 3.141593 
38.92 	 3.141593 
38.93 	 3.141593 
38.94 	 3.141593 
38.95 	 3.141593 
38.96 	 3.141593 
38.97 	 3.141593 
38.98 	 3.141593 
38.99 	 3.141593 
39.00 	 3.141593 
39.01 	 3.141593 
39.02 	 3.141593 
39.03 	 3.141593 
39.04 	 3.141593 
39.05 	 3.141593 
39.06 	 3.141593 
39.07 	 3.141593 
39.08 	 3.141593 
39.09 	 3.141593 
39.10 	 3.141593 
39.11 	 3.141593 
39.12 	 3.141593 
39.13 	 3.141593 
39.14 	 3.141593 
39.15 	 3.141593 
39.16 	 3.141593 
39.17 	 3.141593 
39.18 	 3.141593 
39.19 	 3.141593 
39.20 	 3.141593 
39.21 	 3.141593 
39.22 	 3.141593 
39.23 	 3.141593 
39.24 	 3.141593 
39.25 	 3.141593 
39.26 	 3.141593 
39.27 	 3.141593 
39.28 	 3.141593 
39.29 	 3.141593 
39.30 	 3.141593 
39.31 	 3.141593 
39.32 	 3.141593 
39.33 	 3.141593 
39.34 	 3.141593 
39.35 	 3.141593 
39.36 	 3.141593 
39.37 	 3.141593 
39.38 	 3.141593 
39.39 	 3.141593 
39.40 	 3.141593 
39.41 	 3.141593 
39.42 	 3.141593 
39.43 	 3.141593 
39.44 	 3.141593 
39.45 	 3.141593 
39.46 	 3.141593 
39.47 	 3.141593 
39.48 	 3.141593 
39.49 	 3.141593 
39.50 	 3.141593 
39.51 	 3.141593 
39.52 	 3.141593 
39.53 	 3.141593 
39.54 	 3.141593 
39.55 	 3.141593 
39.56 	 3.141593 
39.57 	 3.141593 
39.58 	 3.141593 
39.59 	 3.141593 
39.60 	 3.141593 
39.61 	 3.141593 
39.62 	 3.141593 
39.63 	 3.141593 
39.64 	 3.141593 
39.65 	 3.141593 
39.66 	 3.141593 
39.67 	 3.141593 
39.68 	 3.141593 
39.69 	 3.141593 
39.70 	 3.141593 
39.71 	 3.141593 
39.72 	 3.141593 
39.73 	 3.141593 
39.74 	 3.141593 
39.75 	 3.141593 
39.76 	 3.141593 
39.77 	 3.141593 
39.78 	 3.141593 
39.79 	 3.141593 
39.80 	 3.141593 
39.81 	 3.141593 
39.82 	 3.141593 
39.83 	 3.141593 
39.84 	 3.141593 
39.85 	 3.141593 
39.86 	 3.141593 
39.87 	 3.141593 
39.88 	 3.141593 
39.89 	 3.141593 
39.90 	 3.141593 
39.91 	 3.141593 
39.92 	 3.141593 
39.93 	 3.141593 
39.94 	 3.141593 
39.95 	 3.141593 
39.96 	 3.141593 
39.97 	 3.141593 
39.98 	 3.141593 
39.99 	 3.141593 
