0.00 	 0.000000 
0.01 	 0.000000 
0.02 	 0.000000 
0.03 	 0.000000 
0.04 	 0.000000 
0.05 	 0.000000 
0.06 	 0.000000 
0.07 	 0.000000 
0.08 	 0.000000 
0.09 	 0.000000 
0.10 	 0.000000 
0.11 	 0.000000 
0.12 	 0.000000 
0.13 	 0.000000 
0.14 	 0.000000 
0.15 	 0.000000 
0.16 	 0.000000 
0.17 	 0.000000 
0.18 	 0.000000 
0.19 	 0.000000 
0.20 	 0.000000 
0.21 	 0.000000 
0.22 	 0.000000 
0.23 	 0.000000 
0.24 	 0.000000 
0.25 	 0.000000 
0.26 	 0.000000 
0.27 	 0.000000 
0.28 	 0.000000 
0.29 	 0.000000 
0.30 	 0.000000 
0.31 	 0.000000 
0.32 	 0.000000 
0.33 	 0.000000 
0.34 	 0.000000 
0.35 	 0.000000 
0.36 	 0.000000 
0.37 	 0.000000 
0.38 	 0.000000 
0.39 	 0.000000 
0.40 	 0.000000 
0.41 	 0.000000 
0.42 	 0.000000 
0.43 	 0.000000 
0.44 	 0.000000 
0.45 	 0.000000 
0.46 	 0.000000 
0.47 	 0.000000 
0.48 	 0.000000 
0.49 	 0.000000 
0.50 	 0.000000 
0.51 	 0.000000 
0.52 	 0.000000 
0.53 	 0.000000 
0.54 	 0.000000 
0.55 	 0.000000 
0.56 	 0.000000 
0.57 	 0.000000 
0.58 	 0.000000 
0.59 	 0.000000 
0.60 	 0.000000 
0.61 	 0.000000 
0.62 	 0.000000 
0.63 	 0.000000 
0.64 	 0.000000 
0.65 	 0.000000 
0.66 	 0.000000 
0.67 	 0.000000 
0.68 	 0.000000 
0.69 	 0.000000 
0.70 	 0.000000 
0.71 	 0.000000 
0.72 	 0.000000 
0.73 	 0.000000 
0.74 	 0.000000 
0.75 	 0.000000 
0.76 	 0.000000 
0.77 	 0.000000 
0.78 	 0.000000 
0.79 	 0.000000 
0.80 	 0.000000 
0.81 	 0.000000 
0.82 	 0.000000 
0.83 	 0.000000 
0.84 	 0.000000 
0.85 	 0.000000 
0.86 	 0.000000 
0.87 	 0.000000 
0.88 	 0.000000 
0.89 	 0.000000 
0.90 	 0.000000 
0.91 	 0.000000 
0.92 	 0.000000 
0.93 	 0.000000 
0.94 	 0.000000 
0.95 	 0.000000 
0.96 	 0.000000 
0.97 	 0.000000 
0.98 	 0.000000 
0.99 	 0.000000 
1.00 	 0.000000 
1.01 	 0.000000 
1.02 	 0.000000 
1.03 	 0.000000 
1.04 	 0.000000 
1.05 	 0.000000 
1.06 	 0.000000 
1.07 	 0.000000 
1.08 	 0.000000 
1.09 	 0.000000 
1.10 	 0.000000 
1.11 	 0.000000 
1.12 	 0.000000 
1.13 	 0.000000 
1.14 	 0.000000 
1.15 	 0.000000 
1.16 	 0.000000 
1.17 	 0.000000 
1.18 	 0.000000 
1.19 	 0.000000 
1.20 	 0.000000 
1.21 	 0.000000 
1.22 	 0.000000 
1.23 	 0.000000 
1.24 	 0.000000 
1.25 	 0.000000 
1.26 	 0.000000 
1.27 	 0.000000 
1.28 	 0.000000 
1.29 	 0.000000 
1.30 	 0.000000 
1.31 	 0.000000 
1.32 	 0.000000 
1.33 	 0.000000 
1.34 	 0.000000 
1.35 	 0.000000 
1.36 	 0.000000 
1.37 	 0.000000 
1.38 	 0.000000 
1.39 	 0.000000 
1.40 	 0.000000 
1.41 	 0.000000 
1.42 	 0.000000 
1.43 	 0.000000 
1.44 	 0.000000 
1.45 	 0.000000 
1.46 	 0.000000 
1.47 	 0.000000 
1.48 	 0.000000 
1.49 	 0.000000 
1.50 	 0.000000 
1.51 	 0.000000 
1.52 	 0.000000 
1.53 	 0.000000 
1.54 	 0.000000 
1.55 	 0.000000 
1.56 	 0.000000 
1.57 	 0.000000 
1.58 	 0.000000 
1.59 	 0.000000 
1.60 	 0.000000 
1.61 	 0.000000 
1.62 	 0.000000 
1.63 	 0.000000 
1.64 	 0.000000 
1.65 	 0.000000 
1.66 	 0.000000 
1.67 	 0.000000 
1.68 	 0.000000 
1.69 	 0.000000 
1.70 	 0.000000 
1.71 	 0.000000 
1.72 	 0.000000 
1.73 	 0.000000 
1.74 	 0.000000 
1.75 	 0.000000 
1.76 	 0.000000 
1.77 	 0.000000 
1.78 	 0.000000 
1.79 	 0.000000 
1.80 	 0.000000 
1.81 	 0.000000 
1.82 	 0.000000 
1.83 	 0.000000 
1.84 	 0.000000 
1.85 	 0.000000 
1.86 	 0.000000 
1.87 	 0.000000 
1.88 	 0.000000 
1.89 	 0.000000 
1.90 	 0.000000 
1.91 	 0.000000 
1.92 	 0.000000 
1.93 	 0.000000 
1.94 	 0.000000 
1.95 	 0.000000 
1.96 	 0.000000 
1.97 	 0.000000 
1.98 	 0.000000 
1.99 	 0.000000 
2.00 	 0.000000 
2.01 	 0.000000 
2.02 	 0.000000 
2.03 	 0.000000 
2.04 	 0.000000 
2.05 	 0.000000 
2.06 	 0.000000 
2.07 	 0.000000 
2.08 	 0.000000 
2.09 	 0.000000 
2.10 	 0.000000 
2.11 	 0.000000 
2.12 	 0.000000 
2.13 	 0.000000 
2.14 	 0.000000 
2.15 	 0.000000 
2.16 	 0.000000 
2.17 	 0.000000 
2.18 	 0.000000 
2.19 	 0.000000 
2.20 	 0.000000 
2.21 	 0.000000 
2.22 	 0.000000 
2.23 	 0.000000 
2.24 	 0.000000 
2.25 	 0.000000 
2.26 	 0.000000 
2.27 	 0.000000 
2.28 	 0.000000 
2.29 	 0.000000 
2.30 	 0.000000 
2.31 	 0.000000 
2.32 	 0.000000 
2.33 	 0.000000 
2.34 	 0.000000 
2.35 	 0.000000 
2.36 	 0.000000 
2.37 	 0.000000 
2.38 	 0.000000 
2.39 	 0.000000 
2.40 	 0.000000 
2.41 	 0.000000 
2.42 	 0.000000 
2.43 	 0.000000 
2.44 	 0.000000 
2.45 	 0.000000 
2.46 	 0.000000 
2.47 	 0.000000 
2.48 	 0.000000 
2.49 	 0.000000 
2.50 	 0.000000 
2.51 	 0.000000 
2.52 	 0.000000 
2.53 	 0.000000 
2.54 	 0.000000 
2.55 	 0.000000 
2.56 	 0.000000 
2.57 	 0.000000 
2.58 	 0.000000 
2.59 	 0.000000 
2.60 	 0.000000 
2.61 	 0.000000 
2.62 	 0.000000 
2.63 	 0.000000 
2.64 	 0.000000 
2.65 	 0.000000 
2.66 	 0.000000 
2.67 	 0.000000 
2.68 	 0.000000 
2.69 	 0.000000 
2.70 	 0.000000 
2.71 	 0.000000 
2.72 	 0.000000 
2.73 	 0.000000 
2.74 	 0.000000 
2.75 	 0.000000 
2.76 	 0.000000 
2.77 	 0.000000 
2.78 	 0.000000 
2.79 	 0.000000 
2.80 	 0.000000 
2.81 	 0.000000 
2.82 	 0.000000 
2.83 	 0.000000 
2.84 	 0.000000 
2.85 	 0.000000 
2.86 	 0.000000 
2.87 	 0.000000 
2.88 	 0.000000 
2.89 	 0.000000 
2.90 	 0.000000 
2.91 	 0.000000 
2.92 	 0.000000 
2.93 	 0.000000 
2.94 	 0.000000 
2.95 	 0.000000 
2.96 	 0.000000 
2.97 	 0.000000 
2.98 	 0.000000 
2.99 	 0.000000 
3.00 	 0.000000 
3.01 	 0.000000 
3.02 	 0.000000 
3.03 	 0.000000 
3.04 	 0.000000 
3.05 	 0.000000 
3.06 	 0.000000 
3.07 	 0.000000 
3.08 	 0.000000 
3.09 	 0.000000 
3.10 	 0.000000 
3.11 	 0.000000 
3.12 	 0.000000 
3.13 	 0.000000 
3.14 	 0.000000 
3.15 	 0.000000 
3.16 	 0.000000 
3.17 	 0.000000 
3.18 	 0.000000 
3.19 	 0.000000 
3.20 	 0.000000 
3.21 	 0.000000 
3.22 	 0.000000 
3.23 	 0.000000 
3.24 	 0.000000 
3.25 	 0.000000 
3.26 	 0.000000 
3.27 	 0.000000 
3.28 	 0.000000 
3.29 	 0.000000 
3.30 	 0.000000 
3.31 	 0.000000 
3.32 	 0.000000 
3.33 	 0.000000 
3.34 	 0.000000 
3.35 	 0.000000 
3.36 	 0.000000 
3.37 	 0.000000 
3.38 	 0.000000 
3.39 	 0.000000 
3.40 	 0.000000 
3.41 	 0.000000 
3.42 	 0.000000 
3.43 	 0.000000 
3.44 	 0.000000 
3.45 	 0.000000 
3.46 	 0.000000 
3.47 	 0.000000 
3.48 	 0.000000 
3.49 	 0.000000 
3.50 	 0.000000 
3.51 	 0.000000 
3.52 	 0.000000 
3.53 	 0.000000 
3.54 	 0.000000 
3.55 	 0.000000 
3.56 	 0.000000 
3.57 	 0.000000 
3.58 	 0.000000 
3.59 	 0.000000 
3.60 	 0.000000 
3.61 	 0.000000 
3.62 	 0.000000 
3.63 	 0.000000 
3.64 	 0.000000 
3.65 	 0.000000 
3.66 	 0.000000 
3.67 	 0.000000 
3.68 	 0.000000 
3.69 	 0.000000 
3.70 	 0.000000 
3.71 	 0.000000 
3.72 	 0.000000 
3.73 	 0.000000 
3.74 	 0.000000 
3.75 	 0.000000 
3.76 	 0.000000 
3.77 	 0.000000 
3.78 	 0.000000 
3.79 	 0.000000 
3.80 	 0.000000 
3.81 	 0.000000 
3.82 	 0.000000 
3.83 	 0.000000 
3.84 	 0.000000 
3.85 	 0.000000 
3.86 	 0.000000 
3.87 	 0.000000 
3.88 	 0.000000 
3.89 	 0.000000 
3.90 	 0.000000 
3.91 	 0.000000 
3.92 	 0.000000 
3.93 	 0.000000 
3.94 	 0.000000 
3.95 	 0.000000 
3.96 	 0.000000 
3.97 	 0.000000 
3.98 	 0.000000 
3.99 	 0.000000 
4.00 	 0.000000 
4.01 	 0.000000 
4.02 	 0.000000 
4.03 	 0.000000 
4.04 	 0.000000 
4.05 	 0.000000 
4.06 	 0.000000 
4.07 	 0.000000 
4.08 	 0.000000 
4.09 	 0.000000 
4.10 	 0.000000 
4.11 	 0.000000 
4.12 	 0.000000 
4.13 	 0.000000 
4.14 	 0.000000 
4.15 	 0.000000 
4.16 	 0.000000 
4.17 	 0.000000 
4.18 	 0.000000 
4.19 	 0.000000 
4.20 	 0.000000 
4.21 	 0.000000 
4.22 	 0.000000 
4.23 	 0.000000 
4.24 	 0.000000 
4.25 	 0.000000 
4.26 	 0.000000 
4.27 	 0.000000 
4.28 	 0.000000 
4.29 	 0.000000 
4.30 	 0.000000 
4.31 	 0.000000 
4.32 	 0.000000 
4.33 	 0.000000 
4.34 	 0.000000 
4.35 	 0.000000 
4.36 	 0.000000 
4.37 	 0.000000 
4.38 	 0.000000 
4.39 	 0.000000 
4.40 	 0.000000 
4.41 	 0.000000 
4.42 	 0.000000 
4.43 	 0.000000 
4.44 	 0.000000 
4.45 	 0.000000 
4.46 	 0.000000 
4.47 	 0.000000 
4.48 	 0.000000 
4.49 	 0.000000 
4.50 	 0.000000 
4.51 	 0.000000 
4.52 	 0.000000 
4.53 	 0.000000 
4.54 	 0.000000 
4.55 	 0.000000 
4.56 	 0.000000 
4.57 	 0.000000 
4.58 	 0.000000 
4.59 	 0.000000 
4.60 	 0.000000 
4.61 	 0.000000 
4.62 	 0.000000 
4.63 	 0.000000 
4.64 	 0.000000 
4.65 	 0.000000 
4.66 	 0.000000 
4.67 	 0.000000 
4.68 	 0.000000 
4.69 	 0.000000 
4.70 	 0.000000 
4.71 	 0.000000 
4.72 	 0.000000 
4.73 	 0.000000 
4.74 	 0.000000 
4.75 	 0.000000 
4.76 	 0.000000 
4.77 	 0.000000 
4.78 	 0.000000 
4.79 	 0.000000 
4.80 	 0.000000 
4.81 	 0.000000 
4.82 	 0.000000 
4.83 	 0.000000 
4.84 	 0.000000 
4.85 	 0.000000 
4.86 	 0.000000 
4.87 	 0.000000 
4.88 	 0.000000 
4.89 	 0.000000 
4.90 	 0.000000 
4.91 	 0.000000 
4.92 	 0.000000 
4.93 	 0.000000 
4.94 	 0.000000 
4.95 	 0.000000 
4.96 	 0.000000 
4.97 	 0.000000 
4.98 	 0.000000 
4.99 	 0.000000 
5.00 	 0.000000 
5.01 	 0.000000 
5.02 	 0.000000 
5.03 	 0.000000 
5.04 	 0.000000 
5.05 	 0.000000 
5.06 	 0.000000 
5.07 	 0.000000 
5.08 	 0.000000 
5.09 	 0.000000 
5.10 	 0.000000 
5.11 	 0.000000 
5.12 	 0.000000 
5.13 	 0.000000 
5.14 	 0.000000 
5.15 	 0.000000 
5.16 	 0.000000 
5.17 	 0.000000 
5.18 	 0.000000 
5.19 	 0.000000 
5.20 	 0.000000 
5.21 	 0.000000 
5.22 	 0.000000 
5.23 	 0.000000 
5.24 	 0.000000 
5.25 	 0.000000 
5.26 	 0.000000 
5.27 	 0.000000 
5.28 	 0.000000 
5.29 	 0.000000 
5.30 	 0.000000 
5.31 	 0.000000 
5.32 	 0.000000 
5.33 	 0.000000 
5.34 	 0.000000 
5.35 	 0.000000 
5.36 	 0.000000 
5.37 	 0.000000 
5.38 	 0.000000 
5.39 	 0.000000 
5.40 	 0.000000 
5.41 	 0.000000 
5.42 	 0.000000 
5.43 	 0.000000 
5.44 	 0.000000 
5.45 	 0.000000 
5.46 	 0.000000 
5.47 	 0.000000 
5.48 	 0.000000 
5.49 	 0.000000 
5.50 	 0.000000 
5.51 	 0.000000 
5.52 	 0.000000 
5.53 	 0.000000 
5.54 	 0.000000 
5.55 	 0.000000 
5.56 	 0.000000 
5.57 	 0.000000 
5.58 	 0.000000 
5.59 	 0.000000 
5.60 	 0.000000 
5.61 	 0.000000 
5.62 	 0.000000 
5.63 	 0.000000 
5.64 	 0.000000 
5.65 	 0.000000 
5.66 	 0.000000 
5.67 	 0.000000 
5.68 	 0.000000 
5.69 	 0.000000 
5.70 	 0.000000 
5.71 	 0.000000 
5.72 	 0.000000 
5.73 	 0.000000 
5.74 	 0.000000 
5.75 	 0.000000 
5.76 	 0.000000 
5.77 	 0.000000 
5.78 	 0.000000 
5.79 	 0.000000 
5.80 	 0.000000 
5.81 	 0.000000 
5.82 	 0.000000 
5.83 	 0.000000 
5.84 	 0.000000 
5.85 	 0.000000 
5.86 	 0.000000 
5.87 	 0.000000 
5.88 	 0.000000 
5.89 	 0.000000 
5.90 	 0.000000 
5.91 	 0.000000 
5.92 	 0.000000 
5.93 	 0.000000 
5.94 	 0.000000 
5.95 	 0.000000 
5.96 	 0.000000 
5.97 	 0.000000 
5.98 	 0.000000 
5.99 	 0.000000 
6.00 	 0.000000 
6.01 	 0.000000 
6.02 	 0.000000 
6.03 	 0.000000 
6.04 	 0.000000 
6.05 	 0.000000 
6.06 	 0.000000 
6.07 	 0.000000 
6.08 	 0.000000 
6.09 	 0.000000 
6.10 	 0.000000 
6.11 	 0.000000 
6.12 	 0.000000 
6.13 	 0.000000 
6.14 	 0.000000 
6.15 	 0.000000 
6.16 	 0.000000 
6.17 	 0.000000 
6.18 	 0.000000 
6.19 	 0.000000 
6.20 	 0.000000 
6.21 	 0.000000 
6.22 	 0.000000 
6.23 	 0.000000 
6.24 	 0.000000 
6.25 	 0.000000 
6.26 	 0.000000 
6.27 	 0.000000 
6.28 	 0.000000 
6.29 	 0.000000 
6.30 	 0.000000 
6.31 	 0.000000 
6.32 	 0.000000 
6.33 	 0.000000 
6.34 	 0.000000 
6.35 	 0.000000 
6.36 	 0.000000 
6.37 	 0.000000 
6.38 	 0.000000 
6.39 	 0.000000 
6.40 	 0.000000 
6.41 	 0.000000 
6.42 	 0.000000 
6.43 	 0.000000 
6.44 	 0.000000 
6.45 	 0.000000 
6.46 	 0.000000 
6.47 	 0.000000 
6.48 	 0.000000 
6.49 	 0.000000 
6.50 	 0.000000 
6.51 	 0.000000 
6.52 	 0.000000 
6.53 	 0.000000 
6.54 	 0.000000 
6.55 	 0.000000 
6.56 	 0.000000 
6.57 	 0.000000 
6.58 	 0.000000 
6.59 	 0.000000 
6.60 	 0.000000 
6.61 	 0.000000 
6.62 	 0.000000 
6.63 	 0.000000 
6.64 	 0.000000 
6.65 	 0.000000 
6.66 	 0.000000 
6.67 	 0.000000 
6.68 	 0.000000 
6.69 	 0.000000 
6.70 	 0.000000 
6.71 	 0.000000 
6.72 	 0.000000 
6.73 	 0.000000 
6.74 	 0.000000 
6.75 	 0.000000 
6.76 	 0.000000 
6.77 	 0.000000 
6.78 	 0.000000 
6.79 	 0.000000 
6.80 	 0.000000 
6.81 	 0.000000 
6.82 	 0.000000 
6.83 	 0.000000 
6.84 	 0.000000 
6.85 	 0.000000 
6.86 	 0.000000 
6.87 	 0.000000 
6.88 	 0.000000 
6.89 	 0.000000 
6.90 	 0.000000 
6.91 	 0.000000 
6.92 	 0.000000 
6.93 	 0.000000 
6.94 	 0.000000 
6.95 	 0.000000 
6.96 	 0.000000 
6.97 	 0.000000 
6.98 	 0.000000 
6.99 	 0.000000 
7.00 	 0.000000 
7.01 	 0.000000 
7.02 	 0.000000 
7.03 	 0.000000 
7.04 	 0.000000 
7.05 	 0.000000 
7.06 	 0.000000 
7.07 	 0.000000 
7.08 	 0.000000 
7.09 	 0.000000 
7.10 	 0.000000 
7.11 	 0.000000 
7.12 	 0.000000 
7.13 	 0.000000 
7.14 	 0.000000 
7.15 	 0.000000 
7.16 	 0.000000 
7.17 	 0.000000 
7.18 	 0.000000 
7.19 	 0.000000 
7.20 	 0.000000 
7.21 	 0.000000 
7.22 	 0.000000 
7.23 	 0.000000 
7.24 	 0.000000 
7.25 	 0.000000 
7.26 	 0.000000 
7.27 	 0.000000 
7.28 	 0.000000 
7.29 	 0.000000 
7.30 	 0.000000 
7.31 	 0.000000 
7.32 	 0.000000 
7.33 	 0.000000 
7.34 	 0.000000 
7.35 	 0.000000 
7.36 	 0.000000 
7.37 	 0.000000 
7.38 	 0.000000 
7.39 	 0.000000 
7.40 	 0.000000 
7.41 	 0.000000 
7.42 	 0.000000 
7.43 	 0.000000 
7.44 	 0.000000 
7.45 	 0.000000 
7.46 	 0.000000 
7.47 	 0.000000 
7.48 	 0.000000 
7.49 	 0.000000 
7.50 	 0.000000 
7.51 	 0.000000 
7.52 	 0.000000 
7.53 	 0.000000 
7.54 	 0.000000 
7.55 	 0.000000 
7.56 	 0.000000 
7.57 	 0.000000 
7.58 	 0.000000 
7.59 	 0.000000 
7.60 	 0.000000 
7.61 	 0.000000 
7.62 	 0.000000 
7.63 	 0.000000 
7.64 	 0.000000 
7.65 	 0.000000 
7.66 	 0.000000 
7.67 	 0.000000 
7.68 	 0.000000 
7.69 	 0.000000 
7.70 	 0.000000 
7.71 	 0.000000 
7.72 	 0.000000 
7.73 	 0.000000 
7.74 	 0.000000 
7.75 	 0.000000 
7.76 	 0.000000 
7.77 	 0.000000 
7.78 	 0.000000 
7.79 	 0.000000 
7.80 	 0.000000 
7.81 	 0.000000 
7.82 	 0.000000 
7.83 	 0.000000 
7.84 	 0.000000 
7.85 	 0.000000 
7.86 	 0.000000 
7.87 	 0.000000 
7.88 	 0.000000 
7.89 	 0.000000 
7.90 	 0.000000 
7.91 	 0.000000 
7.92 	 0.000000 
7.93 	 0.000000 
7.94 	 0.000000 
7.95 	 0.000000 
7.96 	 0.000000 
7.97 	 0.000000 
7.98 	 0.000000 
7.99 	 0.000000 
8.00 	 0.000000 
8.01 	 0.000000 
8.02 	 0.000000 
8.03 	 0.000000 
8.04 	 0.000000 
8.05 	 0.000000 
8.06 	 0.000000 
8.07 	 0.000000 
8.08 	 0.000000 
8.09 	 0.000000 
8.10 	 0.000000 
8.11 	 0.000000 
8.12 	 0.000000 
8.13 	 0.000000 
8.14 	 0.000000 
8.15 	 0.000000 
8.16 	 0.000000 
8.17 	 0.000000 
8.18 	 0.000000 
8.19 	 0.000000 
8.20 	 0.000000 
8.21 	 0.000000 
8.22 	 0.000000 
8.23 	 0.000000 
8.24 	 0.000000 
8.25 	 0.000000 
8.26 	 0.000000 
8.27 	 0.000000 
8.28 	 0.000000 
8.29 	 0.000000 
8.30 	 0.000000 
8.31 	 0.000000 
8.32 	 0.000000 
8.33 	 0.000000 
8.34 	 0.000000 
8.35 	 0.000000 
8.36 	 0.000000 
8.37 	 0.000000 
8.38 	 0.000000 
8.39 	 0.000000 
8.40 	 0.000000 
8.41 	 0.000000 
8.42 	 0.000000 
8.43 	 0.000000 
8.44 	 0.000000 
8.45 	 0.000000 
8.46 	 0.000000 
8.47 	 0.000000 
8.48 	 0.000000 
8.49 	 0.000000 
8.50 	 0.000000 
8.51 	 0.000000 
8.52 	 0.000000 
8.53 	 0.000000 
8.54 	 0.000000 
8.55 	 0.000000 
8.56 	 0.000000 
8.57 	 0.000000 
8.58 	 0.000000 
8.59 	 0.000000 
8.60 	 0.000000 
8.61 	 0.000000 
8.62 	 0.000000 
8.63 	 0.000000 
8.64 	 0.000000 
8.65 	 0.000000 
8.66 	 0.000000 
8.67 	 0.000000 
8.68 	 0.000000 
8.69 	 0.000000 
8.70 	 0.000000 
8.71 	 0.000000 
8.72 	 0.000000 
8.73 	 0.000000 
8.74 	 0.000000 
8.75 	 0.000000 
8.76 	 0.000000 
8.77 	 0.000000 
8.78 	 0.000000 
8.79 	 0.000000 
8.80 	 0.000000 
8.81 	 0.000000 
8.82 	 0.000000 
8.83 	 0.000000 
8.84 	 0.000000 
8.85 	 0.000000 
8.86 	 0.000000 
8.87 	 0.000000 
8.88 	 0.000000 
8.89 	 0.000000 
8.90 	 0.000000 
8.91 	 0.000000 
8.92 	 0.000000 
8.93 	 0.000000 
8.94 	 0.000000 
8.95 	 0.000000 
8.96 	 0.000000 
8.97 	 0.000000 
8.98 	 0.000000 
8.99 	 0.000000 
9.00 	 0.000000 
9.01 	 0.000000 
9.02 	 0.000000 
9.03 	 0.000000 
9.04 	 0.000000 
9.05 	 0.000000 
9.06 	 0.000000 
9.07 	 0.000000 
9.08 	 0.000000 
9.09 	 0.000000 
9.10 	 0.000000 
9.11 	 0.000000 
9.12 	 0.000000 
9.13 	 0.000000 
9.14 	 0.000000 
9.15 	 0.000000 
9.16 	 0.000000 
9.17 	 0.000000 
9.18 	 0.000000 
9.19 	 0.000000 
9.20 	 0.000000 
9.21 	 0.000000 
9.22 	 0.000000 
9.23 	 0.000000 
9.24 	 0.000000 
9.25 	 0.000000 
9.26 	 0.000000 
9.27 	 0.000000 
9.28 	 0.000000 
9.29 	 0.000000 
9.30 	 0.000000 
9.31 	 0.000000 
9.32 	 0.000000 
9.33 	 0.000000 
9.34 	 0.000000 
9.35 	 0.000000 
9.36 	 0.000000 
9.37 	 0.000000 
9.38 	 0.000000 
9.39 	 0.000000 
9.40 	 0.000000 
9.41 	 0.000000 
9.42 	 0.000000 
9.43 	 0.000000 
9.44 	 0.000000 
9.45 	 0.000000 
9.46 	 0.000000 
9.47 	 0.000000 
9.48 	 0.000000 
9.49 	 0.000000 
9.50 	 0.000000 
9.51 	 0.000000 
9.52 	 0.000000 
9.53 	 0.000000 
9.54 	 0.000000 
9.55 	 0.000000 
9.56 	 0.000000 
9.57 	 0.000000 
9.58 	 0.000000 
9.59 	 0.000000 
9.60 	 0.000000 
9.61 	 0.000000 
9.62 	 0.000000 
9.63 	 0.000000 
9.64 	 0.000000 
9.65 	 0.000000 
9.66 	 0.000000 
9.67 	 0.000000 
9.68 	 0.000000 
9.69 	 0.000000 
9.70 	 0.000000 
9.71 	 0.000000 
9.72 	 0.000000 
9.73 	 0.000000 
9.74 	 0.000000 
9.75 	 0.000000 
9.76 	 0.000000 
9.77 	 0.000000 
9.78 	 0.000000 
9.79 	 0.000000 
9.80 	 0.000000 
9.81 	 0.000000 
9.82 	 0.000000 
9.83 	 0.000000 
9.84 	 0.000000 
9.85 	 0.000000 
9.86 	 0.000000 
9.87 	 0.000000 
9.88 	 0.000000 
9.89 	 0.000000 
9.90 	 0.000000 
9.91 	 0.000000 
9.92 	 0.000000 
9.93 	 0.000000 
9.94 	 0.000000 
9.95 	 0.000000 
9.96 	 0.000000 
9.97 	 0.000000 
9.98 	 0.000000 
9.99 	 0.000000 
10.00 	 0.000000 
10.02 	 0.010000 
10.03 	 0.010453 
10.04 	 0.010926 
10.05 	 0.011421 
10.06 	 0.011939 
10.07 	 0.012480 
10.08 	 0.013045 
10.09 	 0.013636 
10.10 	 0.014253 
10.11 	 0.014899 
10.12 	 0.015574 
10.13 	 0.016279 
10.14 	 0.017017 
10.15 	 0.017788 
10.16 	 0.018593 
10.17 	 0.019435 
10.18 	 0.020316 
10.19 	 0.021236 
10.20 	 0.022197 
10.21 	 0.023203 
10.22 	 0.024254 
10.23 	 0.025352 
10.24 	 0.026500 
10.25 	 0.027700 
10.26 	 0.028954 
10.27 	 0.030266 
10.28 	 0.031636 
10.29 	 0.033068 
10.30 	 0.034565 
10.31 	 0.036130 
10.32 	 0.037766 
10.33 	 0.039476 
10.34 	 0.041262 
10.35 	 0.043130 
10.36 	 0.045082 
10.37 	 0.047122 
10.38 	 0.049254 
10.39 	 0.051483 
10.40 	 0.053812 
10.41 	 0.056246 
10.42 	 0.058790 
10.43 	 0.061448 
10.44 	 0.064226 
10.45 	 0.067129 
10.46 	 0.070163 
10.47 	 0.073334 
10.48 	 0.076647 
10.49 	 0.080108 
10.50 	 0.083725 
10.51 	 0.087504 
10.52 	 0.091452 
10.53 	 0.095577 
10.54 	 0.099887 
10.55 	 0.104388 
10.56 	 0.109090 
10.57 	 0.114002 
10.58 	 0.119131 
10.59 	 0.124488 
10.60 	 0.130083 
10.61 	 0.135924 
10.62 	 0.142023 
10.63 	 0.148389 
10.64 	 0.155035 
10.65 	 0.161971 
10.66 	 0.169209 
10.67 	 0.176761 
10.68 	 0.184640 
10.69 	 0.192858 
10.70 	 0.201427 
10.71 	 0.210362 
10.72 	 0.219675 
10.73 	 0.229380 
10.74 	 0.239491 
10.75 	 0.250022 
10.76 	 0.260987 
10.77 	 0.272399 
10.78 	 0.284273 
10.79 	 0.296622 
10.80 	 0.309459 
10.81 	 0.322799 
10.82 	 0.336652 
10.83 	 0.351033 
10.84 	 0.365951 
10.85 	 0.381417 
10.86 	 0.397440 
10.87 	 0.414030 
10.88 	 0.431192 
10.89 	 0.448932 
10.90 	 0.467254 
10.91 	 0.486159 
10.92 	 0.505647 
10.93 	 0.525716 
10.94 	 0.546359 
10.95 	 0.567571 
10.96 	 0.589339 
10.97 	 0.611651 
10.98 	 0.634491 
10.99 	 0.657840 
11.00 	 0.681675 
11.01 	 0.705973 
11.02 	 0.730704 
11.03 	 0.755840 
11.04 	 0.781346 
11.05 	 0.807187 
11.06 	 0.833326 
11.07 	 0.859724 
11.08 	 0.886341 
11.09 	 0.913134 
11.10 	 0.940060 
11.11 	 0.967078 
11.12 	 0.994145 
11.13 	 1.021218 
11.14 	 1.048255 
11.15 	 1.075217 
11.16 	 1.102063 
11.17 	 1.128757 
11.18 	 1.155263 
11.19 	 1.181548 
11.20 	 1.207581 
11.21 	 1.233333 
11.22 	 1.258777 
11.23 	 1.283891 
11.24 	 1.308653 
11.25 	 1.333043 
11.26 	 1.357047 
11.27 	 1.380649 
11.28 	 1.403839 
11.29 	 1.426606 
11.30 	 1.448944 
11.31 	 1.470846 
11.32 	 1.492310 
11.33 	 1.513332 
11.34 	 1.533911 
11.35 	 1.554050 
11.36 	 1.573749 
11.37 	 1.593011 
11.38 	 1.611841 
11.39 	 1.630243 
11.40 	 1.648222 
11.41 	 1.665785 
11.42 	 1.682939 
11.43 	 1.699690 
11.44 	 1.716046 
11.45 	 1.732015 
11.46 	 1.747604 
11.47 	 1.762824 
11.48 	 1.777680 
11.49 	 1.792183 
11.50 	 1.806341 
11.51 	 1.820161 
11.52 	 1.833654 
11.53 	 1.846826 
11.54 	 1.859687 
11.55 	 1.872244 
11.56 	 1.884506 
11.57 	 1.896481 
11.58 	 1.908177 
11.59 	 1.919601 
11.60 	 1.930761 
11.61 	 1.941665 
11.62 	 1.952319 
11.63 	 1.962731 
11.64 	 1.972907 
11.65 	 1.982855 
11.66 	 1.992580 
11.67 	 2.002089 
11.68 	 2.011389 
11.69 	 2.020484 
11.70 	 2.029382 
11.71 	 2.038087 
11.72 	 2.046605 
11.73 	 2.054941 
11.74 	 2.063101 
11.75 	 2.071089 
11.76 	 2.078910 
11.77 	 2.086569 
11.78 	 2.094070 
11.79 	 2.101419 
11.80 	 2.108618 
11.81 	 2.115672 
11.82 	 2.122585 
11.83 	 2.129361 
11.84 	 2.136004 
11.85 	 2.142517 
11.86 	 2.148903 
11.87 	 2.155167 
11.88 	 2.161311 
11.89 	 2.167338 
11.90 	 2.173252 
11.91 	 2.179056 
11.92 	 2.184752 
11.93 	 2.190343 
11.94 	 2.195832 
11.95 	 2.201221 
11.96 	 2.206514 
11.97 	 2.211712 
11.98 	 2.216817 
11.99 	 2.221833 
12.00 	 2.226761 
12.01 	 2.231604 
12.02 	 2.236363 
12.03 	 2.241041 
12.04 	 2.245640 
12.05 	 2.250161 
12.06 	 2.254606 
12.07 	 2.258977 
12.08 	 2.263277 
12.09 	 2.267506 
12.10 	 2.271666 
12.11 	 2.275759 
12.12 	 2.279786 
12.13 	 2.283749 
12.14 	 2.287650 
12.15 	 2.291489 
12.16 	 2.295268 
12.17 	 2.298989 
12.18 	 2.302652 
12.19 	 2.306259 
12.20 	 2.309812 
12.21 	 2.313311 
12.22 	 2.316757 
12.23 	 2.320152 
12.24 	 2.323497 
12.25 	 2.326793 
12.26 	 2.330040 
12.27 	 2.333241 
12.28 	 2.336395 
12.29 	 2.339504 
12.30 	 2.342569 
12.31 	 2.345590 
12.32 	 2.348569 
12.33 	 2.351506 
12.34 	 2.354402 
12.35 	 2.357259 
12.36 	 2.360076 
12.37 	 2.362855 
12.38 	 2.365596 
12.39 	 2.368300 
12.40 	 2.370967 
12.41 	 2.373600 
12.42 	 2.376197 
12.43 	 2.378760 
12.44 	 2.381290 
12.45 	 2.383787 
12.46 	 2.386251 
12.47 	 2.388684 
12.48 	 2.391085 
12.49 	 2.393456 
12.50 	 2.395797 
12.51 	 2.398108 
12.52 	 2.400391 
12.53 	 2.402645 
12.54 	 2.404871 
12.55 	 2.407070 
12.56 	 2.409241 
12.57 	 2.411387 
12.58 	 2.413506 
12.59 	 2.415600 
12.60 	 2.417668 
12.61 	 2.419712 
12.62 	 2.421732 
12.63 	 2.423727 
12.64 	 2.425700 
12.65 	 2.427649 
12.66 	 2.429575 
12.67 	 2.431480 
12.68 	 2.433362 
12.69 	 2.435222 
12.70 	 2.437062 
12.71 	 2.438880 
12.72 	 2.440678 
12.73 	 2.442456 
12.74 	 2.444214 
12.75 	 2.445952 
12.76 	 2.447671 
12.77 	 2.449371 
12.78 	 2.451052 
12.79 	 2.452715 
12.80 	 2.454360 
12.81 	 2.455987 
12.82 	 2.457597 
12.83 	 2.459189 
12.84 	 2.460764 
12.85 	 2.462322 
12.86 	 2.463864 
12.87 	 2.465390 
12.88 	 2.466899 
12.89 	 2.468393 
12.90 	 2.469871 
12.91 	 2.471334 
12.92 	 2.472782 
12.93 	 2.474215 
12.94 	 2.475633 
12.95 	 2.477037 
12.96 	 2.478426 
12.97 	 2.479802 
12.98 	 2.481163 
12.99 	 2.482511 
13.00 	 2.483845 
13.01 	 2.485167 
13.02 	 2.486475 
13.03 	 2.487770 
13.04 	 2.489052 
13.05 	 2.490322 
13.06 	 2.491580 
13.07 	 2.492825 
13.08 	 2.494058 
13.09 	 2.495279 
13.10 	 2.496489 
13.11 	 2.497687 
13.12 	 2.498874 
13.13 	 2.500049 
13.14 	 2.501213 
13.15 	 2.502366 
13.16 	 2.503509 
13.17 	 2.504640 
13.18 	 2.505761 
13.19 	 2.506872 
13.20 	 2.507972 
13.21 	 2.509063 
13.22 	 2.510143 
13.23 	 2.511213 
13.24 	 2.512274 
13.25 	 2.513325 
13.26 	 2.514366 
13.27 	 2.515398 
13.28 	 2.516421 
13.29 	 2.517434 
13.30 	 2.518439 
13.31 	 2.519434 
13.32 	 2.520421 
13.33 	 2.521399 
13.34 	 2.522368 
13.35 	 2.523329 
13.36 	 2.524281 
13.37 	 2.525225 
13.38 	 2.526161 
13.39 	 2.527089 
13.40 	 2.528008 
13.41 	 2.528920 
13.42 	 2.529824 
13.43 	 2.530720 
13.44 	 2.531608 
13.45 	 2.532489 
13.46 	 2.533362 
13.47 	 2.534228 
13.48 	 2.535087 
13.49 	 2.535939 
13.50 	 2.536783 
13.51 	 2.537620 
13.52 	 2.538450 
13.53 	 2.539274 
13.54 	 2.540090 
13.55 	 2.540900 
13.56 	 2.541703 
13.57 	 2.542499 
13.58 	 2.543289 
13.59 	 2.544073 
13.60 	 2.544850 
13.61 	 2.545621 
13.62 	 2.546385 
13.63 	 2.547144 
13.64 	 2.547896 
13.65 	 2.548642 
13.66 	 2.549382 
13.67 	 2.550117 
13.68 	 2.550845 
13.69 	 2.551568 
13.70 	 2.552285 
13.71 	 2.552996 
13.72 	 2.553701 
13.73 	 2.554402 
13.74 	 2.555096 
13.75 	 2.555785 
13.76 	 2.556469 
13.77 	 2.557148 
13.78 	 2.557821 
13.79 	 2.558489 
13.80 	 2.559151 
13.81 	 2.559809 
13.82 	 2.560462 
13.83 	 2.561109 
13.84 	 2.561752 
13.85 	 2.562390 
13.86 	 2.563023 
13.87 	 2.563651 
13.88 	 2.564274 
13.89 	 2.564893 
13.90 	 2.565507 
13.91 	 2.566116 
13.92 	 2.566721 
13.93 	 2.567321 
13.94 	 2.567917 
13.95 	 2.568509 
13.96 	 2.569095 
13.97 	 2.569678 
13.98 	 2.570256 
13.99 	 2.570830 
14.00 	 2.571400 
14.01 	 2.571966 
14.02 	 2.572527 
14.03 	 2.573085 
14.04 	 2.573638 
14.05 	 2.574187 
14.06 	 2.574732 
14.07 	 2.575274 
14.08 	 2.575811 
14.09 	 2.576345 
14.10 	 2.576874 
14.11 	 2.577400 
14.12 	 2.577922 
14.13 	 2.578441 
14.14 	 2.578955 
14.15 	 2.579466 
14.16 	 2.579974 
14.17 	 2.580477 
14.18 	 2.580977 
14.19 	 2.581474 
14.20 	 2.581967 
14.21 	 2.582457 
14.22 	 2.582943 
14.23 	 2.583426 
14.24 	 2.583905 
14.25 	 2.584381 
14.26 	 2.584854 
14.27 	 2.585324 
14.28 	 2.585790 
14.29 	 2.586253 
14.30 	 2.586713 
14.31 	 2.587169 
14.32 	 2.587623 
14.33 	 2.588073 
14.34 	 2.588520 
14.35 	 2.588965 
14.36 	 2.589406 
14.37 	 2.589844 
14.38 	 2.590279 
14.39 	 2.590711 
14.40 	 2.591141 
14.41 	 2.591567 
14.42 	 2.591990 
14.43 	 2.592411 
14.44 	 2.592829 
14.45 	 2.593244 
14.46 	 2.593656 
14.47 	 2.594065 
14.48 	 2.594472 
14.49 	 2.594876 
14.50 	 2.595277 
14.51 	 2.595676 
14.52 	 2.596072 
14.53 	 2.596465 
14.54 	 2.596856 
14.55 	 2.597244 
14.56 	 2.597630 
14.57 	 2.598013 
14.58 	 2.598393 
14.59 	 2.598771 
14.60 	 2.599147 
14.61 	 2.599520 
14.62 	 2.599890 
14.63 	 2.600259 
14.64 	 2.600624 
14.65 	 2.600988 
14.66 	 2.601349 
14.67 	 2.601708 
14.68 	 2.602064 
14.69 	 2.602418 
14.70 	 2.602770 
14.71 	 2.603120 
14.72 	 2.603467 
14.73 	 2.603812 
14.74 	 2.604155 
14.75 	 2.604496 
14.76 	 2.604834 
14.77 	 2.605171 
14.78 	 2.605505 
14.79 	 2.605837 
14.80 	 2.606167 
14.81 	 2.606495 
14.82 	 2.606821 
14.83 	 2.607144 
14.84 	 2.607466 
14.85 	 2.607786 
14.86 	 2.608103 
14.87 	 2.608419 
14.88 	 2.608733 
14.89 	 2.609044 
14.90 	 2.609354 
14.91 	 2.609662 
14.92 	 2.609968 
14.93 	 2.610272 
14.94 	 2.610574 
14.95 	 2.610874 
14.96 	 2.611172 
14.97 	 2.611469 
14.98 	 2.611764 
14.99 	 2.612056 
15.00 	 2.612347 
15.01 	 2.612637 
15.02 	 2.612924 
15.03 	 2.613210 
15.04 	 2.613494 
15.05 	 2.613776 
15.06 	 2.614056 
15.07 	 2.614335 
15.08 	 2.614612 
15.09 	 2.614888 
15.10 	 2.615161 
15.11 	 2.615433 
15.12 	 2.615704 
15.13 	 2.615972 
15.14 	 2.616239 
15.15 	 2.616505 
15.16 	 2.616769 
15.17 	 2.617031 
15.18 	 2.617292 
15.19 	 2.617551 
15.20 	 2.617808 
15.21 	 2.618064 
15.22 	 2.618319 
15.23 	 2.618572 
15.24 	 2.618823 
15.25 	 2.619073 
15.26 	 2.619322 
15.27 	 2.619568 
15.28 	 2.619814 
15.29 	 2.620058 
15.30 	 2.620300 
15.31 	 2.620542 
15.32 	 2.620781 
15.33 	 2.621020 
15.34 	 2.621256 
15.35 	 2.621492 
15.36 	 2.621726 
15.37 	 2.621959 
15.38 	 2.622190 
15.39 	 2.622420 
15.40 	 2.622648 
15.41 	 2.622876 
15.42 	 2.623102 
15.43 	 2.623326 
15.44 	 2.623549 
15.45 	 2.623771 
15.46 	 2.623992 
15.47 	 2.624211 
15.48 	 2.624429 
15.49 	 2.624646 
15.50 	 2.624862 
15.51 	 2.625076 
15.52 	 2.625289 
15.53 	 2.625501 
15.54 	 2.625712 
15.55 	 2.625921 
15.56 	 2.626129 
15.57 	 2.626336 
15.58 	 2.626542 
15.59 	 2.626747 
15.60 	 2.626950 
15.61 	 2.627152 
15.62 	 2.627353 
15.63 	 2.627553 
15.64 	 2.627752 
15.65 	 2.627950 
15.66 	 2.628146 
15.67 	 2.628341 
15.68 	 2.628536 
15.69 	 2.628729 
15.70 	 2.628921 
15.71 	 2.629112 
15.72 	 2.629302 
15.73 	 2.629490 
15.74 	 2.629678 
15.75 	 2.629865 
15.76 	 2.630050 
15.77 	 2.630235 
15.78 	 2.630418 
15.79 	 2.630601 
15.80 	 2.630782 
15.81 	 2.630963 
15.82 	 2.631142 
15.83 	 2.631320 
15.84 	 2.631498 
15.85 	 2.631674 
15.86 	 2.631850 
15.87 	 2.632024 
15.88 	 2.632197 
15.89 	 2.632370 
15.90 	 2.632541 
15.91 	 2.632712 
15.92 	 2.632881 
15.93 	 2.633050 
15.94 	 2.633218 
15.95 	 2.633384 
15.96 	 2.633550 
15.97 	 2.633715 
15.98 	 2.633879 
15.99 	 2.634042 
16.00 	 2.634204 
16.01 	 2.634365 
16.02 	 2.634526 
16.03 	 2.634685 
16.04 	 2.634844 
16.05 	 2.635001 
16.06 	 2.635158 
16.07 	 2.635314 
16.08 	 2.635469 
16.09 	 2.635623 
16.10 	 2.635777 
16.11 	 2.635929 
16.12 	 2.636081 
16.13 	 2.636232 
16.14 	 2.636382 
16.15 	 2.636531 
16.16 	 2.636680 
16.17 	 2.636827 
16.18 	 2.636974 
16.19 	 2.637120 
16.20 	 2.637265 
16.21 	 2.637409 
16.22 	 2.637553 
16.23 	 2.637696 
16.24 	 2.637838 
16.25 	 2.637979 
16.26 	 2.638120 
16.27 	 2.638259 
16.28 	 2.638398 
16.29 	 2.638536 
16.30 	 2.638674 
16.31 	 2.638811 
16.32 	 2.638947 
16.33 	 2.639082 
16.34 	 2.639216 
16.35 	 2.639350 
16.36 	 2.639483 
16.37 	 2.639615 
16.38 	 2.639747 
16.39 	 2.639878 
16.40 	 2.640008 
16.41 	 2.640138 
16.42 	 2.640266 
16.43 	 2.640394 
16.44 	 2.640522 
16.45 	 2.640649 
16.46 	 2.640775 
16.47 	 2.640900 
16.48 	 2.641025 
16.49 	 2.641149 
16.50 	 2.641272 
16.51 	 2.641395 
16.52 	 2.641517 
16.53 	 2.641638 
16.54 	 2.641759 
16.55 	 2.641879 
16.56 	 2.641998 
16.57 	 2.642117 
16.58 	 2.642235 
16.59 	 2.642353 
16.60 	 2.642470 
16.61 	 2.642586 
16.62 	 2.642702 
16.63 	 2.642817 
16.64 	 2.642931 
16.65 	 2.643045 
16.66 	 2.643159 
16.67 	 2.643271 
16.68 	 2.643383 
16.69 	 2.643495 
16.70 	 2.643606 
16.71 	 2.643716 
16.72 	 2.643825 
16.73 	 2.643935 
16.74 	 2.644043 
16.75 	 2.644151 
16.76 	 2.644258 
16.77 	 2.644365 
16.78 	 2.644472 
16.79 	 2.644577 
16.80 	 2.644682 
16.81 	 2.644787 
16.82 	 2.644891 
16.83 	 2.644995 
16.84 	 2.645097 
16.85 	 2.645200 
16.86 	 2.645302 
16.87 	 2.645403 
16.88 	 2.645504 
16.89 	 2.645604 
16.90 	 2.645704 
16.91 	 2.645803 
16.92 	 2.645902 
16.93 	 2.646000 
16.94 	 2.646098 
16.95 	 2.646195 
16.96 	 2.646292 
16.97 	 2.646388 
16.98 	 2.646483 
16.99 	 2.646579 
17.00 	 2.646673 
17.01 	 2.646767 
17.02 	 2.646861 
17.03 	 2.646954 
17.04 	 2.647047 
17.05 	 2.647139 
17.06 	 2.647231 
17.07 	 2.647322 
17.08 	 2.647413 
17.09 	 2.647503 
17.10 	 2.647593 
17.11 	 2.647683 
17.12 	 2.647772 
17.13 	 2.647860 
17.14 	 2.647948 
17.15 	 2.648036 
17.16 	 2.648123 
17.17 	 2.648209 
17.18 	 2.648296 
17.19 	 2.648381 
17.20 	 2.648467 
17.21 	 2.648552 
17.22 	 2.648636 
17.23 	 2.648720 
17.24 	 2.648804 
17.25 	 2.648887 
17.26 	 2.648969 
17.27 	 2.649052 
17.28 	 2.649134 
17.29 	 2.649215 
17.30 	 2.649296 
17.31 	 2.649377 
17.32 	 2.649457 
17.33 	 2.649537 
17.34 	 2.649616 
17.35 	 2.649695 
17.36 	 2.649774 
17.37 	 2.649852 
17.38 	 2.649930 
17.39 	 2.650007 
17.40 	 2.650084 
17.41 	 2.650160 
17.42 	 2.650237 
17.43 	 2.650312 
17.44 	 2.650388 
17.45 	 2.650463 
17.46 	 2.650537 
17.47 	 2.650612 
17.48 	 2.650686 
17.49 	 2.650759 
17.50 	 2.650832 
17.51 	 2.650905 
17.52 	 2.650977 
17.53 	 2.651049 
17.54 	 2.651121 
17.55 	 2.651192 
17.56 	 2.651263 
17.57 	 2.651334 
17.58 	 2.651404 
17.59 	 2.651474 
17.60 	 2.651543 
17.61 	 2.651613 
17.62 	 2.651681 
17.63 	 2.651750 
17.64 	 2.651818 
17.65 	 2.651886 
17.66 	 2.651953 
17.67 	 2.652020 
17.68 	 2.652087 
17.69 	 2.652153 
17.70 	 2.652219 
17.71 	 2.652285 
17.72 	 2.652350 
17.73 	 2.652415 
17.74 	 2.652480 
17.75 	 2.652545 
17.76 	 2.652609 
17.77 	 2.652672 
17.78 	 2.652736 
17.79 	 2.652799 
17.80 	 2.652862 
17.81 	 2.652924 
17.82 	 2.652986 
17.83 	 2.653048 
17.84 	 2.653110 
17.85 	 2.653171 
17.86 	 2.653232 
17.87 	 2.653293 
17.88 	 2.653353 
17.89 	 2.653413 
17.90 	 2.653473 
17.91 	 2.653532 
17.92 	 2.653591 
17.93 	 2.653650 
17.94 	 2.653708 
17.95 	 2.653767 
17.96 	 2.653825 
17.97 	 2.653882 
17.98 	 2.653940 
17.99 	 2.653997 
18.00 	 2.654053 
18.01 	 2.654110 
18.02 	 2.654166 
18.03 	 2.654222 
18.04 	 2.654278 
18.05 	 2.654333 
18.06 	 2.654388 
18.07 	 2.654443 
18.08 	 2.654497 
18.09 	 2.654552 
18.10 	 2.654606 
18.11 	 2.654660 
18.12 	 2.654713 
18.13 	 2.654766 
18.14 	 2.654819 
18.15 	 2.654872 
18.16 	 2.654924 
18.17 	 2.654976 
18.18 	 2.655028 
18.19 	 2.655080 
18.20 	 2.655131 
18.21 	 2.655182 
18.22 	 2.655233 
18.23 	 2.655284 
18.24 	 2.655334 
18.25 	 2.655384 
18.26 	 2.655434 
18.27 	 2.655484 
18.28 	 2.655533 
18.29 	 2.655582 
18.30 	 2.655631 
18.31 	 2.655680 
18.32 	 2.655728 
18.33 	 2.655776 
18.34 	 2.655824 
18.35 	 2.655872 
18.36 	 2.655919 
18.37 	 2.655967 
18.38 	 2.656013 
18.39 	 2.656060 
18.40 	 2.656107 
18.41 	 2.656153 
18.42 	 2.656199 
18.43 	 2.656245 
18.44 	 2.656290 
18.45 	 2.656336 
18.46 	 2.656381 
18.47 	 2.656426 
18.48 	 2.656471 
18.49 	 2.656515 
18.50 	 2.656559 
18.51 	 2.656603 
18.52 	 2.656647 
18.53 	 2.656691 
18.54 	 2.656734 
18.55 	 2.656777 
18.56 	 2.656820 
18.57 	 2.656863 
18.58 	 2.656906 
18.59 	 2.656948 
18.60 	 2.656990 
18.61 	 2.657032 
18.62 	 2.657074 
18.63 	 2.657115 
18.64 	 2.657156 
18.65 	 2.657198 
18.66 	 2.657238 
18.67 	 2.657279 
18.68 	 2.657320 
18.69 	 2.657360 
18.70 	 2.657400 
18.71 	 2.657440 
18.72 	 2.657480 
18.73 	 2.657519 
18.74 	 2.657558 
18.75 	 2.657598 
18.76 	 2.657637 
18.77 	 2.657675 
18.78 	 2.657714 
18.79 	 2.657752 
18.80 	 2.657790 
18.81 	 2.657828 
18.82 	 2.657866 
18.83 	 2.657904 
18.84 	 2.657941 
18.85 	 2.657978 
18.86 	 2.658015 
18.87 	 2.658052 
18.88 	 2.658089 
18.89 	 2.658126 
18.90 	 2.658162 
18.91 	 2.658198 
18.92 	 2.658234 
18.93 	 2.658270 
18.94 	 2.658305 
18.95 	 2.658341 
18.96 	 2.658376 
18.97 	 2.658411 
18.98 	 2.658446 
18.99 	 2.658481 
19.00 	 2.658516 
19.01 	 2.658550 
19.02 	 2.658584 
19.03 	 2.658618 
19.04 	 2.658652 
19.05 	 2.658686 
19.06 	 2.658720 
19.07 	 2.658753 
19.08 	 2.658786 
19.09 	 2.658820 
19.10 	 2.658853 
19.11 	 2.658885 
19.12 	 2.658918 
19.13 	 2.658950 
19.14 	 2.658983 
19.15 	 2.659015 
19.16 	 2.659047 
19.17 	 2.659079 
19.18 	 2.659110 
19.19 	 2.659142 
19.20 	 2.659173 
19.21 	 2.659205 
19.22 	 2.659236 
19.23 	 2.659267 
19.24 	 2.659297 
19.25 	 2.659328 
19.26 	 2.659358 
19.27 	 2.659389 
19.28 	 2.659419 
19.29 	 2.659449 
19.30 	 2.659479 
19.31 	 2.659509 
19.32 	 2.659538 
19.33 	 2.659568 
19.34 	 2.659597 
19.35 	 2.659626 
19.36 	 2.659655 
19.37 	 2.659684 
19.38 	 2.659713 
19.39 	 2.659741 
19.40 	 2.659770 
19.41 	 2.659798 
19.42 	 2.659826 
19.43 	 2.659854 
19.44 	 2.659882 
19.45 	 2.659910 
19.46 	 2.659938 
19.47 	 2.659965 
19.48 	 2.659993 
19.49 	 2.660020 
19.50 	 2.660047 
19.51 	 2.660074 
19.52 	 2.660101 
19.53 	 2.660128 
19.54 	 2.660154 
19.55 	 2.660181 
19.56 	 2.660207 
19.57 	 2.660233 
19.58 	 2.660259 
19.59 	 2.660285 
19.60 	 2.660311 
19.61 	 2.660337 
19.62 	 2.660362 
19.63 	 2.660388 
19.64 	 2.660413 
19.65 	 2.660438 
19.66 	 2.660464 
19.67 	 2.660489 
19.68 	 2.660513 
19.69 	 2.660538 
19.70 	 2.660563 
19.71 	 2.660587 
19.72 	 2.660612 
19.73 	 2.660636 
19.74 	 2.660660 
19.75 	 2.660684 
19.76 	 2.660708 
19.77 	 2.660732 
19.78 	 2.660755 
19.79 	 2.660779 
19.80 	 2.660802 
19.81 	 2.660826 
19.82 	 2.660849 
19.83 	 2.660872 
19.84 	 2.660895 
19.85 	 2.660918 
19.86 	 2.660941 
19.87 	 2.660963 
19.88 	 2.660986 
19.89 	 2.661008 
19.90 	 2.661031 
19.91 	 2.661053 
19.92 	 2.661075 
19.93 	 2.661097 
19.94 	 2.661119 
19.95 	 2.661141 
19.96 	 2.661163 
19.97 	 2.661184 
19.98 	 2.661206 
19.99 	 2.661227 
20.00 	 2.661248 
20.01 	 2.661270 
20.02 	 2.661291 
20.03 	 2.661312 
20.04 	 2.661333 
20.05 	 2.661353 
20.06 	 2.661374 
20.07 	 2.661395 
20.08 	 2.661415 
20.09 	 2.661436 
20.10 	 2.661456 
20.11 	 2.661476 
20.12 	 2.661496 
20.13 	 2.661516 
20.14 	 2.661536 
20.15 	 2.661556 
20.16 	 2.661576 
20.17 	 2.661595 
20.18 	 2.661615 
20.19 	 2.661634 
20.20 	 2.661653 
20.21 	 2.661673 
20.22 	 2.661692 
20.23 	 2.661711 
20.24 	 2.661730 
20.25 	 2.661749 
20.26 	 2.661768 
20.27 	 2.661786 
20.28 	 2.661805 
20.29 	 2.661823 
20.30 	 2.661842 
20.31 	 2.661860 
20.32 	 2.661878 
20.33 	 2.661897 
20.34 	 2.661915 
20.35 	 2.661933 
20.36 	 2.661951 
20.37 	 2.661968 
20.38 	 2.661986 
20.39 	 2.662004 
20.40 	 2.662021 
20.41 	 2.662039 
20.42 	 2.662056 
20.43 	 2.662073 
20.44 	 2.662091 
20.45 	 2.662108 
20.46 	 2.662125 
20.47 	 2.662142 
20.48 	 2.662159 
20.49 	 2.662176 
20.50 	 2.662192 
20.51 	 2.662209 
20.52 	 2.662226 
20.53 	 2.662242 
20.54 	 2.662259 
20.55 	 2.662275 
20.56 	 2.662291 
20.57 	 2.662307 
20.58 	 2.662323 
20.59 	 2.662339 
20.60 	 2.662355 
20.61 	 2.662371 
20.62 	 2.662387 
20.63 	 2.662403 
20.64 	 2.662419 
20.65 	 2.662434 
20.66 	 2.662450 
20.67 	 2.662465 
20.68 	 2.662480 
20.69 	 2.662496 
20.70 	 2.662511 
20.71 	 2.662526 
20.72 	 2.662541 
20.73 	 2.662556 
20.74 	 2.662571 
20.75 	 2.662586 
20.76 	 2.662601 
20.77 	 2.662615 
20.78 	 2.662630 
20.79 	 2.662645 
20.80 	 2.662659 
20.81 	 2.662674 
20.82 	 2.662688 
20.83 	 2.662702 
20.84 	 2.662716 
20.85 	 2.662731 
20.86 	 2.662745 
20.87 	 2.662759 
20.88 	 2.662773 
20.89 	 2.662787 
20.90 	 2.662800 
20.91 	 2.662814 
20.92 	 2.662828 
20.93 	 2.662841 
20.94 	 2.662855 
20.95 	 2.662869 
20.96 	 2.662882 
20.97 	 2.662895 
20.98 	 2.662909 
20.99 	 2.662922 
21.00 	 2.662935 
21.01 	 2.662948 
21.02 	 2.662961 
21.03 	 2.662974 
21.04 	 2.662987 
21.05 	 2.663000 
21.06 	 2.663013 
21.07 	 2.663026 
21.08 	 2.663038 
21.09 	 2.663051 
21.10 	 2.663063 
21.11 	 2.663076 
21.12 	 2.663088 
21.13 	 2.663101 
21.14 	 2.663113 
21.15 	 2.663125 
21.16 	 2.663138 
21.17 	 2.663150 
21.18 	 2.663162 
21.19 	 2.663174 
21.20 	 2.663186 
21.21 	 2.663198 
21.22 	 2.663210 
21.23 	 2.663221 
21.24 	 2.663233 
21.25 	 2.663245 
21.26 	 2.663257 
21.27 	 2.663268 
21.28 	 2.663280 
21.29 	 2.663291 
21.30 	 2.663303 
21.31 	 2.663314 
21.32 	 2.663325 
21.33 	 2.663337 
21.34 	 2.663348 
21.35 	 2.663359 
21.36 	 2.663370 
21.37 	 2.663381 
21.38 	 2.663392 
21.39 	 2.663403 
21.40 	 2.663414 
21.41 	 2.663425 
21.42 	 2.663435 
21.43 	 2.663446 
21.44 	 2.663457 
21.45 	 2.663468 
21.46 	 2.663478 
21.47 	 2.663489 
21.48 	 2.663499 
21.49 	 2.663510 
21.50 	 2.663520 
21.51 	 2.663530 
21.52 	 2.663541 
21.53 	 2.663551 
21.54 	 2.663561 
21.55 	 2.663571 
21.56 	 2.663581 
21.57 	 2.663591 
21.58 	 2.663601 
21.59 	 2.663611 
21.60 	 2.663621 
21.61 	 2.663631 
21.62 	 2.663641 
21.63 	 2.663651 
21.64 	 2.663660 
21.65 	 2.663670 
21.66 	 2.663680 
21.67 	 2.663689 
21.68 	 2.663699 
21.69 	 2.663708 
21.70 	 2.663718 
21.71 	 2.663727 
21.72 	 2.663736 
21.73 	 2.663746 
21.74 	 2.663755 
21.75 	 2.663764 
21.76 	 2.663773 
21.77 	 2.663782 
21.78 	 2.663792 
21.79 	 2.663801 
21.80 	 2.663810 
21.81 	 2.663819 
21.82 	 2.663827 
21.83 	 2.663836 
21.84 	 2.663845 
21.85 	 2.663854 
21.86 	 2.663863 
21.87 	 2.663871 
21.88 	 2.663880 
21.89 	 2.663889 
21.90 	 2.663897 
21.91 	 2.663906 
21.92 	 2.663914 
21.93 	 2.663923 
21.94 	 2.663931 
21.95 	 2.663940 
21.96 	 2.663948 
21.97 	 2.663956 
21.98 	 2.663965 
21.99 	 2.663973 
22.00 	 2.663981 
22.01 	 2.663989 
22.02 	 2.663997 
22.03 	 2.664005 
22.04 	 2.664013 
22.05 	 2.664021 
22.06 	 2.664029 
22.07 	 2.664037 
22.08 	 2.664045 
22.09 	 2.664053 
22.10 	 2.664061 
22.11 	 2.664069 
22.12 	 2.664076 
22.13 	 2.664084 
22.14 	 2.664092 
22.15 	 2.664099 
22.16 	 2.664107 
22.17 	 2.664114 
22.18 	 2.664122 
22.19 	 2.664129 
22.20 	 2.664137 
22.21 	 2.664144 
22.22 	 2.664152 
22.23 	 2.664159 
22.24 	 2.664166 
22.25 	 2.664174 
22.26 	 2.664181 
22.27 	 2.664188 
22.28 	 2.664195 
22.29 	 2.664202 
22.30 	 2.664209 
22.31 	 2.664216 
22.32 	 2.664223 
22.33 	 2.664231 
22.34 	 2.664237 
22.35 	 2.664244 
22.36 	 2.664251 
22.37 	 2.664258 
22.38 	 2.664265 
22.39 	 2.664272 
22.40 	 2.664279 
22.41 	 2.664285 
22.42 	 2.664292 
22.43 	 2.664299 
22.44 	 2.664305 
22.45 	 2.664312 
22.46 	 2.664319 
22.47 	 2.664325 
22.48 	 2.664332 
22.49 	 2.664338 
22.50 	 2.664345 
22.51 	 2.664351 
22.52 	 2.664357 
22.53 	 2.664364 
22.54 	 2.664370 
22.55 	 2.664376 
22.56 	 2.664383 
22.57 	 2.664389 
22.58 	 2.664395 
22.59 	 2.664401 
22.60 	 2.664408 
22.61 	 2.664414 
22.62 	 2.664420 
22.63 	 2.664426 
22.64 	 2.664432 
22.65 	 2.664438 
22.66 	 2.664444 
22.67 	 2.664450 
22.68 	 2.664456 
22.69 	 2.664462 
22.70 	 2.664468 
22.71 	 2.664473 
22.72 	 2.664479 
22.73 	 2.664485 
22.74 	 2.664491 
22.75 	 2.664497 
22.76 	 2.664502 
22.77 	 2.664508 
22.78 	 2.664514 
22.79 	 2.664519 
22.80 	 2.664525 
22.81 	 2.664530 
22.82 	 2.664536 
22.83 	 2.664541 
22.84 	 2.664547 
22.85 	 2.664552 
22.86 	 2.664558 
22.87 	 2.664563 
22.88 	 2.664569 
22.89 	 2.664574 
22.90 	 2.664579 
22.91 	 2.664585 
22.92 	 2.664590 
22.93 	 2.664595 
22.94 	 2.664601 
22.95 	 2.664606 
22.96 	 2.664611 
22.97 	 2.664616 
22.98 	 2.664621 
22.99 	 2.664626 
23.00 	 2.664632 
23.01 	 2.664637 
23.02 	 2.664642 
23.03 	 2.664647 
23.04 	 2.664652 
23.05 	 2.664657 
23.06 	 2.664662 
23.07 	 2.664667 
23.08 	 2.664671 
23.09 	 2.664676 
23.10 	 2.664681 
23.11 	 2.664686 
23.12 	 2.664691 
23.13 	 2.664696 
23.14 	 2.664700 
23.15 	 2.664705 
23.16 	 2.664710 
23.17 	 2.664715 
23.18 	 2.664719 
23.19 	 2.664724 
23.20 	 2.664729 
23.21 	 2.664733 
23.22 	 2.664738 
23.23 	 2.664742 
23.24 	 2.664747 
23.25 	 2.664751 
23.26 	 2.664756 
23.27 	 2.664760 
23.28 	 2.664765 
23.29 	 2.664769 
23.30 	 2.664774 
23.31 	 2.664778 
23.32 	 2.664783 
23.33 	 2.664787 
23.34 	 2.664791 
23.35 	 2.664796 
23.36 	 2.664800 
23.37 	 2.664804 
23.38 	 2.664808 
23.39 	 2.664813 
23.40 	 2.664817 
23.41 	 2.664821 
23.42 	 2.664825 
23.43 	 2.664829 
23.44 	 2.664834 
23.45 	 2.664838 
23.46 	 2.664842 
23.47 	 2.664846 
23.48 	 2.664850 
23.49 	 2.664854 
23.50 	 2.664858 
23.51 	 2.664862 
23.52 	 2.664866 
23.53 	 2.664870 
23.54 	 2.664874 
23.55 	 2.664878 
23.56 	 2.664882 
23.57 	 2.664886 
23.58 	 2.664890 
23.59 	 2.664893 
23.60 	 2.664897 
23.61 	 2.664901 
23.62 	 2.664905 
23.63 	 2.664909 
23.64 	 2.664912 
23.65 	 2.664916 
23.66 	 2.664920 
23.67 	 2.664924 
23.68 	 2.664927 
23.69 	 2.664931 
23.70 	 2.664935 
23.71 	 2.664938 
23.72 	 2.664942 
23.73 	 2.664946 
23.74 	 2.664949 
23.75 	 2.664953 
23.76 	 2.664956 
23.77 	 2.664960 
23.78 	 2.664963 
23.79 	 2.664967 
23.80 	 2.664970 
23.81 	 2.664974 
23.82 	 2.664977 
23.83 	 2.664981 
23.84 	 2.664984 
23.85 	 2.664988 
23.86 	 2.664991 
23.87 	 2.664994 
23.88 	 2.664998 
23.89 	 2.665001 
23.90 	 2.665004 
23.91 	 2.665008 
23.92 	 2.665011 
23.93 	 2.665014 
23.94 	 2.665018 
23.95 	 2.665021 
23.96 	 2.665024 
23.97 	 2.665027 
23.98 	 2.665031 
23.99 	 2.665034 
24.00 	 2.665037 
24.01 	 2.665040 
24.02 	 2.665043 
24.03 	 2.665046 
24.04 	 2.665049 
24.05 	 2.665053 
24.06 	 2.665056 
24.07 	 2.665059 
24.08 	 2.665062 
24.09 	 2.665065 
24.10 	 2.665068 
24.11 	 2.665071 
24.12 	 2.665074 
24.13 	 2.665077 
24.14 	 2.665080 
24.15 	 2.665083 
24.16 	 2.665086 
24.17 	 2.665089 
24.18 	 2.665092 
24.19 	 2.665095 
24.20 	 2.665097 
24.21 	 2.665100 
24.22 	 2.665103 
24.23 	 2.665106 
24.24 	 2.665109 
24.25 	 2.665112 
24.26 	 2.665114 
24.27 	 2.665117 
24.28 	 2.665120 
24.29 	 2.665123 
24.30 	 2.665126 
24.31 	 2.665128 
24.32 	 2.665131 
24.33 	 2.665134 
24.34 	 2.665137 
24.35 	 2.665139 
24.36 	 2.665142 
24.37 	 2.665145 
24.38 	 2.665147 
24.39 	 2.665150 
24.40 	 2.665152 
24.41 	 2.665155 
24.42 	 2.665158 
24.43 	 2.665160 
24.44 	 2.665163 
24.45 	 2.665165 
24.46 	 2.665168 
24.47 	 2.665171 
24.48 	 2.665173 
24.49 	 2.665176 
24.50 	 2.665178 
24.51 	 2.665181 
24.52 	 2.665183 
24.53 	 2.665186 
24.54 	 2.665188 
24.55 	 2.665191 
24.56 	 2.665193 
24.57 	 2.665195 
24.58 	 2.665198 
24.59 	 2.665200 
24.60 	 2.665203 
24.61 	 2.665205 
24.62 	 2.665207 
24.63 	 2.665210 
24.64 	 2.665212 
24.65 	 2.665214 
24.66 	 2.665217 
24.67 	 2.665219 
24.68 	 2.665221 
24.69 	 2.665224 
24.70 	 2.665226 
24.71 	 2.665228 
24.72 	 2.665231 
24.73 	 2.665233 
24.74 	 2.665235 
24.75 	 2.665237 
24.76 	 2.665239 
24.77 	 2.665242 
24.78 	 2.665244 
24.79 	 2.665246 
24.80 	 2.665248 
24.81 	 2.665250 
24.82 	 2.665253 
24.83 	 2.665255 
24.84 	 2.665257 
24.85 	 2.665259 
24.86 	 2.665261 
24.87 	 2.665263 
24.88 	 2.665265 
24.89 	 2.665267 
24.90 	 2.665269 
24.91 	 2.665272 
24.92 	 2.665274 
24.93 	 2.665276 
24.94 	 2.665278 
24.95 	 2.665280 
24.96 	 2.665282 
24.97 	 2.665284 
24.98 	 2.665286 
24.99 	 2.665288 
25.00 	 2.665290 
25.01 	 2.665292 
25.02 	 2.665294 
25.03 	 2.665296 
25.04 	 2.665298 
25.05 	 2.665300 
25.06 	 2.665301 
25.07 	 2.665303 
25.08 	 2.665305 
25.09 	 2.665307 
25.10 	 2.665309 
25.11 	 2.665311 
25.12 	 2.665313 
25.13 	 2.665315 
25.14 	 2.665317 
25.15 	 2.665318 
25.16 	 2.665320 
25.17 	 2.665322 
25.18 	 2.665324 
25.19 	 2.665326 
25.20 	 2.665328 
25.21 	 2.665329 
25.22 	 2.665331 
25.23 	 2.665333 
25.24 	 2.665335 
25.25 	 2.665336 
25.26 	 2.665338 
25.27 	 2.665340 
25.28 	 2.665342 
25.29 	 2.665343 
25.30 	 2.665345 
25.31 	 2.665347 
25.32 	 2.665349 
25.33 	 2.665350 
25.34 	 2.665352 
25.35 	 2.665354 
25.36 	 2.665355 
25.37 	 2.665357 
25.38 	 2.665359 
25.39 	 2.665360 
25.40 	 2.665362 
25.41 	 2.665364 
25.42 	 2.665365 
25.43 	 2.665367 
25.44 	 2.665368 
25.45 	 2.665370 
25.46 	 2.665372 
25.47 	 2.665373 
25.48 	 2.665375 
25.49 	 2.665376 
25.50 	 2.665378 
25.51 	 2.665379 
25.52 	 2.665381 
25.53 	 2.665383 
25.54 	 2.665384 
25.55 	 2.665386 
25.56 	 2.665387 
25.57 	 2.665389 
25.58 	 2.665390 
25.59 	 2.665392 
25.60 	 2.665393 
25.61 	 2.665395 
25.62 	 2.665396 
25.63 	 2.665398 
25.64 	 2.665399 
25.65 	 2.665401 
25.66 	 2.665402 
25.67 	 2.665403 
25.68 	 2.665405 
25.69 	 2.665406 
25.70 	 2.665408 
25.71 	 2.665409 
25.72 	 2.665411 
25.73 	 2.665412 
25.74 	 2.665413 
25.75 	 2.665415 
25.76 	 2.665416 
25.77 	 2.665418 
25.78 	 2.665419 
25.79 	 2.665420 
25.80 	 2.665422 
25.81 	 2.665423 
25.82 	 2.665424 
25.83 	 2.665426 
25.84 	 2.665427 
25.85 	 2.665428 
25.86 	 2.665430 
25.87 	 2.665431 
25.88 	 2.665432 
25.89 	 2.665434 
25.90 	 2.665435 
25.91 	 2.665436 
25.92 	 2.665438 
25.93 	 2.665439 
25.94 	 2.665440 
25.95 	 2.665441 
25.96 	 2.665443 
25.97 	 2.665444 
25.98 	 2.665445 
25.99 	 2.665446 
26.00 	 2.665448 
26.01 	 2.665449 
26.02 	 2.665450 
26.03 	 2.665451 
26.04 	 2.665453 
26.05 	 2.665454 
26.06 	 2.665455 
26.07 	 2.665456 
26.08 	 2.665457 
26.09 	 2.665459 
26.10 	 2.665460 
26.11 	 2.665461 
26.12 	 2.665462 
26.13 	 2.665463 
26.14 	 2.665464 
26.15 	 2.665466 
26.16 	 2.665467 
26.17 	 2.665468 
26.18 	 2.665469 
26.19 	 2.665470 
26.20 	 2.665471 
26.21 	 2.665472 
26.22 	 2.665473 
26.23 	 2.665475 
26.24 	 2.665476 
26.25 	 2.665477 
26.26 	 2.665478 
26.27 	 2.665479 
26.28 	 2.665480 
26.29 	 2.665481 
26.30 	 2.665482 
26.31 	 2.665483 
26.32 	 2.665484 
26.33 	 2.665485 
26.34 	 2.665486 
26.35 	 2.665487 
26.36 	 2.665489 
26.37 	 2.665490 
26.38 	 2.665491 
26.39 	 2.665492 
26.40 	 2.665493 
26.41 	 2.665494 
26.42 	 2.665495 
26.43 	 2.665496 
26.44 	 2.665497 
26.45 	 2.665498 
26.46 	 2.665499 
26.47 	 2.665500 
26.48 	 2.665501 
26.49 	 2.665502 
26.50 	 2.665503 
26.51 	 2.665504 
26.52 	 2.665505 
26.53 	 2.665506 
26.54 	 2.665507 
26.55 	 2.665508 
26.56 	 2.665508 
26.57 	 2.665509 
26.58 	 2.665510 
26.59 	 2.665511 
26.60 	 2.665512 
26.61 	 2.665513 
26.62 	 2.665514 
26.63 	 2.665515 
26.64 	 2.665516 
26.65 	 2.665517 
26.66 	 2.665518 
26.67 	 2.665519 
26.68 	 2.665520 
26.69 	 2.665520 
26.70 	 2.665521 
26.71 	 2.665522 
26.72 	 2.665523 
26.73 	 2.665524 
26.74 	 2.665525 
26.75 	 2.665526 
26.76 	 2.665527 
26.77 	 2.665527 
26.78 	 2.665528 
26.79 	 2.665529 
26.80 	 2.665530 
26.81 	 2.665531 
26.82 	 2.665532 
26.83 	 2.665533 
26.84 	 2.665533 
26.85 	 2.665534 
26.86 	 2.665535 
26.87 	 2.665536 
26.88 	 2.665537 
26.89 	 2.665537 
26.90 	 2.665538 
26.91 	 2.665539 
26.92 	 2.665540 
26.93 	 2.665541 
26.94 	 2.665542 
26.95 	 2.665542 
26.96 	 2.665543 
26.97 	 2.665544 
26.98 	 2.665545 
26.99 	 2.665545 
27.00 	 2.665546 
27.01 	 2.665547 
27.02 	 2.665548 
27.03 	 2.665549 
27.04 	 2.665549 
27.05 	 2.665550 
27.06 	 2.665551 
27.07 	 2.665552 
27.08 	 2.665552 
27.09 	 2.665553 
27.10 	 2.665554 
27.11 	 2.665554 
27.12 	 2.665555 
27.13 	 2.665556 
27.14 	 2.665557 
27.15 	 2.665557 
27.16 	 2.665558 
27.17 	 2.665559 
27.18 	 2.665560 
27.19 	 2.665560 
27.20 	 2.665561 
27.21 	 2.665562 
27.22 	 2.665562 
27.23 	 2.665563 
27.24 	 2.665564 
27.25 	 2.665564 
27.26 	 2.665565 
27.27 	 2.665566 
27.28 	 2.665566 
27.29 	 2.665567 
27.30 	 2.665568 
27.31 	 2.665568 
27.32 	 2.665569 
27.33 	 2.665570 
27.34 	 2.665570 
27.35 	 2.665571 
27.36 	 2.665572 
27.37 	 2.665572 
27.38 	 2.665573 
27.39 	 2.665574 
27.40 	 2.665574 
27.41 	 2.665575 
27.42 	 2.665576 
27.43 	 2.665576 
27.44 	 2.665577 
27.45 	 2.665578 
27.46 	 2.665578 
27.47 	 2.665579 
27.48 	 2.665579 
27.49 	 2.665580 
27.50 	 2.665581 
27.51 	 2.665581 
27.52 	 2.665582 
27.53 	 2.665582 
27.54 	 2.665583 
27.55 	 2.665584 
27.56 	 2.665584 
27.57 	 2.665585 
27.58 	 2.665585 
27.59 	 2.665586 
27.60 	 2.665587 
27.61 	 2.665587 
27.62 	 2.665588 
27.63 	 2.665588 
27.64 	 2.665589 
27.65 	 2.665589 
27.66 	 2.665590 
27.67 	 2.665591 
27.68 	 2.665591 
27.69 	 2.665592 
27.70 	 2.665592 
27.71 	 2.665593 
27.72 	 2.665593 
27.73 	 2.665594 
27.74 	 2.665594 
27.75 	 2.665595 
27.76 	 2.665596 
27.77 	 2.665596 
27.78 	 2.665597 
27.79 	 2.665597 
27.80 	 2.665598 
27.81 	 2.665598 
27.82 	 2.665599 
27.83 	 2.665599 
27.84 	 2.665600 
27.85 	 2.665600 
27.86 	 2.665601 
27.87 	 2.665601 
27.88 	 2.665602 
27.89 	 2.665602 
27.90 	 2.665603 
27.91 	 2.665603 
27.92 	 2.665604 
27.93 	 2.665604 
27.94 	 2.665605 
27.95 	 2.665605 
27.96 	 2.665606 
27.97 	 2.665606 
27.98 	 2.665607 
27.99 	 2.665607 
28.00 	 2.665608 
28.01 	 2.665608 
28.02 	 2.665609 
28.03 	 2.665609 
28.04 	 2.665610 
28.05 	 2.665610 
28.06 	 2.665611 
28.07 	 2.665611 
28.08 	 2.665612 
28.09 	 2.665612 
28.10 	 2.665613 
28.11 	 2.665613 
28.12 	 2.665613 
28.13 	 2.665614 
28.14 	 2.665614 
28.15 	 2.665615 
28.16 	 2.665615 
28.17 	 2.665616 
28.18 	 2.665616 
28.19 	 2.665617 
28.20 	 2.665617 
28.21 	 2.665617 
28.22 	 2.665618 
28.23 	 2.665618 
28.24 	 2.665619 
28.25 	 2.665619 
28.26 	 2.665620 
28.27 	 2.665620 
28.28 	 2.665620 
28.29 	 2.665621 
28.30 	 2.665621 
28.31 	 2.665622 
28.32 	 2.665622 
28.33 	 2.665623 
28.34 	 2.665623 
28.35 	 2.665623 
28.36 	 2.665624 
28.37 	 2.665624 
28.38 	 2.665625 
28.39 	 2.665625 
28.40 	 2.665625 
28.41 	 2.665626 
28.42 	 2.665626 
28.43 	 2.665627 
28.44 	 2.665627 
28.45 	 2.665627 
28.46 	 2.665628 
28.47 	 2.665628 
28.48 	 2.665629 
28.49 	 2.665629 
28.50 	 2.665629 
28.51 	 2.665630 
28.52 	 2.665630 
28.53 	 2.665630 
28.54 	 2.665631 
28.55 	 2.665631 
28.56 	 2.665632 
28.57 	 2.665632 
28.58 	 2.665632 
28.59 	 2.665633 
28.60 	 2.665633 
28.61 	 2.665633 
28.62 	 2.665634 
28.63 	 2.665634 
28.64 	 2.665634 
28.65 	 2.665635 
28.66 	 2.665635 
28.67 	 2.665636 
28.68 	 2.665636 
28.69 	 2.665636 
28.70 	 2.665637 
28.71 	 2.665637 
28.72 	 2.665637 
28.73 	 2.665638 
28.74 	 2.665638 
28.75 	 2.665638 
28.76 	 2.665639 
28.77 	 2.665639 
28.78 	 2.665639 
28.79 	 2.665640 
28.80 	 2.665640 
28.81 	 2.665640 
28.82 	 2.665641 
28.83 	 2.665641 
28.84 	 2.665641 
28.85 	 2.665642 
28.86 	 2.665642 
28.87 	 2.665642 
28.88 	 2.665643 
28.89 	 2.665643 
28.90 	 2.665643 
28.91 	 2.665644 
28.92 	 2.665644 
28.93 	 2.665644 
28.94 	 2.665644 
28.95 	 2.665645 
28.96 	 2.665645 
28.97 	 2.665645 
28.98 	 2.665646 
28.99 	 2.665646 
29.00 	 2.665646 
29.01 	 2.665647 
29.02 	 2.665647 
29.03 	 2.665647 
29.04 	 2.665647 
29.05 	 2.665648 
29.06 	 2.665648 
29.07 	 2.665648 
29.08 	 2.665649 
29.09 	 2.665649 
29.10 	 2.665649 
29.11 	 2.665650 
29.12 	 2.665650 
29.13 	 2.665650 
29.14 	 2.665650 
29.15 	 2.665651 
29.16 	 2.665651 
29.17 	 2.665651 
29.18 	 2.665651 
29.19 	 2.665652 
29.20 	 2.665652 
29.21 	 2.665652 
29.22 	 2.665653 
29.23 	 2.665653 
29.24 	 2.665653 
29.25 	 2.665653 
29.26 	 2.665654 
29.27 	 2.665654 
29.28 	 2.665654 
29.29 	 2.665654 
29.30 	 2.665655 
29.31 	 2.665655 
29.32 	 2.665655 
29.33 	 2.665655 
29.34 	 2.665656 
29.35 	 2.665656 
29.36 	 2.665656 
29.37 	 2.665657 
29.38 	 2.665657 
29.39 	 2.665657 
29.40 	 2.665657 
29.41 	 2.665658 
29.42 	 2.665658 
29.43 	 2.665658 
29.44 	 2.665658 
29.45 	 2.665659 
29.46 	 2.665659 
29.47 	 2.665659 
29.48 	 2.665659 
29.49 	 2.665659 
29.50 	 2.665660 
29.51 	 2.665660 
29.52 	 2.665660 
29.53 	 2.665660 
29.54 	 2.665661 
29.55 	 2.665661 
29.56 	 2.665661 
29.57 	 2.665661 
29.58 	 2.665662 
29.59 	 2.665662 
29.60 	 2.665662 
29.61 	 2.665662 
29.62 	 2.665662 
29.63 	 2.665663 
29.64 	 2.665663 
29.65 	 2.665663 
29.66 	 2.665663 
29.67 	 2.665664 
29.68 	 2.665664 
29.69 	 2.665664 
29.70 	 2.665664 
29.71 	 2.665664 
29.72 	 2.665665 
29.73 	 2.665665 
29.74 	 2.665665 
29.75 	 2.665665 
29.76 	 2.665666 
29.77 	 2.665666 
29.78 	 2.665666 
29.79 	 2.665666 
29.80 	 2.665666 
29.81 	 2.665667 
29.82 	 2.665667 
29.83 	 2.665667 
29.84 	 2.665667 
29.85 	 2.665667 
29.86 	 2.665668 
29.87 	 2.665668 
29.88 	 2.665668 
29.89 	 2.665668 
29.90 	 2.665668 
29.91 	 2.665669 
29.92 	 2.665669 
29.93 	 2.665669 
29.94 	 2.665669 
29.95 	 2.665669 
29.96 	 2.665670 
29.97 	 2.665670 
29.98 	 2.665670 
29.99 	 2.665670 
30.00 	 2.665670 
30.01 	 2.665671 
30.02 	 2.665671 
30.03 	 2.665671 
30.04 	 2.665671 
30.05 	 2.665671 
30.06 	 2.665671 
30.07 	 2.665672 
30.08 	 2.665672 
30.09 	 2.665672 
30.10 	 2.665672 
30.11 	 2.665672 
30.12 	 2.665673 
30.13 	 2.665673 
30.14 	 2.665673 
30.15 	 2.665673 
30.16 	 2.665673 
30.17 	 2.665673 
30.18 	 2.665674 
30.19 	 2.665674 
30.20 	 2.665674 
30.21 	 2.665674 
30.22 	 2.665674 
30.23 	 2.665674 
30.24 	 2.665675 
30.25 	 2.665675 
30.26 	 2.665675 
30.27 	 2.665675 
30.28 	 2.665675 
30.29 	 2.665675 
30.30 	 2.665676 
30.31 	 2.665676 
30.32 	 2.665676 
30.33 	 2.665676 
30.34 	 2.665676 
30.35 	 2.665676 
30.36 	 2.665677 
30.37 	 2.665677 
30.38 	 2.665677 
30.39 	 2.665677 
30.40 	 2.665677 
30.41 	 2.665677 
30.42 	 2.665678 
30.43 	 2.665678 
30.44 	 2.665678 
30.45 	 2.665678 
30.46 	 2.665678 
30.47 	 2.665678 
30.48 	 2.665678 
30.49 	 2.665679 
30.50 	 2.665679 
30.51 	 2.665679 
30.52 	 2.665679 
30.53 	 2.665679 
30.54 	 2.665679 
30.55 	 2.665679 
30.56 	 2.665680 
30.57 	 2.665680 
30.58 	 2.665680 
30.59 	 2.665680 
30.60 	 2.665680 
30.61 	 2.665680 
30.62 	 2.665680 
30.63 	 2.665681 
30.64 	 2.665681 
30.65 	 2.665681 
30.66 	 2.665681 
30.67 	 2.665681 
30.68 	 2.665681 
30.69 	 2.665681 
30.70 	 2.665682 
30.71 	 2.665682 
30.72 	 2.665682 
30.73 	 2.665682 
30.74 	 2.665682 
30.75 	 2.665682 
30.76 	 2.665682 
30.77 	 2.665682 
30.78 	 2.665683 
30.79 	 2.665683 
30.80 	 2.665683 
30.81 	 2.665683 
30.82 	 2.665683 
30.83 	 2.665683 
30.84 	 2.665683 
30.85 	 2.665684 
30.86 	 2.665684 
30.87 	 2.665684 
30.88 	 2.665684 
30.89 	 2.665684 
30.90 	 2.665684 
30.91 	 2.665684 
30.92 	 2.665684 
30.93 	 2.665685 
30.94 	 2.665685 
30.95 	 2.665685 
30.96 	 2.665685 
30.97 	 2.665685 
30.98 	 2.665685 
30.99 	 2.665685 
31.00 	 2.665685 
31.01 	 2.665685 
31.02 	 2.665686 
31.03 	 2.665686 
31.04 	 2.665686 
31.05 	 2.665686 
31.06 	 2.665686 
31.07 	 2.665686 
31.08 	 2.665686 
31.09 	 2.665686 
31.10 	 2.665687 
31.11 	 2.665687 
31.12 	 2.665687 
31.13 	 2.665687 
31.14 	 2.665687 
31.15 	 2.665687 
31.16 	 2.665687 
31.17 	 2.665687 
31.18 	 2.665687 
31.19 	 2.665687 
31.20 	 2.665688 
31.21 	 2.665688 
31.22 	 2.665688 
31.23 	 2.665688 
31.24 	 2.665688 
31.25 	 2.665688 
31.26 	 2.665688 
31.27 	 2.665688 
31.28 	 2.665688 
31.29 	 2.665689 
31.30 	 2.665689 
31.31 	 2.665689 
31.32 	 2.665689 
31.33 	 2.665689 
31.34 	 2.665689 
31.35 	 2.665689 
31.36 	 2.665689 
31.37 	 2.665689 
31.38 	 2.665689 
31.39 	 2.665690 
31.40 	 2.665690 
31.41 	 2.665690 
31.42 	 2.665690 
31.43 	 2.665690 
31.44 	 2.665690 
31.45 	 2.665690 
31.46 	 2.665690 
31.47 	 2.665690 
31.48 	 2.665690 
31.49 	 2.665691 
31.50 	 2.665691 
31.51 	 2.665691 
31.52 	 2.665691 
31.53 	 2.665691 
31.54 	 2.665691 
31.55 	 2.665691 
31.56 	 2.665691 
31.57 	 2.665691 
31.58 	 2.665691 
31.59 	 2.665691 
31.60 	 2.665692 
31.61 	 2.665692 
31.62 	 2.665692 
31.63 	 2.665692 
31.64 	 2.665692 
31.65 	 2.665692 
31.66 	 2.665692 
31.67 	 2.665692 
31.68 	 2.665692 
31.69 	 2.665692 
31.70 	 2.665692 
31.71 	 2.665692 
31.72 	 2.665693 
31.73 	 2.665693 
31.74 	 2.665693 
31.75 	 2.665693 
31.76 	 2.665693 
31.77 	 2.665693 
31.78 	 2.665693 
31.79 	 2.665693 
31.80 	 2.665693 
31.81 	 2.665693 
31.82 	 2.665693 
31.83 	 2.665693 
31.84 	 2.665694 
31.85 	 2.665694 
31.86 	 2.665694 
31.87 	 2.665694 
31.88 	 2.665694 
31.89 	 2.665694 
31.90 	 2.665694 
31.91 	 2.665694 
31.92 	 2.665694 
31.93 	 2.665694 
31.94 	 2.665694 
31.95 	 2.665694 
31.96 	 2.665694 
31.97 	 2.665695 
31.98 	 2.665695 
31.99 	 2.665695 
32.00 	 2.665695 
32.01 	 2.665695 
32.02 	 2.665695 
32.03 	 2.665695 
32.04 	 2.665695 
32.05 	 2.665695 
32.06 	 2.665695 
32.07 	 2.665695 
32.08 	 2.665695 
32.09 	 2.665695 
32.10 	 2.665695 
32.11 	 2.665696 
32.12 	 2.665696 
32.13 	 2.665696 
32.14 	 2.665696 
32.15 	 2.665696 
32.16 	 2.665696 
32.17 	 2.665696 
32.18 	 2.665696 
32.19 	 2.665696 
32.20 	 2.665696 
32.21 	 2.665696 
32.22 	 2.665696 
32.23 	 2.665696 
32.24 	 2.665696 
32.25 	 2.665696 
32.26 	 2.665697 
32.27 	 2.665697 
32.28 	 2.665697 
32.29 	 2.665697 
32.30 	 2.665697 
32.31 	 2.665697 
32.32 	 2.665697 
32.33 	 2.665697 
32.34 	 2.665697 
32.35 	 2.665697 
32.36 	 2.665697 
32.37 	 2.665697 
32.38 	 2.665697 
32.39 	 2.665697 
32.40 	 2.665697 
32.41 	 2.665697 
32.42 	 2.665698 
32.43 	 2.665698 
32.44 	 2.665698 
32.45 	 2.665698 
32.46 	 2.665698 
32.47 	 2.665698 
32.48 	 2.665698 
32.49 	 2.665698 
32.50 	 2.665698 
32.51 	 2.665698 
32.52 	 2.665698 
32.53 	 2.665698 
32.54 	 2.665698 
32.55 	 2.665698 
32.56 	 2.665698 
32.57 	 2.665698 
32.58 	 2.665698 
32.59 	 2.665699 
32.60 	 2.665699 
32.61 	 2.665699 
32.62 	 2.665699 
32.63 	 2.665699 
32.64 	 2.665699 
32.65 	 2.665699 
32.66 	 2.665699 
32.67 	 2.665699 
32.68 	 2.665699 
32.69 	 2.665699 
32.70 	 2.665699 
32.71 	 2.665699 
32.72 	 2.665699 
32.73 	 2.665699 
32.74 	 2.665699 
32.75 	 2.665699 
32.76 	 2.665699 
32.77 	 2.665700 
32.78 	 2.665700 
32.79 	 2.665700 
32.80 	 2.665700 
32.81 	 2.665700 
32.82 	 2.665700 
32.83 	 2.665700 
32.84 	 2.665700 
32.85 	 2.665700 
32.86 	 2.665700 
32.87 	 2.665700 
32.88 	 2.665700 
32.89 	 2.665700 
32.90 	 2.665700 
32.91 	 2.665700 
32.92 	 2.665700 
32.93 	 2.665700 
32.94 	 2.665700 
32.95 	 2.665700 
32.96 	 2.665700 
32.97 	 2.665700 
32.98 	 2.665701 
32.99 	 2.665701 
33.00 	 2.665701 
33.01 	 2.665701 
33.02 	 2.665701 
33.03 	 2.665701 
33.04 	 2.665701 
33.05 	 2.665701 
33.06 	 2.665701 
33.07 	 2.665701 
33.08 	 2.665701 
33.09 	 2.665701 
33.10 	 2.665701 
33.11 	 2.665701 
33.12 	 2.665701 
33.13 	 2.665701 
33.14 	 2.665701 
33.15 	 2.665701 
33.16 	 2.665701 
33.17 	 2.665701 
33.18 	 2.665701 
33.19 	 2.665701 
33.20 	 2.665701 
33.21 	 2.665702 
33.22 	 2.665702 
33.23 	 2.665702 
33.24 	 2.665702 
33.25 	 2.665702 
33.26 	 2.665702 
33.27 	 2.665702 
33.28 	 2.665702 
33.29 	 2.665702 
33.30 	 2.665702 
33.31 	 2.665702 
33.32 	 2.665702 
33.33 	 2.665702 
33.34 	 2.665702 
33.35 	 2.665702 
33.36 	 2.665702 
33.37 	 2.665702 
33.38 	 2.665702 
33.39 	 2.665702 
33.40 	 2.665702 
33.41 	 2.665702 
33.42 	 2.665702 
33.43 	 2.665702 
33.44 	 2.665702 
33.45 	 2.665702 
33.46 	 2.665703 
33.47 	 2.665703 
33.48 	 2.665703 
33.49 	 2.665703 
33.50 	 2.665703 
33.51 	 2.665703 
33.52 	 2.665703 
33.53 	 2.665703 
33.54 	 2.665703 
33.55 	 2.665703 
33.56 	 2.665703 
33.57 	 2.665703 
33.58 	 2.665703 
33.59 	 2.665703 
33.60 	 2.665703 
33.61 	 2.665703 
33.62 	 2.665703 
33.63 	 2.665703 
33.64 	 2.665703 
33.65 	 2.665703 
33.66 	 2.665703 
33.67 	 2.665703 
33.68 	 2.665703 
33.69 	 2.665703 
33.70 	 2.665703 
33.71 	 2.665703 
33.72 	 2.665703 
33.73 	 2.665703 
33.74 	 2.665703 
33.75 	 2.665704 
33.76 	 2.665704 
33.77 	 2.665704 
33.78 	 2.665704 
33.79 	 2.665704 
33.80 	 2.665704 
33.81 	 2.665704 
33.82 	 2.665704 
33.83 	 2.665704 
33.84 	 2.665704 
33.85 	 2.665704 
33.86 	 2.665704 
33.87 	 2.665704 
33.88 	 2.665704 
33.89 	 2.665704 
33.90 	 2.665704 
33.91 	 2.665704 
33.92 	 2.665704 
33.93 	 2.665704 
33.94 	 2.665704 
33.95 	 2.665704 
33.96 	 2.665704 
33.97 	 2.665704 
33.98 	 2.665704 
33.99 	 2.665704 
34.00 	 2.665704 
34.01 	 2.665704 
34.02 	 2.665704 
34.03 	 2.665704 
34.04 	 2.665704 
34.05 	 2.665704 
34.06 	 2.665704 
34.07 	 2.665704 
34.08 	 2.665705 
34.09 	 2.665705 
34.10 	 2.665705 
34.11 	 2.665705 
34.12 	 2.665705 
34.13 	 2.665705 
34.14 	 2.665705 
34.15 	 2.665705 
34.16 	 2.665705 
34.17 	 2.665705 
34.18 	 2.665705 
34.19 	 2.665705 
34.20 	 2.665705 
34.21 	 2.665705 
34.22 	 2.665705 
34.23 	 2.665705 
34.24 	 2.665705 
34.25 	 2.665705 
34.26 	 2.665705 
34.27 	 2.665705 
34.28 	 2.665705 
34.29 	 2.665705 
34.30 	 2.665705 
34.31 	 2.665705 
34.32 	 2.665705 
34.33 	 2.665705 
34.34 	 2.665705 
34.35 	 2.665705 
34.36 	 2.665705 
34.37 	 2.665705 
34.38 	 2.665705 
34.39 	 2.665705 
34.40 	 2.665705 
34.41 	 2.665705 
34.42 	 2.665705 
34.43 	 2.665705 
34.44 	 2.665705 
34.45 	 2.665705 
34.46 	 2.665705 
34.47 	 2.665706 
34.48 	 2.665706 
34.49 	 2.665706 
34.50 	 2.665706 
34.51 	 2.665706 
34.52 	 2.665706 
34.53 	 2.665706 
34.54 	 2.665706 
34.55 	 2.665706 
34.56 	 2.665706 
34.57 	 2.665706 
34.58 	 2.665706 
34.59 	 2.665706 
34.60 	 2.665706 
34.61 	 2.665706 
34.62 	 2.665706 
34.63 	 2.665706 
34.64 	 2.665706 
34.65 	 2.665706 
34.66 	 2.665706 
34.67 	 2.665706 
34.68 	 2.665706 
34.69 	 2.665706 
34.70 	 2.665706 
34.71 	 2.665706 
34.72 	 2.665706 
34.73 	 2.665706 
34.74 	 2.665706 
34.75 	 2.665706 
34.76 	 2.665706 
34.77 	 2.665706 
34.78 	 2.665706 
34.79 	 2.665706 
34.80 	 2.665706 
34.81 	 2.665706 
34.82 	 2.665706 
34.83 	 2.665706 
34.84 	 2.665706 
34.85 	 2.665706 
34.86 	 2.665706 
34.87 	 2.665706 
34.88 	 2.665706 
34.89 	 2.665706 
34.90 	 2.665706 
34.91 	 2.665706 
34.92 	 2.665706 
34.93 	 2.665706 
34.94 	 2.665706 
34.95 	 2.665706 
34.96 	 2.665707 
34.97 	 2.665707 
34.98 	 2.665707 
34.99 	 2.665707 
35.00 	 2.665707 
35.01 	 2.665707 
35.02 	 2.665707 
35.03 	 2.665707 
35.04 	 2.665707 
35.05 	 2.665707 
35.06 	 2.665707 
35.07 	 2.665707 
35.08 	 2.665707 
35.09 	 2.665707 
35.10 	 2.665707 
35.11 	 2.665707 
35.12 	 2.665707 
35.13 	 2.665707 
35.14 	 2.665707 
35.15 	 2.665707 
35.16 	 2.665707 
35.17 	 2.665707 
35.18 	 2.665707 
35.19 	 2.665707 
35.20 	 2.665707 
35.21 	 2.665707 
35.22 	 2.665707 
35.23 	 2.665707 
35.24 	 2.665707 
35.25 	 2.665707 
35.26 	 2.665707 
35.27 	 2.665707 
35.28 	 2.665707 
35.29 	 2.665707 
35.30 	 2.665707 
35.31 	 2.665707 
35.32 	 2.665707 
35.33 	 2.665707 
35.34 	 2.665707 
35.35 	 2.665707 
35.36 	 2.665707 
35.37 	 2.665707 
35.38 	 2.665707 
35.39 	 2.665707 
35.40 	 2.665707 
35.41 	 2.665707 
35.42 	 2.665707 
35.43 	 2.665707 
35.44 	 2.665707 
35.45 	 2.665707 
35.46 	 2.665707 
35.47 	 2.665707 
35.48 	 2.665707 
35.49 	 2.665707 
35.50 	 2.665707 
35.51 	 2.665707 
35.52 	 2.665707 
35.53 	 2.665707 
35.54 	 2.665707 
35.55 	 2.665707 
35.56 	 2.665707 
35.57 	 2.665707 
35.58 	 2.665707 
35.59 	 2.665708 
35.60 	 2.665708 
35.61 	 2.665708 
35.62 	 2.665708 
35.63 	 2.665708 
35.64 	 2.665708 
35.65 	 2.665708 
35.66 	 2.665708 
35.67 	 2.665708 
35.68 	 2.665708 
35.69 	 2.665708 
35.70 	 2.665708 
35.71 	 2.665708 
35.72 	 2.665708 
35.73 	 2.665708 
35.74 	 2.665708 
35.75 	 2.665708 
35.76 	 2.665708 
35.77 	 2.665708 
35.78 	 2.665708 
35.79 	 2.665708 
35.80 	 2.665708 
35.81 	 2.665708 
35.82 	 2.665708 
35.83 	 2.665708 
35.84 	 2.665708 
35.85 	 2.665708 
35.86 	 2.665708 
35.87 	 2.665708 
35.88 	 2.665708 
35.89 	 2.665708 
35.90 	 2.665708 
35.91 	 2.665708 
35.92 	 2.665708 
35.93 	 2.665708 
35.94 	 2.665708 
35.95 	 2.665708 
35.96 	 2.665708 
35.97 	 2.665708 
35.98 	 2.665708 
35.99 	 2.665708 
36.00 	 2.665708 
36.01 	 2.665708 
36.02 	 2.665708 
36.03 	 2.665708 
36.04 	 2.665708 
36.05 	 2.665708 
36.06 	 2.665708 
36.07 	 2.665708 
36.08 	 2.665708 
36.09 	 2.665708 
36.10 	 2.665708 
36.11 	 2.665708 
36.12 	 2.665708 
36.13 	 2.665708 
36.14 	 2.665708 
36.15 	 2.665708 
36.16 	 2.665708 
36.17 	 2.665708 
36.18 	 2.665708 
36.19 	 2.665708 
36.20 	 2.665708 
36.21 	 2.665708 
36.22 	 2.665708 
36.23 	 2.665708 
36.24 	 2.665708 
36.25 	 2.665708 
36.26 	 2.665708 
36.27 	 2.665708 
36.28 	 2.665708 
36.29 	 2.665708 
36.30 	 2.665708 
36.31 	 2.665708 
36.32 	 2.665708 
36.33 	 2.665708 
36.34 	 2.665708 
36.35 	 2.665708 
36.36 	 2.665708 
36.37 	 2.665708 
36.38 	 2.665708 
36.39 	 2.665708 
36.40 	 2.665708 
36.41 	 2.665708 
36.42 	 2.665708 
36.43 	 2.665708 
36.44 	 2.665708 
36.45 	 2.665708 
36.46 	 2.665708 
36.47 	 2.665708 
36.48 	 2.665708 
36.49 	 2.665709 
36.50 	 2.665709 
36.51 	 2.665709 
36.52 	 2.665709 
36.53 	 2.665709 
36.54 	 2.665709 
36.55 	 2.665709 
36.56 	 2.665709 
36.57 	 2.665709 
36.58 	 2.665709 
36.59 	 2.665709 
36.60 	 2.665709 
36.61 	 2.665709 
36.62 	 2.665709 
36.63 	 2.665709 
36.64 	 2.665709 
36.65 	 2.665709 
36.66 	 2.665709 
36.67 	 2.665709 
36.68 	 2.665709 
36.69 	 2.665709 
36.70 	 2.665709 
36.71 	 2.665709 
36.72 	 2.665709 
36.73 	 2.665709 
36.74 	 2.665709 
36.75 	 2.665709 
36.76 	 2.665709 
36.77 	 2.665709 
36.78 	 2.665709 
36.79 	 2.665709 
36.80 	 2.665709 
36.81 	 2.665709 
36.82 	 2.665709 
36.83 	 2.665709 
36.84 	 2.665709 
36.85 	 2.665709 
36.86 	 2.665709 
36.87 	 2.665709 
36.88 	 2.665709 
36.89 	 2.665709 
36.90 	 2.665709 
36.91 	 2.665709 
36.92 	 2.665709 
36.93 	 2.665709 
36.94 	 2.665709 
36.95 	 2.665709 
36.96 	 2.665709 
36.97 	 2.665709 
36.98 	 2.665709 
36.99 	 2.665709 
37.00 	 2.665709 
37.01 	 2.665709 
37.02 	 2.665709 
37.03 	 2.665709 
37.04 	 2.665709 
37.05 	 2.665709 
37.06 	 2.665709 
37.07 	 2.665709 
37.08 	 2.665709 
37.09 	 2.665709 
37.10 	 2.665709 
37.11 	 2.665709 
37.12 	 2.665709 
37.13 	 2.665709 
37.14 	 2.665709 
37.15 	 2.665709 
37.16 	 2.665709 
37.17 	 2.665709 
37.18 	 2.665709 
37.19 	 2.665709 
37.20 	 2.665709 
37.21 	 2.665709 
37.22 	 2.665709 
37.23 	 2.665709 
37.24 	 2.665709 
37.25 	 2.665709 
37.26 	 2.665709 
37.27 	 2.665709 
37.28 	 2.665709 
37.29 	 2.665709 
37.30 	 2.665709 
37.31 	 2.665709 
37.32 	 2.665709 
37.33 	 2.665709 
37.34 	 2.665709 
37.35 	 2.665709 
37.36 	 2.665709 
37.37 	 2.665709 
37.38 	 2.665709 
37.39 	 2.665709 
37.40 	 2.665709 
37.41 	 2.665709 
37.42 	 2.665709 
37.43 	 2.665709 
37.44 	 2.665709 
37.45 	 2.665709 
37.46 	 2.665709 
37.47 	 2.665709 
37.48 	 2.665709 
37.49 	 2.665709 
37.50 	 2.665709 
37.51 	 2.665709 
37.52 	 2.665709 
37.53 	 2.665709 
37.54 	 2.665709 
37.55 	 2.665709 
37.56 	 2.665709 
37.57 	 2.665709 
37.58 	 2.665709 
37.59 	 2.665709 
37.60 	 2.665709 
37.61 	 2.665709 
37.62 	 2.665709 
37.63 	 2.665709 
37.64 	 2.665709 
37.65 	 2.665709 
37.66 	 2.665709 
37.67 	 2.665709 
37.68 	 2.665709 
37.69 	 2.665709 
37.70 	 2.665709 
37.71 	 2.665709 
37.72 	 2.665709 
37.73 	 2.665709 
37.74 	 2.665709 
37.75 	 2.665709 
37.76 	 2.665709 
37.77 	 2.665709 
37.78 	 2.665709 
37.79 	 2.665709 
37.80 	 2.665709 
37.81 	 2.665709 
37.82 	 2.665709 
37.83 	 2.665709 
37.84 	 2.665709 
37.85 	 2.665709 
37.86 	 2.665709 
37.87 	 2.665709 
37.88 	 2.665709 
37.89 	 2.665709 
37.90 	 2.665709 
37.91 	 2.665709 
37.92 	 2.665709 
37.93 	 2.665709 
37.94 	 2.665709 
37.95 	 2.665709 
37.96 	 2.665709 
37.97 	 2.665709 
37.98 	 2.665709 
37.99 	 2.665709 
38.00 	 2.665709 
38.01 	 2.665709 
38.02 	 2.665709 
38.03 	 2.665709 
38.04 	 2.665709 
38.05 	 2.665709 
38.06 	 2.665709 
38.07 	 2.665710 
38.08 	 2.665710 
38.09 	 2.665710 
38.10 	 2.665710 
38.11 	 2.665710 
38.12 	 2.665710 
38.13 	 2.665710 
38.14 	 2.665710 
38.15 	 2.665710 
38.16 	 2.665710 
38.17 	 2.665710 
38.18 	 2.665710 
38.19 	 2.665710 
38.20 	 2.665710 
38.21 	 2.665710 
38.22 	 2.665710 
38.23 	 2.665710 
38.24 	 2.665710 
38.25 	 2.665710 
38.26 	 2.665710 
38.27 	 2.665710 
38.28 	 2.665710 
38.29 	 2.665710 
38.30 	 2.665710 
38.31 	 2.665710 
38.32 	 2.665710 
38.33 	 2.665710 
38.34 	 2.665710 
38.35 	 2.665710 
38.36 	 2.665710 
38.37 	 2.665710 
38.38 	 2.665710 
38.39 	 2.665710 
38.40 	 2.665710 
38.41 	 2.665710 
38.42 	 2.665710 
38.43 	 2.665710 
38.44 	 2.665710 
38.45 	 2.665710 
38.46 	 2.665710 
38.47 	 2.665710 
38.48 	 2.665710 
38.49 	 2.665710 
38.50 	 2.665710 
38.51 	 2.665710 
38.52 	 2.665710 
38.53 	 2.665710 
38.54 	 2.665710 
38.55 	 2.665710 
38.56 	 2.665710 
38.57 	 2.665710 
38.58 	 2.665710 
38.59 	 2.665710 
38.60 	 2.665710 
38.61 	 2.665710 
38.62 	 2.665710 
38.63 	 2.665710 
38.64 	 2.665710 
38.65 	 2.665710 
38.66 	 2.665710 
38.67 	 2.665710 
38.68 	 2.665710 
38.69 	 2.665710 
38.70 	 2.665710 
38.71 	 2.665710 
38.72 	 2.665710 
38.73 	 2.665710 
38.74 	 2.665710 
38.75 	 2.665710 
38.76 	 2.665710 
38.77 	 2.665710 
38.78 	 2.665710 
38.79 	 2.665710 
38.80 	 2.665710 
38.81 	 2.665710 
38.82 	 2.665710 
38.83 	 2.665710 
38.84 	 2.665710 
38.85 	 2.665710 
38.86 	 2.665710 
38.87 	 2.665710 
38.88 	 2.665710 
38.89 	 2.665710 
38.90 	 2.665710 
38.91 	 2.665710 
38.92 	 2.665710 
38.93 	 2.665710 
38.94 	 2.665710 
38.95 	 2.665710 
38.96 	 2.665710 
38.97 	 2.665710 
38.98 	 2.665710 
38.99 	 2.665710 
39.00 	 2.665710 
39.01 	 2.665710 
39.02 	 2.665710 
39.03 	 2.665710 
39.04 	 2.665710 
39.05 	 2.665710 
39.06 	 2.665710 
39.07 	 2.665710 
39.08 	 2.665710 
39.09 	 2.665710 
39.10 	 2.665710 
39.11 	 2.665710 
39.12 	 2.665710 
39.13 	 2.665710 
39.14 	 2.665710 
39.15 	 2.665710 
39.16 	 2.665710 
39.17 	 2.665710 
39.18 	 2.665710 
39.19 	 2.665710 
39.20 	 2.665710 
39.21 	 2.665710 
39.22 	 2.665710 
39.23 	 2.665710 
39.24 	 2.665710 
39.25 	 2.665710 
39.26 	 2.665710 
39.27 	 2.665710 
39.28 	 2.665710 
39.29 	 2.665710 
39.30 	 2.665710 
39.31 	 2.665710 
39.32 	 2.665710 
39.33 	 2.665710 
39.34 	 2.665710 
39.35 	 2.665710 
39.36 	 2.665710 
39.37 	 2.665710 
39.38 	 2.665710 
39.39 	 2.665710 
39.40 	 2.665710 
39.41 	 2.665710 
39.42 	 2.665710 
39.43 	 2.665710 
39.44 	 2.665710 
39.45 	 2.665710 
39.46 	 2.665710 
39.47 	 2.665710 
39.48 	 2.665710 
39.49 	 2.665710 
39.50 	 2.665710 
39.51 	 2.665710 
39.52 	 2.665710 
39.53 	 2.665710 
39.54 	 2.665710 
39.55 	 2.665710 
39.56 	 2.665710 
39.57 	 2.665710 
39.58 	 2.665710 
39.59 	 2.665710 
39.60 	 2.665710 
39.61 	 2.665710 
39.62 	 2.665710 
39.63 	 2.665710 
39.64 	 2.665710 
39.65 	 2.665710 
39.66 	 2.665710 
39.67 	 2.665710 
39.68 	 2.665710 
39.69 	 2.665710 
39.70 	 2.665710 
39.71 	 2.665710 
39.72 	 2.665710 
39.73 	 2.665710 
39.74 	 2.665710 
39.75 	 2.665710 
39.76 	 2.665710 
39.77 	 2.665710 
39.78 	 2.665710 
39.79 	 2.665710 
39.80 	 2.665710 
39.81 	 2.665710 
39.82 	 2.665710 
39.83 	 2.665710 
39.84 	 2.665710 
39.85 	 2.665710 
39.86 	 2.665710 
39.87 	 2.665710 
39.88 	 2.665710 
39.89 	 2.665710 
39.90 	 2.665710 
39.91 	 2.665710 
39.92 	 2.665710 
39.93 	 2.665710 
39.94 	 2.665710 
39.95 	 2.665710 
39.96 	 2.665710 
39.97 	 2.665710 
39.98 	 2.665710 
39.99 	 2.665710 
