0.00 	 3.141500 
0.01 	 3.141498 
0.02 	 3.141495 
0.03 	 3.141493 
0.04 	 3.141490 
0.05 	 3.141488 
0.06 	 3.141485 
0.07 	 3.141483 
0.08 	 3.141480 
0.09 	 3.141477 
0.10 	 3.141474 
0.11 	 3.141471 
0.12 	 3.141468 
0.13 	 3.141465 
0.14 	 3.141462 
0.15 	 3.141458 
0.16 	 3.141455 
0.17 	 3.141452 
0.18 	 3.141448 
0.19 	 3.141445 
0.20 	 3.141441 
0.21 	 3.141437 
0.22 	 3.141433 
0.23 	 3.141429 
0.24 	 3.141425 
0.25 	 3.141421 
0.26 	 3.141417 
0.27 	 3.141412 
0.28 	 3.141408 
0.29 	 3.141403 
0.30 	 3.141398 
0.31 	 3.141394 
0.32 	 3.141389 
0.33 	 3.141383 
0.34 	 3.141378 
0.35 	 3.141373 
0.36 	 3.141367 
0.37 	 3.141362 
0.38 	 3.141356 
0.39 	 3.141350 
0.40 	 3.141344 
0.41 	 3.141338 
0.42 	 3.141331 
0.43 	 3.141325 
0.44 	 3.141318 
0.45 	 3.141311 
0.46 	 3.141304 
0.47 	 3.141297 
0.48 	 3.141290 
0.49 	 3.141282 
0.50 	 3.141274 
0.51 	 3.141266 
0.52 	 3.141258 
0.53 	 3.141250 
0.54 	 3.141241 
0.55 	 3.141233 
0.56 	 3.141224 
0.57 	 3.141214 
0.58 	 3.141205 
0.59 	 3.141195 
0.60 	 3.141185 
0.61 	 3.141175 
0.62 	 3.141165 
0.63 	 3.141154 
0.64 	 3.141143 
0.65 	 3.141132 
0.66 	 3.141120 
0.67 	 3.141108 
0.68 	 3.141096 
0.69 	 3.141084 
0.70 	 3.141071 
0.71 	 3.141058 
0.72 	 3.141045 
0.73 	 3.141031 
0.74 	 3.141017 
0.75 	 3.141003 
0.76 	 3.140988 
0.77 	 3.140973 
0.78 	 3.140957 
0.79 	 3.140942 
0.80 	 3.140925 
0.81 	 3.140909 
0.82 	 3.140892 
0.83 	 3.140874 
0.84 	 3.140856 
0.85 	 3.140838 
0.86 	 3.140819 
0.87 	 3.140799 
0.88 	 3.140780 
0.89 	 3.140759 
0.90 	 3.140738 
0.91 	 3.140717 
0.92 	 3.140695 
0.93 	 3.140673 
0.94 	 3.140650 
0.95 	 3.140626 
0.96 	 3.140602 
0.97 	 3.140577 
0.98 	 3.140552 
0.99 	 3.140526 
1.00 	 3.140499 
1.01 	 3.140472 
1.02 	 3.140444 
1.03 	 3.140415 
1.04 	 3.140386 
1.05 	 3.140356 
1.06 	 3.140325 
1.07 	 3.140293 
1.08 	 3.140261 
1.09 	 3.140227 
1.10 	 3.140193 
1.11 	 3.140158 
1.12 	 3.140123 
1.13 	 3.140086 
1.14 	 3.140048 
1.15 	 3.140010 
1.16 	 3.139970 
1.17 	 3.139929 
1.18 	 3.139888 
1.19 	 3.139845 
1.20 	 3.139802 
1.21 	 3.139757 
1.22 	 3.139711 
1.23 	 3.139664 
1.24 	 3.139616 
1.25 	 3.139566 
1.26 	 3.139516 
1.27 	 3.139464 
1.28 	 3.139411 
1.29 	 3.139356 
1.30 	 3.139300 
1.31 	 3.139243 
1.32 	 3.139184 
1.33 	 3.139124 
1.34 	 3.139062 
1.35 	 3.138999 
1.36 	 3.138934 
1.37 	 3.138868 
1.38 	 3.138800 
1.39 	 3.138730 
1.40 	 3.138659 
1.41 	 3.138585 
1.42 	 3.138510 
1.43 	 3.138433 
1.44 	 3.138354 
1.45 	 3.138273 
1.46 	 3.138190 
1.47 	 3.138105 
1.48 	 3.138018 
1.49 	 3.137929 
1.50 	 3.137837 
1.51 	 3.137743 
1.52 	 3.137647 
1.53 	 3.137549 
1.54 	 3.137448 
1.55 	 3.137344 
1.56 	 3.137238 
1.57 	 3.137129 
1.58 	 3.137017 
1.59 	 3.136903 
1.60 	 3.136786 
1.61 	 3.136666 
1.62 	 3.136543 
1.63 	 3.136417 
1.64 	 3.136287 
1.65 	 3.136155 
1.66 	 3.136019 
1.67 	 3.135880 
1.68 	 3.135737 
1.69 	 3.135590 
1.70 	 3.135440 
1.71 	 3.135287 
1.72 	 3.135129 
1.73 	 3.134968 
1.74 	 3.134802 
1.75 	 3.134633 
1.76 	 3.134459 
1.77 	 3.134280 
1.78 	 3.134098 
1.79 	 3.133910 
1.80 	 3.133718 
1.81 	 3.133522 
1.82 	 3.133320 
1.83 	 3.133113 
1.84 	 3.132901 
1.85 	 3.132684 
1.86 	 3.132462 
1.87 	 3.132234 
1.88 	 3.132000 
1.89 	 3.131760 
1.90 	 3.131514 
1.91 	 3.131263 
1.92 	 3.131004 
1.93 	 3.130740 
1.94 	 3.130469 
1.95 	 3.130191 
1.96 	 3.129906 
1.97 	 3.129614 
1.98 	 3.129315 
1.99 	 3.129008 
2.00 	 3.128694 
2.01 	 3.128371 
2.02 	 3.128041 
2.03 	 3.127703 
2.04 	 3.127356 
2.05 	 3.127000 
2.06 	 3.126635 
2.07 	 3.126262 
2.08 	 3.125879 
2.09 	 3.125486 
2.10 	 3.125084 
2.11 	 3.124671 
2.12 	 3.124249 
2.13 	 3.123816 
2.14 	 3.123372 
2.15 	 3.122916 
2.16 	 3.122450 
2.17 	 3.121972 
2.18 	 3.121482 
2.19 	 3.120979 
2.20 	 3.120465 
2.21 	 3.119937 
2.22 	 3.119396 
2.23 	 3.118842 
2.24 	 3.118274 
2.25 	 3.117691 
2.26 	 3.117095 
2.27 	 3.116483 
2.28 	 3.115856 
2.29 	 3.115213 
2.30 	 3.114555 
2.31 	 3.113880 
2.32 	 3.113188 
2.33 	 3.112479 
2.34 	 3.111752 
2.35 	 3.111007 
2.36 	 3.110244 
2.37 	 3.109461 
2.38 	 3.108659 
2.39 	 3.107838 
2.40 	 3.106995 
2.41 	 3.106132 
2.42 	 3.105247 
2.43 	 3.104340 
2.44 	 3.103411 
2.45 	 3.102459 
2.46 	 3.101483 
2.47 	 3.100482 
2.48 	 3.099457 
2.49 	 3.098407 
2.50 	 3.097330 
2.51 	 3.096227 
2.52 	 3.095096 
2.53 	 3.093937 
2.54 	 3.092749 
2.55 	 3.091532 
2.56 	 3.090285 
2.57 	 3.089007 
2.58 	 3.087698 
2.59 	 3.086356 
2.60 	 3.084980 
2.61 	 3.083571 
2.62 	 3.082127 
2.63 	 3.080648 
2.64 	 3.079132 
2.65 	 3.077578 
2.66 	 3.075986 
2.67 	 3.074356 
2.68 	 3.072685 
2.69 	 3.070973 
2.70 	 3.069219 
2.71 	 3.067421 
2.72 	 3.065580 
2.73 	 3.063694 
2.74 	 3.061762 
2.75 	 3.059782 
2.76 	 3.057754 
2.77 	 3.055677 
2.78 	 3.053549 
2.79 	 3.051370 
2.80 	 3.049137 
2.81 	 3.046851 
2.82 	 3.044509 
2.83 	 3.042110 
2.84 	 3.039654 
2.85 	 3.037139 
2.86 	 3.034563 
2.87 	 3.031925 
2.88 	 3.029224 
2.89 	 3.026459 
2.90 	 3.023628 
2.91 	 3.020729 
2.92 	 3.017762 
2.93 	 3.014724 
2.94 	 3.011615 
2.95 	 3.008433 
2.96 	 3.005176 
2.97 	 3.001843 
2.98 	 2.998433 
2.99 	 2.994943 
3.00 	 2.991373 
3.01 	 2.987720 
3.02 	 2.983984 
3.03 	 2.980162 
3.04 	 2.976254 
3.05 	 2.972257 
3.06 	 2.968170 
3.07 	 2.963992 
3.08 	 2.959721 
3.09 	 2.955355 
3.10 	 2.950893 
3.11 	 2.946334 
3.12 	 2.941676 
3.13 	 2.936918 
3.14 	 2.932057 
3.15 	 2.927094 
3.16 	 2.922026 
3.17 	 2.916852 
3.18 	 2.911572 
3.19 	 2.906184 
3.20 	 2.900686 
3.21 	 2.895078 
3.22 	 2.889359 
3.23 	 2.883529 
3.24 	 2.877585 
3.25 	 2.871528 
3.26 	 2.865357 
3.27 	 2.859072 
3.28 	 2.852672 
3.29 	 2.846156 
3.30 	 2.839526 
3.31 	 2.832781 
3.32 	 2.825921 
3.33 	 2.818947 
3.34 	 2.811858 
3.35 	 2.804657 
3.36 	 2.797343 
3.37 	 2.789918 
3.38 	 2.782383 
3.39 	 2.774740 
3.40 	 2.766990 
3.41 	 2.759135 
3.42 	 2.751177 
3.43 	 2.743118 
3.44 	 2.734962 
3.45 	 2.726710 
3.46 	 2.718366 
3.47 	 2.709933 
3.48 	 2.701414 
3.49 	 2.692813 
3.50 	 2.684134 
3.51 	 2.675382 
3.52 	 2.666559 
3.53 	 2.657671 
3.54 	 2.648723 
3.55 	 2.639719 
3.56 	 2.630664 
3.57 	 2.621564 
3.58 	 2.612424 
3.59 	 2.603250 
3.60 	 2.594046 
3.61 	 2.584820 
3.62 	 2.575577 
3.63 	 2.566322 
3.64 	 2.557062 
3.65 	 2.547803 
3.66 	 2.538551 
3.67 	 2.529311 
3.68 	 2.520091 
3.69 	 2.510896 
3.70 	 2.501732 
3.71 	 2.492605 
3.72 	 2.483520 
3.73 	 2.474484 
3.74 	 2.465503 
3.75 	 2.456580 
3.76 	 2.447723 
3.77 	 2.438936 
3.78 	 2.430224 
3.79 	 2.421592 
3.80 	 2.413044 
3.81 	 2.404586 
3.82 	 2.396220 
3.83 	 2.387951 
3.84 	 2.379783 
3.85 	 2.371719 
3.86 	 2.363763 
3.87 	 2.355917 
3.88 	 2.348185 
3.89 	 2.340568 
3.90 	 2.333069 
3.91 	 2.325690 
3.92 	 2.318433 
3.93 	 2.311300 
3.94 	 2.304292 
3.95 	 2.297409 
3.96 	 2.290653 
3.97 	 2.284025 
3.98 	 2.277526 
3.99 	 2.271154 
4.00 	 2.264912 
4.01 	 2.258797 
4.02 	 2.252811 
4.03 	 2.246953 
4.04 	 2.241223 
4.05 	 2.235619 
4.06 	 2.230141 
4.07 	 2.224789 
4.08 	 2.219560 
4.09 	 2.214454 
4.10 	 2.209469 
4.11 	 2.204605 
4.12 	 2.199859 
4.13 	 2.195231 
4.14 	 2.190718 
4.15 	 2.186319 
4.16 	 2.182033 
4.17 	 2.177856 
4.18 	 2.173789 
4.19 	 2.169828 
4.20 	 2.165972 
4.21 	 2.162219 
4.22 	 2.158568 
4.23 	 2.155015 
4.24 	 2.151559 
4.25 	 2.148199 
4.26 	 2.144932 
4.27 	 2.141756 
4.28 	 2.138669 
4.29 	 2.135670 
4.30 	 2.132755 
4.31 	 2.129925 
4.32 	 2.127175 
4.33 	 2.124505 
4.34 	 2.121913 
4.35 	 2.119396 
4.36 	 2.116953 
4.37 	 2.114582 
4.38 	 2.112281 
4.39 	 2.110048 
4.40 	 2.107882 
4.41 	 2.105781 
4.42 	 2.103743 
4.43 	 2.101766 
4.44 	 2.099850 
4.45 	 2.097991 
4.46 	 2.096189 
4.47 	 2.094442 
4.48 	 2.092749 
4.49 	 2.091108 
4.50 	 2.089517 
4.51 	 2.087975 
4.52 	 2.086482 
4.53 	 2.085034 
4.54 	 2.083632 
4.55 	 2.082273 
4.56 	 2.080957 
4.57 	 2.079682 
4.58 	 2.078447 
4.59 	 2.077251 
4.60 	 2.076093 
4.61 	 2.074971 
4.62 	 2.073884 
4.63 	 2.072833 
4.64 	 2.071814 
4.65 	 2.070828 
4.66 	 2.069873 
4.67 	 2.068949 
4.68 	 2.068054 
4.69 	 2.067188 
4.70 	 2.066349 
4.71 	 2.065538 
4.72 	 2.064752 
4.73 	 2.063992 
4.74 	 2.063256 
4.75 	 2.062544 
4.76 	 2.061855 
4.77 	 2.061188 
4.78 	 2.060543 
4.79 	 2.059918 
4.80 	 2.059314 
4.81 	 2.058729 
4.82 	 2.058163 
4.83 	 2.057616 
4.84 	 2.057086 
4.85 	 2.056574 
4.86 	 2.056078 
4.87 	 2.055598 
4.88 	 2.055134 
4.89 	 2.054686 
4.90 	 2.054251 
4.91 	 2.053831 
4.92 	 2.053425 
4.93 	 2.053032 
4.94 	 2.052652 
4.95 	 2.052284 
4.96 	 2.051928 
4.97 	 2.051584 
4.98 	 2.051251 
4.99 	 2.050929 
5.00 	 2.050618 
5.01 	 2.050317 
5.02 	 2.050026 
5.03 	 2.049744 
5.04 	 2.049472 
5.05 	 2.049208 
5.06 	 2.048953 
5.07 	 2.048707 
5.08 	 2.048469 
5.09 	 2.048238 
5.10 	 2.048015 
5.11 	 2.047800 
5.12 	 2.047591 
5.13 	 2.047390 
5.14 	 2.047195 
5.15 	 2.047006 
5.16 	 2.046824 
5.17 	 2.046648 
5.18 	 2.046477 
5.19 	 2.046312 
5.20 	 2.046153 
5.21 	 2.045999 
5.22 	 2.045850 
5.23 	 2.045706 
5.24 	 2.045566 
5.25 	 2.045432 
5.26 	 2.045301 
5.27 	 2.045175 
5.28 	 2.045054 
5.29 	 2.044936 
5.30 	 2.044822 
5.31 	 2.044712 
5.32 	 2.044605 
5.33 	 2.044502 
5.34 	 2.044403 
5.35 	 2.044307 
5.36 	 2.044214 
5.37 	 2.044124 
5.38 	 2.044037 
5.39 	 2.043952 
5.40 	 2.043871 
5.41 	 2.043793 
5.42 	 2.043716 
5.43 	 2.043643 
5.44 	 2.043572 
5.45 	 2.043503 
5.46 	 2.043437 
5.47 	 2.043372 
5.48 	 2.043310 
5.49 	 2.043250 
5.50 	 2.043192 
5.51 	 2.043136 
5.52 	 2.043082 
5.53 	 2.043029 
5.54 	 2.042979 
5.55 	 2.042930 
5.56 	 2.042882 
5.57 	 2.042836 
5.58 	 2.042792 
5.59 	 2.042749 
5.60 	 2.042708 
5.61 	 2.042668 
5.62 	 2.042629 
5.63 	 2.042591 
5.64 	 2.042555 
5.65 	 2.042520 
5.66 	 2.042486 
5.67 	 2.042454 
5.68 	 2.042422 
5.69 	 2.042391 
5.70 	 2.042362 
5.71 	 2.042333 
5.72 	 2.042306 
5.73 	 2.042279 
5.74 	 2.042253 
5.75 	 2.042228 
5.76 	 2.042204 
5.77 	 2.042181 
5.78 	 2.042158 
5.79 	 2.042136 
5.80 	 2.042115 
5.81 	 2.042095 
5.82 	 2.042075 
5.83 	 2.042056 
5.84 	 2.042038 
5.85 	 2.042020 
5.86 	 2.042003 
5.87 	 2.041986 
5.88 	 2.041970 
5.89 	 2.041954 
5.90 	 2.041939 
5.91 	 2.041925 
5.92 	 2.041911 
5.93 	 2.041897 
5.94 	 2.041884 
5.95 	 2.041871 
5.96 	 2.041859 
5.97 	 2.041847 
5.98 	 2.041835 
5.99 	 2.041824 
6.00 	 2.041814 
6.01 	 2.041803 
6.02 	 2.041793 
6.03 	 2.041783 
6.04 	 2.041774 
6.05 	 2.041765 
6.06 	 2.041756 
6.07 	 2.041748 
6.08 	 2.041740 
6.09 	 2.041732 
6.10 	 2.041724 
6.11 	 2.041717 
6.12 	 2.041709 
6.13 	 2.041703 
6.14 	 2.041696 
6.15 	 2.041689 
6.16 	 2.041683 
6.17 	 2.041677 
6.18 	 2.041671 
6.19 	 2.041666 
6.20 	 2.041660 
6.21 	 2.041655 
6.22 	 2.041650 
6.23 	 2.041645 
6.24 	 2.041640 
6.25 	 2.041635 
6.26 	 2.041631 
6.27 	 2.041627 
6.28 	 2.041623 
6.29 	 2.041619 
6.30 	 2.041615 
6.31 	 2.041611 
6.32 	 2.041607 
6.33 	 2.041604 
6.34 	 2.041600 
6.35 	 2.041597 
6.36 	 2.041594 
6.37 	 2.041591 
6.38 	 2.041588 
6.39 	 2.041585 
6.40 	 2.041582 
6.41 	 2.041579 
6.42 	 2.041577 
6.43 	 2.041574 
6.44 	 2.041572 
6.45 	 2.041570 
6.46 	 2.041567 
6.47 	 2.041565 
6.48 	 2.041563 
6.49 	 2.041561 
6.50 	 2.041559 
6.51 	 2.041557 
6.52 	 2.041555 
6.53 	 2.041553 
6.54 	 2.041552 
6.55 	 2.041550 
6.56 	 2.041548 
6.57 	 2.041547 
6.58 	 2.041545 
6.59 	 2.041544 
6.60 	 2.041542 
6.61 	 2.041541 
6.62 	 2.041540 
6.63 	 2.041538 
6.64 	 2.041537 
6.65 	 2.041536 
6.66 	 2.041535 
6.67 	 2.041534 
6.68 	 2.041533 
6.69 	 2.041532 
6.70 	 2.041531 
6.71 	 2.041530 
6.72 	 2.041529 
6.73 	 2.041528 
6.74 	 2.041527 
6.75 	 2.041526 
6.76 	 2.041525 
6.77 	 2.041524 
6.78 	 2.041524 
6.79 	 2.041523 
6.80 	 2.041522 
6.81 	 2.041522 
6.82 	 2.041521 
6.83 	 2.041520 
6.84 	 2.041520 
6.85 	 2.041519 
6.86 	 2.041518 
6.87 	 2.041518 
6.88 	 2.041517 
6.89 	 2.041517 
6.90 	 2.041516 
6.91 	 2.041516 
6.92 	 2.041515 
6.93 	 2.041515 
6.94 	 2.041514 
6.95 	 2.041514 
6.96 	 2.041514 
6.97 	 2.041513 
6.98 	 2.041513 
6.99 	 2.041512 
7.00 	 2.041512 
7.01 	 2.041512 
7.02 	 2.041511 
7.03 	 2.041511 
7.04 	 2.041511 
7.05 	 2.041510 
7.06 	 2.041510 
7.07 	 2.041510 
7.08 	 2.041509 
7.09 	 2.041509 
7.10 	 2.041509 
7.11 	 2.041509 
7.12 	 2.041508 
7.13 	 2.041508 
7.14 	 2.041508 
7.15 	 2.041508 
7.16 	 2.041508 
7.17 	 2.041507 
7.18 	 2.041507 
7.19 	 2.041507 
7.20 	 2.041507 
7.21 	 2.041507 
7.22 	 2.041506 
7.23 	 2.041506 
7.24 	 2.041506 
7.25 	 2.041506 
7.26 	 2.041506 
7.27 	 2.041506 
7.28 	 2.041505 
7.29 	 2.041505 
7.30 	 2.041505 
7.31 	 2.041505 
7.32 	 2.041505 
7.33 	 2.041505 
7.34 	 2.041505 
7.35 	 2.041505 
7.36 	 2.041504 
7.37 	 2.041504 
7.38 	 2.041504 
7.39 	 2.041504 
7.40 	 2.041504 
7.41 	 2.041504 
7.42 	 2.041504 
7.43 	 2.041504 
7.44 	 2.041504 
7.45 	 2.041504 
7.46 	 2.041504 
7.47 	 2.041504 
7.48 	 2.041503 
7.49 	 2.041503 
7.50 	 2.041503 
7.51 	 2.041503 
7.52 	 2.041503 
7.53 	 2.041503 
7.54 	 2.041503 
7.55 	 2.041503 
7.56 	 2.041503 
7.57 	 2.041503 
7.58 	 2.041503 
7.59 	 2.041503 
7.60 	 2.041503 
7.61 	 2.041503 
7.62 	 2.041503 
7.63 	 2.041503 
7.64 	 2.041503 
7.65 	 2.041503 
7.66 	 2.041502 
7.67 	 2.041502 
7.68 	 2.041502 
7.69 	 2.041502 
7.70 	 2.041502 
7.71 	 2.041502 
7.72 	 2.041502 
7.73 	 2.041502 
7.74 	 2.041502 
7.75 	 2.041502 
7.76 	 2.041502 
7.77 	 2.041502 
7.78 	 2.041502 
7.79 	 2.041502 
7.80 	 2.041502 
7.81 	 2.041502 
7.82 	 2.041502 
7.83 	 2.041502 
7.84 	 2.041502 
7.85 	 2.041502 
7.86 	 2.041502 
7.87 	 2.041502 
7.88 	 2.041502 
7.89 	 2.041502 
7.90 	 2.041502 
7.91 	 2.041502 
7.92 	 2.041502 
7.93 	 2.041502 
7.94 	 2.041502 
7.95 	 2.041502 
7.96 	 2.041502 
7.97 	 2.041502 
7.98 	 2.041502 
7.99 	 2.041502 
8.00 	 2.041502 
8.01 	 2.041502 
8.02 	 2.041502 
8.03 	 2.041502 
8.04 	 2.041502 
8.05 	 2.041502 
8.06 	 2.041502 
8.07 	 2.041502 
8.08 	 2.041502 
8.09 	 2.041502 
8.10 	 2.041502 
8.11 	 2.041502 
8.12 	 2.041502 
8.13 	 2.041502 
8.14 	 2.041502 
8.15 	 2.041502 
8.16 	 2.041502 
8.17 	 2.041502 
8.18 	 2.041502 
8.19 	 2.041502 
8.20 	 2.041502 
8.21 	 2.041502 
8.22 	 2.041502 
8.23 	 2.041502 
8.24 	 2.041501 
8.25 	 2.041501 
8.26 	 2.041501 
8.27 	 2.041501 
8.28 	 2.041501 
8.29 	 2.041501 
8.30 	 2.041501 
8.31 	 2.041501 
8.32 	 2.041501 
8.33 	 2.041501 
8.34 	 2.041501 
8.35 	 2.041501 
8.36 	 2.041501 
8.37 	 2.041501 
8.38 	 2.041501 
8.39 	 2.041501 
8.40 	 2.041501 
8.41 	 2.041501 
8.42 	 2.041501 
8.43 	 2.041501 
8.44 	 2.041501 
8.45 	 2.041501 
8.46 	 2.041501 
8.47 	 2.041501 
8.48 	 2.041501 
8.49 	 2.041501 
8.50 	 2.041501 
8.51 	 2.041501 
8.52 	 2.041501 
8.53 	 2.041501 
8.54 	 2.041501 
8.55 	 2.041501 
8.56 	 2.041501 
8.57 	 2.041501 
8.58 	 2.041501 
8.59 	 2.041501 
8.60 	 2.041501 
8.61 	 2.041501 
8.62 	 2.041501 
8.63 	 2.041501 
8.64 	 2.041501 
8.65 	 2.041501 
8.66 	 2.041501 
8.67 	 2.041501 
8.68 	 2.041501 
8.69 	 2.041501 
8.70 	 2.041501 
8.71 	 2.041501 
8.72 	 2.041501 
8.73 	 2.041501 
8.74 	 2.041501 
8.75 	 2.041501 
8.76 	 2.041501 
8.77 	 2.041501 
8.78 	 2.041501 
8.79 	 2.041501 
8.80 	 2.041501 
8.81 	 2.041501 
8.82 	 2.041501 
8.83 	 2.041501 
8.84 	 2.041501 
8.85 	 2.041501 
8.86 	 2.041501 
8.87 	 2.041501 
8.88 	 2.041501 
8.89 	 2.041501 
8.90 	 2.041501 
8.91 	 2.041501 
8.92 	 2.041501 
8.93 	 2.041501 
8.94 	 2.041501 
8.95 	 2.041501 
8.96 	 2.041501 
8.97 	 2.041501 
8.98 	 2.041501 
8.99 	 2.041501 
9.00 	 2.041501 
9.01 	 2.041501 
9.02 	 2.041501 
9.03 	 2.041501 
9.04 	 2.041501 
9.05 	 2.041501 
9.06 	 2.041501 
9.07 	 2.041501 
9.08 	 2.041501 
9.09 	 2.041501 
9.10 	 2.041501 
9.11 	 2.041501 
9.12 	 2.041501 
9.13 	 2.041501 
9.14 	 2.041501 
9.15 	 2.041501 
9.16 	 2.041501 
9.17 	 2.041501 
9.18 	 2.041501 
9.19 	 2.041501 
9.20 	 2.041501 
9.21 	 2.041501 
9.22 	 2.041501 
9.23 	 2.041501 
9.24 	 2.041501 
9.25 	 2.041501 
9.26 	 2.041501 
9.27 	 2.041501 
9.28 	 2.041501 
9.29 	 2.041501 
9.30 	 2.041501 
9.31 	 2.041501 
9.32 	 2.041501 
9.33 	 2.041501 
9.34 	 2.041501 
9.35 	 2.041501 
9.36 	 2.041501 
9.37 	 2.041501 
9.38 	 2.041501 
9.39 	 2.041501 
9.40 	 2.041501 
9.41 	 2.041501 
9.42 	 2.041501 
9.43 	 2.041501 
9.44 	 2.041501 
9.45 	 2.041501 
9.46 	 2.041501 
9.47 	 2.041501 
9.48 	 2.041501 
9.49 	 2.041501 
9.50 	 2.041501 
9.51 	 2.041501 
9.52 	 2.041501 
9.53 	 2.041501 
9.54 	 2.041501 
9.55 	 2.041501 
9.56 	 2.041501 
9.57 	 2.041501 
9.58 	 2.041501 
9.59 	 2.041501 
9.60 	 2.041501 
9.61 	 2.041501 
9.62 	 2.041501 
9.63 	 2.041501 
9.64 	 2.041501 
9.65 	 2.041501 
9.66 	 2.041501 
9.67 	 2.041501 
9.68 	 2.041501 
9.69 	 2.041501 
9.70 	 2.041501 
9.71 	 2.041501 
9.72 	 2.041501 
9.73 	 2.041501 
9.74 	 2.041501 
9.75 	 2.041501 
9.76 	 2.041501 
9.77 	 2.041501 
9.78 	 2.041501 
9.79 	 2.041501 
9.80 	 2.041501 
9.81 	 2.041501 
9.82 	 2.041501 
9.83 	 2.041501 
9.84 	 2.041501 
9.85 	 2.041501 
9.86 	 2.041501 
9.87 	 2.041501 
9.88 	 2.041501 
9.89 	 2.041501 
9.90 	 2.041501 
9.91 	 2.041501 
9.92 	 2.041501 
9.93 	 2.041501 
9.94 	 2.041501 
9.95 	 2.041501 
9.96 	 2.041501 
9.97 	 2.041501 
9.98 	 2.041501 
9.99 	 2.041501 
10.00 	 2.041501 
10.02 	 2.051501 
10.03 	 2.051171 
10.04 	 2.050852 
10.05 	 2.050543 
10.06 	 2.050245 
10.07 	 2.049956 
10.08 	 2.049676 
10.09 	 2.049406 
10.10 	 2.049145 
10.11 	 2.048892 
10.12 	 2.048648 
10.13 	 2.048411 
10.14 	 2.048183 
10.15 	 2.047962 
10.16 	 2.047748 
10.17 	 2.047541 
10.18 	 2.047341 
10.19 	 2.047148 
10.20 	 2.046961 
10.21 	 2.046780 
10.22 	 2.046605 
10.23 	 2.046436 
10.24 	 2.046273 
10.25 	 2.046115 
10.26 	 2.045962 
10.27 	 2.045814 
10.28 	 2.045671 
10.29 	 2.045533 
10.30 	 2.045399 
10.31 	 2.045270 
10.32 	 2.045145 
10.33 	 2.045024 
10.34 	 2.044908 
10.35 	 2.044795 
10.36 	 2.044685 
10.37 	 2.044580 
10.38 	 2.044478 
10.39 	 2.044379 
10.40 	 2.044283 
10.41 	 2.044191 
10.42 	 2.044102 
10.43 	 2.044016 
10.44 	 2.043932 
10.45 	 2.043852 
10.46 	 2.043774 
10.47 	 2.043698 
10.48 	 2.043625 
10.49 	 2.043555 
10.50 	 2.043487 
10.51 	 2.043421 
10.52 	 2.043357 
10.53 	 2.043295 
10.54 	 2.043236 
10.55 	 2.043178 
10.56 	 2.043123 
10.57 	 2.043069 
10.58 	 2.043017 
10.59 	 2.042966 
10.60 	 2.042918 
10.61 	 2.042871 
10.62 	 2.042825 
10.63 	 2.042781 
10.64 	 2.042739 
10.65 	 2.042698 
10.66 	 2.042658 
10.67 	 2.042620 
10.68 	 2.042582 
10.69 	 2.042546 
10.70 	 2.042512 
10.71 	 2.042478 
10.72 	 2.042446 
10.73 	 2.042414 
10.74 	 2.042384 
10.75 	 2.042355 
10.76 	 2.042326 
10.77 	 2.042299 
10.78 	 2.042272 
10.79 	 2.042247 
10.80 	 2.042222 
10.81 	 2.042198 
10.82 	 2.042175 
10.83 	 2.042153 
10.84 	 2.042131 
10.85 	 2.042110 
10.86 	 2.042090 
10.87 	 2.042070 
10.88 	 2.042051 
10.89 	 2.042033 
10.90 	 2.042015 
10.91 	 2.041998 
10.92 	 2.041982 
10.93 	 2.041966 
10.94 	 2.041950 
10.95 	 2.041936 
10.96 	 2.041921 
10.97 	 2.041907 
10.98 	 2.041894 
10.99 	 2.041881 
11.00 	 2.041868 
11.01 	 2.041856 
11.02 	 2.041844 
11.03 	 2.041833 
11.04 	 2.041822 
11.05 	 2.041811 
11.06 	 2.041801 
11.07 	 2.041791 
11.08 	 2.041781 
11.09 	 2.041772 
11.10 	 2.041763 
11.11 	 2.041754 
11.12 	 2.041746 
11.13 	 2.041738 
11.14 	 2.041730 
11.15 	 2.041722 
11.16 	 2.041715 
11.17 	 2.041708 
11.18 	 2.041701 
11.19 	 2.041694 
11.20 	 2.041688 
11.21 	 2.041682 
11.22 	 2.041676 
11.23 	 2.041670 
11.24 	 2.041664 
11.25 	 2.041659 
11.26 	 2.041654 
11.27 	 2.041649 
11.28 	 2.041644 
11.29 	 2.041639 
11.30 	 2.041634 
11.31 	 2.041630 
11.32 	 2.041626 
11.33 	 2.041622 
11.34 	 2.041618 
11.35 	 2.041614 
11.36 	 2.041610 
11.37 	 2.041606 
11.38 	 2.041603 
11.39 	 2.041599 
11.40 	 2.041596 
11.41 	 2.041593 
11.42 	 2.041590 
11.43 	 2.041587 
11.44 	 2.041584 
11.45 	 2.041581 
11.46 	 2.041579 
11.47 	 2.041576 
11.48 	 2.041574 
11.49 	 2.041571 
11.50 	 2.041569 
11.51 	 2.041567 
11.52 	 2.041565 
11.53 	 2.041562 
11.54 	 2.041560 
11.55 	 2.041558 
11.56 	 2.041557 
11.57 	 2.041555 
11.58 	 2.041553 
11.59 	 2.041551 
11.60 	 2.041550 
11.61 	 2.041548 
11.62 	 2.041546 
11.63 	 2.041545 
11.64 	 2.041543 
11.65 	 2.041542 
11.66 	 2.041541 
11.67 	 2.041539 
11.68 	 2.041538 
11.69 	 2.041537 
11.70 	 2.041536 
11.71 	 2.041535 
11.72 	 2.041534 
11.73 	 2.041532 
11.74 	 2.041531 
11.75 	 2.041530 
11.76 	 2.041529 
11.77 	 2.041529 
11.78 	 2.041528 
11.79 	 2.041527 
11.80 	 2.041526 
11.81 	 2.041525 
11.82 	 2.041524 
11.83 	 2.041524 
11.84 	 2.041523 
11.85 	 2.041522 
11.86 	 2.041521 
11.87 	 2.041521 
11.88 	 2.041520 
11.89 	 2.041519 
11.90 	 2.041519 
11.91 	 2.041518 
11.92 	 2.041518 
11.93 	 2.041517 
11.94 	 2.041517 
11.95 	 2.041516 
11.96 	 2.041516 
11.97 	 2.041515 
11.98 	 2.041515 
11.99 	 2.041514 
12.00 	 2.041514 
12.01 	 2.041513 
12.02 	 2.041513 
12.03 	 2.041513 
12.04 	 2.041512 
12.05 	 2.041512 
12.06 	 2.041512 
12.07 	 2.041511 
12.08 	 2.041511 
12.09 	 2.041511 
12.10 	 2.041510 
12.11 	 2.041510 
12.12 	 2.041510 
12.13 	 2.041509 
12.14 	 2.041509 
12.15 	 2.041509 
12.16 	 2.041509 
12.17 	 2.041508 
12.18 	 2.041508 
12.19 	 2.041508 
12.20 	 2.041508 
12.21 	 2.041507 
12.22 	 2.041507 
12.23 	 2.041507 
12.24 	 2.041507 
12.25 	 2.041507 
12.26 	 2.041507 
12.27 	 2.041506 
12.28 	 2.041506 
12.29 	 2.041506 
12.30 	 2.041506 
12.31 	 2.041506 
12.32 	 2.041506 
12.33 	 2.041505 
12.34 	 2.041505 
12.35 	 2.041505 
12.36 	 2.041505 
12.37 	 2.041505 
12.38 	 2.041505 
12.39 	 2.041505 
12.40 	 2.041505 
12.41 	 2.041504 
12.42 	 2.041504 
12.43 	 2.041504 
12.44 	 2.041504 
12.45 	 2.041504 
12.46 	 2.041504 
12.47 	 2.041504 
12.48 	 2.041504 
12.49 	 2.041504 
12.50 	 2.041504 
12.51 	 2.041504 
12.52 	 2.041503 
12.53 	 2.041503 
12.54 	 2.041503 
12.55 	 2.041503 
12.56 	 2.041503 
12.57 	 2.041503 
12.58 	 2.041503 
12.59 	 2.041503 
12.60 	 2.041503 
12.61 	 2.041503 
12.62 	 2.041503 
12.63 	 2.041503 
12.64 	 2.041503 
12.65 	 2.041503 
12.66 	 2.041503 
12.67 	 2.041503 
12.68 	 2.041503 
12.69 	 2.041503 
12.70 	 2.041503 
12.71 	 2.041502 
12.72 	 2.041502 
12.73 	 2.041502 
12.74 	 2.041502 
12.75 	 2.041502 
12.76 	 2.041502 
12.77 	 2.041502 
12.78 	 2.041502 
12.79 	 2.041502 
12.80 	 2.041502 
12.81 	 2.041502 
12.82 	 2.041502 
12.83 	 2.041502 
12.84 	 2.041502 
12.85 	 2.041502 
12.86 	 2.041502 
12.87 	 2.041502 
12.88 	 2.041502 
12.89 	 2.041502 
12.90 	 2.041502 
12.91 	 2.041502 
12.92 	 2.041502 
12.93 	 2.041502 
12.94 	 2.041502 
12.95 	 2.041502 
12.96 	 2.041502 
12.97 	 2.041502 
12.98 	 2.041502 
12.99 	 2.041502 
13.00 	 2.041502 
13.01 	 2.041502 
13.02 	 2.041502 
13.03 	 2.041502 
13.04 	 2.041502 
13.05 	 2.041502 
13.06 	 2.041502 
13.07 	 2.041502 
13.08 	 2.041502 
13.09 	 2.041502 
13.10 	 2.041502 
13.11 	 2.041502 
13.12 	 2.041502 
13.13 	 2.041502 
13.14 	 2.041502 
13.15 	 2.041502 
13.16 	 2.041502 
13.17 	 2.041502 
13.18 	 2.041502 
13.19 	 2.041502 
13.20 	 2.041502 
13.21 	 2.041502 
13.22 	 2.041502 
13.23 	 2.041502 
13.24 	 2.041502 
13.25 	 2.041502 
13.26 	 2.041502 
13.27 	 2.041502 
13.28 	 2.041502 
13.29 	 2.041501 
13.30 	 2.041501 
13.31 	 2.041501 
13.32 	 2.041501 
13.33 	 2.041501 
13.34 	 2.041501 
13.35 	 2.041501 
13.36 	 2.041501 
13.37 	 2.041501 
13.38 	 2.041501 
13.39 	 2.041501 
13.40 	 2.041501 
13.41 	 2.041501 
13.42 	 2.041501 
13.43 	 2.041501 
13.44 	 2.041501 
13.45 	 2.041501 
13.46 	 2.041501 
13.47 	 2.041501 
13.48 	 2.041501 
13.49 	 2.041501 
13.50 	 2.041501 
13.51 	 2.041501 
13.52 	 2.041501 
13.53 	 2.041501 
13.54 	 2.041501 
13.55 	 2.041501 
13.56 	 2.041501 
13.57 	 2.041501 
13.58 	 2.041501 
13.59 	 2.041501 
13.60 	 2.041501 
13.61 	 2.041501 
13.62 	 2.041501 
13.63 	 2.041501 
13.64 	 2.041501 
13.65 	 2.041501 
13.66 	 2.041501 
13.67 	 2.041501 
13.68 	 2.041501 
13.69 	 2.041501 
13.70 	 2.041501 
13.71 	 2.041501 
13.72 	 2.041501 
13.73 	 2.041501 
13.74 	 2.041501 
13.75 	 2.041501 
13.76 	 2.041501 
13.77 	 2.041501 
13.78 	 2.041501 
13.79 	 2.041501 
13.80 	 2.041501 
13.81 	 2.041501 
13.82 	 2.041501 
13.83 	 2.041501 
13.84 	 2.041501 
13.85 	 2.041501 
13.86 	 2.041501 
13.87 	 2.041501 
13.88 	 2.041501 
13.89 	 2.041501 
13.90 	 2.041501 
13.91 	 2.041501 
13.92 	 2.041501 
13.93 	 2.041501 
13.94 	 2.041501 
13.95 	 2.041501 
13.96 	 2.041501 
13.97 	 2.041501 
13.98 	 2.041501 
13.99 	 2.041501 
14.00 	 2.041501 
14.01 	 2.041501 
14.02 	 2.041501 
14.03 	 2.041501 
14.04 	 2.041501 
14.05 	 2.041501 
14.06 	 2.041501 
14.07 	 2.041501 
14.08 	 2.041501 
14.09 	 2.041501 
14.10 	 2.041501 
14.11 	 2.041501 
14.12 	 2.041501 
14.13 	 2.041501 
14.14 	 2.041501 
14.15 	 2.041501 
14.16 	 2.041501 
14.17 	 2.041501 
14.18 	 2.041501 
14.19 	 2.041501 
14.20 	 2.041501 
14.21 	 2.041501 
14.22 	 2.041501 
14.23 	 2.041501 
14.24 	 2.041501 
14.25 	 2.041501 
14.26 	 2.041501 
14.27 	 2.041501 
14.28 	 2.041501 
14.29 	 2.041501 
14.30 	 2.041501 
14.31 	 2.041501 
14.32 	 2.041501 
14.33 	 2.041501 
14.34 	 2.041501 
14.35 	 2.041501 
14.36 	 2.041501 
14.37 	 2.041501 
14.38 	 2.041501 
14.39 	 2.041501 
14.40 	 2.041501 
14.41 	 2.041501 
14.42 	 2.041501 
14.43 	 2.041501 
14.44 	 2.041501 
14.45 	 2.041501 
14.46 	 2.041501 
14.47 	 2.041501 
14.48 	 2.041501 
14.49 	 2.041501 
14.50 	 2.041501 
14.51 	 2.041501 
14.52 	 2.041501 
14.53 	 2.041501 
14.54 	 2.041501 
14.55 	 2.041501 
14.56 	 2.041501 
14.57 	 2.041501 
14.58 	 2.041501 
14.59 	 2.041501 
14.60 	 2.041501 
14.61 	 2.041501 
14.62 	 2.041501 
14.63 	 2.041501 
14.64 	 2.041501 
14.65 	 2.041501 
14.66 	 2.041501 
14.67 	 2.041501 
14.68 	 2.041501 
14.69 	 2.041501 
14.70 	 2.041501 
14.71 	 2.041501 
14.72 	 2.041501 
14.73 	 2.041501 
14.74 	 2.041501 
14.75 	 2.041501 
14.76 	 2.041501 
14.77 	 2.041501 
14.78 	 2.041501 
14.79 	 2.041501 
14.80 	 2.041501 
14.81 	 2.041501 
14.82 	 2.041501 
14.83 	 2.041501 
14.84 	 2.041501 
14.85 	 2.041501 
14.86 	 2.041501 
14.87 	 2.041501 
14.88 	 2.041501 
14.89 	 2.041501 
14.90 	 2.041501 
14.91 	 2.041501 
14.92 	 2.041501 
14.93 	 2.041501 
14.94 	 2.041501 
14.95 	 2.041501 
14.96 	 2.041501 
14.97 	 2.041501 
14.98 	 2.041501 
14.99 	 2.041501 
15.00 	 2.041501 
15.01 	 2.041501 
15.02 	 2.041501 
15.03 	 2.041501 
15.04 	 2.041501 
15.05 	 2.041501 
15.06 	 2.041501 
15.07 	 2.041501 
15.08 	 2.041501 
15.09 	 2.041501 
15.10 	 2.041501 
15.11 	 2.041501 
15.12 	 2.041501 
15.13 	 2.041501 
15.14 	 2.041501 
15.15 	 2.041501 
15.16 	 2.041501 
15.17 	 2.041501 
15.18 	 2.041501 
15.19 	 2.041501 
15.20 	 2.041501 
15.21 	 2.041501 
15.22 	 2.041501 
15.23 	 2.041501 
15.24 	 2.041501 
15.25 	 2.041501 
15.26 	 2.041501 
15.27 	 2.041501 
15.28 	 2.041501 
15.29 	 2.041501 
15.30 	 2.041501 
15.31 	 2.041501 
15.32 	 2.041501 
15.33 	 2.041501 
15.34 	 2.041501 
15.35 	 2.041501 
15.36 	 2.041501 
15.37 	 2.041501 
15.38 	 2.041501 
15.39 	 2.041501 
15.40 	 2.041501 
15.41 	 2.041501 
15.42 	 2.041501 
15.43 	 2.041501 
15.44 	 2.041501 
15.45 	 2.041501 
15.46 	 2.041501 
15.47 	 2.041501 
15.48 	 2.041501 
15.49 	 2.041501 
15.50 	 2.041501 
15.51 	 2.041501 
15.52 	 2.041501 
15.53 	 2.041501 
15.54 	 2.041501 
15.55 	 2.041501 
15.56 	 2.041501 
15.57 	 2.041501 
15.58 	 2.041501 
15.59 	 2.041501 
15.60 	 2.041501 
15.61 	 2.041501 
15.62 	 2.041501 
15.63 	 2.041501 
15.64 	 2.041501 
15.65 	 2.041501 
15.66 	 2.041501 
15.67 	 2.041501 
15.68 	 2.041501 
15.69 	 2.041501 
15.70 	 2.041501 
15.71 	 2.041501 
15.72 	 2.041501 
15.73 	 2.041501 
15.74 	 2.041501 
15.75 	 2.041501 
15.76 	 2.041501 
15.77 	 2.041501 
15.78 	 2.041501 
15.79 	 2.041501 
15.80 	 2.041501 
15.81 	 2.041501 
15.82 	 2.041501 
15.83 	 2.041501 
15.84 	 2.041501 
15.85 	 2.041501 
15.86 	 2.041501 
15.87 	 2.041501 
15.88 	 2.041501 
15.89 	 2.041501 
15.90 	 2.041501 
15.91 	 2.041501 
15.92 	 2.041501 
15.93 	 2.041501 
15.94 	 2.041501 
15.95 	 2.041501 
15.96 	 2.041501 
15.97 	 2.041501 
15.98 	 2.041501 
15.99 	 2.041501 
16.00 	 2.041501 
16.01 	 2.041501 
16.02 	 2.041501 
16.03 	 2.041501 
16.04 	 2.041501 
16.05 	 2.041501 
16.06 	 2.041501 
16.07 	 2.041501 
16.08 	 2.041501 
16.09 	 2.041501 
16.10 	 2.041501 
16.11 	 2.041501 
16.12 	 2.041501 
16.13 	 2.041501 
16.14 	 2.041501 
16.15 	 2.041501 
16.16 	 2.041501 
16.17 	 2.041501 
16.18 	 2.041501 
16.19 	 2.041501 
16.20 	 2.041501 
16.21 	 2.041501 
16.22 	 2.041501 
16.23 	 2.041501 
16.24 	 2.041501 
16.25 	 2.041501 
16.26 	 2.041501 
16.27 	 2.041501 
16.28 	 2.041501 
16.29 	 2.041501 
16.30 	 2.041501 
16.31 	 2.041501 
16.32 	 2.041501 
16.33 	 2.041501 
16.34 	 2.041501 
16.35 	 2.041501 
16.36 	 2.041501 
16.37 	 2.041501 
16.38 	 2.041501 
16.39 	 2.041501 
16.40 	 2.041501 
16.41 	 2.041501 
16.42 	 2.041501 
16.43 	 2.041501 
16.44 	 2.041501 
16.45 	 2.041501 
16.46 	 2.041501 
16.47 	 2.041501 
16.48 	 2.041501 
16.49 	 2.041501 
16.50 	 2.041501 
16.51 	 2.041501 
16.52 	 2.041501 
16.53 	 2.041501 
16.54 	 2.041501 
16.55 	 2.041501 
16.56 	 2.041501 
16.57 	 2.041501 
16.58 	 2.041501 
16.59 	 2.041501 
16.60 	 2.041501 
16.61 	 2.041501 
16.62 	 2.041501 
16.63 	 2.041501 
16.64 	 2.041501 
16.65 	 2.041501 
16.66 	 2.041501 
16.67 	 2.041501 
16.68 	 2.041501 
16.69 	 2.041501 
16.70 	 2.041501 
16.71 	 2.041501 
16.72 	 2.041501 
16.73 	 2.041501 
16.74 	 2.041501 
16.75 	 2.041501 
16.76 	 2.041501 
16.77 	 2.041501 
16.78 	 2.041501 
16.79 	 2.041501 
16.80 	 2.041501 
16.81 	 2.041501 
16.82 	 2.041501 
16.83 	 2.041501 
16.84 	 2.041501 
16.85 	 2.041501 
16.86 	 2.041501 
16.87 	 2.041501 
16.88 	 2.041501 
16.89 	 2.041501 
16.90 	 2.041501 
16.91 	 2.041501 
16.92 	 2.041501 
16.93 	 2.041501 
16.94 	 2.041501 
16.95 	 2.041501 
16.96 	 2.041501 
16.97 	 2.041501 
16.98 	 2.041501 
16.99 	 2.041501 
17.00 	 2.041501 
17.01 	 2.041501 
17.02 	 2.041501 
17.03 	 2.041501 
17.04 	 2.041501 
17.05 	 2.041501 
17.06 	 2.041501 
17.07 	 2.041501 
17.08 	 2.041501 
17.09 	 2.041501 
17.10 	 2.041501 
17.11 	 2.041501 
17.12 	 2.041501 
17.13 	 2.041501 
17.14 	 2.041501 
17.15 	 2.041501 
17.16 	 2.041501 
17.17 	 2.041501 
17.18 	 2.041501 
17.19 	 2.041501 
17.20 	 2.041501 
17.21 	 2.041501 
17.22 	 2.041501 
17.23 	 2.041501 
17.24 	 2.041501 
17.25 	 2.041501 
17.26 	 2.041501 
17.27 	 2.041501 
17.28 	 2.041501 
17.29 	 2.041501 
17.30 	 2.041501 
17.31 	 2.041501 
17.32 	 2.041501 
17.33 	 2.041501 
17.34 	 2.041501 
17.35 	 2.041501 
17.36 	 2.041501 
17.37 	 2.041501 
17.38 	 2.041501 
17.39 	 2.041501 
17.40 	 2.041501 
17.41 	 2.041501 
17.42 	 2.041501 
17.43 	 2.041501 
17.44 	 2.041501 
17.45 	 2.041501 
17.46 	 2.041501 
17.47 	 2.041501 
17.48 	 2.041501 
17.49 	 2.041501 
17.50 	 2.041501 
17.51 	 2.041501 
17.52 	 2.041501 
17.53 	 2.041501 
17.54 	 2.041501 
17.55 	 2.041501 
17.56 	 2.041501 
17.57 	 2.041501 
17.58 	 2.041501 
17.59 	 2.041501 
17.60 	 2.041501 
17.61 	 2.041501 
17.62 	 2.041501 
17.63 	 2.041501 
17.64 	 2.041501 
17.65 	 2.041501 
17.66 	 2.041501 
17.67 	 2.041501 
17.68 	 2.041501 
17.69 	 2.041501 
17.70 	 2.041501 
17.71 	 2.041501 
17.72 	 2.041501 
17.73 	 2.041501 
17.74 	 2.041501 
17.75 	 2.041501 
17.76 	 2.041501 
17.77 	 2.041501 
17.78 	 2.041501 
17.79 	 2.041501 
17.80 	 2.041501 
17.81 	 2.041501 
17.82 	 2.041501 
17.83 	 2.041501 
17.84 	 2.041501 
17.85 	 2.041501 
17.86 	 2.041501 
17.87 	 2.041501 
17.88 	 2.041501 
17.89 	 2.041501 
17.90 	 2.041501 
17.91 	 2.041501 
17.92 	 2.041501 
17.93 	 2.041501 
17.94 	 2.041501 
17.95 	 2.041501 
17.96 	 2.041501 
17.97 	 2.041501 
17.98 	 2.041501 
17.99 	 2.041501 
18.00 	 2.041501 
18.01 	 2.041501 
18.02 	 2.041501 
18.03 	 2.041501 
18.04 	 2.041501 
18.05 	 2.041501 
18.06 	 2.041501 
18.07 	 2.041501 
18.08 	 2.041501 
18.09 	 2.041501 
18.10 	 2.041501 
18.11 	 2.041501 
18.12 	 2.041501 
18.13 	 2.041501 
18.14 	 2.041501 
18.15 	 2.041501 
18.16 	 2.041501 
18.17 	 2.041501 
18.18 	 2.041501 
18.19 	 2.041501 
18.20 	 2.041501 
18.21 	 2.041501 
18.22 	 2.041501 
18.23 	 2.041501 
18.24 	 2.041501 
18.25 	 2.041501 
18.26 	 2.041501 
18.27 	 2.041501 
18.28 	 2.041501 
18.29 	 2.041501 
18.30 	 2.041501 
18.31 	 2.041501 
18.32 	 2.041501 
18.33 	 2.041501 
18.34 	 2.041501 
18.35 	 2.041501 
18.36 	 2.041501 
18.37 	 2.041501 
18.38 	 2.041501 
18.39 	 2.041501 
18.40 	 2.041501 
18.41 	 2.041501 
18.42 	 2.041501 
18.43 	 2.041501 
18.44 	 2.041501 
18.45 	 2.041501 
18.46 	 2.041501 
18.47 	 2.041501 
18.48 	 2.041501 
18.49 	 2.041501 
18.50 	 2.041501 
18.51 	 2.041501 
18.52 	 2.041501 
18.53 	 2.041501 
18.54 	 2.041501 
18.55 	 2.041501 
18.56 	 2.041501 
18.57 	 2.041501 
18.58 	 2.041501 
18.59 	 2.041501 
18.60 	 2.041501 
18.61 	 2.041501 
18.62 	 2.041501 
18.63 	 2.041501 
18.64 	 2.041501 
18.65 	 2.041501 
18.66 	 2.041501 
18.67 	 2.041501 
18.68 	 2.041501 
18.69 	 2.041501 
18.70 	 2.041501 
18.71 	 2.041501 
18.72 	 2.041501 
18.73 	 2.041501 
18.74 	 2.041501 
18.75 	 2.041501 
18.76 	 2.041501 
18.77 	 2.041501 
18.78 	 2.041501 
18.79 	 2.041501 
18.80 	 2.041501 
18.81 	 2.041501 
18.82 	 2.041501 
18.83 	 2.041501 
18.84 	 2.041501 
18.85 	 2.041501 
18.86 	 2.041501 
18.87 	 2.041501 
18.88 	 2.041501 
18.89 	 2.041501 
18.90 	 2.041501 
18.91 	 2.041501 
18.92 	 2.041501 
18.93 	 2.041501 
18.94 	 2.041501 
18.95 	 2.041501 
18.96 	 2.041501 
18.97 	 2.041501 
18.98 	 2.041501 
18.99 	 2.041501 
19.00 	 2.041501 
19.01 	 2.041501 
19.02 	 2.041501 
19.03 	 2.041501 
19.04 	 2.041501 
19.05 	 2.041501 
19.06 	 2.041501 
19.07 	 2.041501 
19.08 	 2.041501 
19.09 	 2.041501 
19.10 	 2.041501 
19.11 	 2.041501 
19.12 	 2.041501 
19.13 	 2.041501 
19.14 	 2.041501 
19.15 	 2.041501 
19.16 	 2.041501 
19.17 	 2.041501 
19.18 	 2.041501 
19.19 	 2.041501 
19.20 	 2.041501 
19.21 	 2.041501 
19.22 	 2.041501 
19.23 	 2.041501 
19.24 	 2.041501 
19.25 	 2.041501 
19.26 	 2.041501 
19.27 	 2.041501 
19.28 	 2.041501 
19.29 	 2.041501 
19.30 	 2.041501 
19.31 	 2.041501 
19.32 	 2.041501 
19.33 	 2.041501 
19.34 	 2.041501 
19.35 	 2.041501 
19.36 	 2.041501 
19.37 	 2.041501 
19.38 	 2.041501 
19.39 	 2.041501 
19.40 	 2.041501 
19.41 	 2.041501 
19.42 	 2.041501 
19.43 	 2.041501 
19.44 	 2.041501 
19.45 	 2.041501 
19.46 	 2.041501 
19.47 	 2.041501 
19.48 	 2.041501 
19.49 	 2.041501 
19.50 	 2.041501 
19.51 	 2.041501 
19.52 	 2.041501 
19.53 	 2.041501 
19.54 	 2.041501 
19.55 	 2.041501 
19.56 	 2.041501 
19.57 	 2.041501 
19.58 	 2.041501 
19.59 	 2.041501 
19.60 	 2.041501 
19.61 	 2.041501 
19.62 	 2.041501 
19.63 	 2.041501 
19.64 	 2.041501 
19.65 	 2.041501 
19.66 	 2.041501 
19.67 	 2.041501 
19.68 	 2.041501 
19.69 	 2.041501 
19.70 	 2.041501 
19.71 	 2.041501 
19.72 	 2.041501 
19.73 	 2.041501 
19.74 	 2.041501 
19.75 	 2.041501 
19.76 	 2.041501 
19.77 	 2.041501 
19.78 	 2.041501 
19.79 	 2.041501 
19.80 	 2.041501 
19.81 	 2.041501 
19.82 	 2.041501 
19.83 	 2.041501 
19.84 	 2.041501 
19.85 	 2.041501 
19.86 	 2.041501 
19.87 	 2.041501 
19.88 	 2.041501 
19.89 	 2.041501 
19.90 	 2.041501 
19.91 	 2.041501 
19.92 	 2.041501 
19.93 	 2.041501 
19.94 	 2.041501 
19.95 	 2.041501 
19.96 	 2.041501 
19.97 	 2.041501 
19.98 	 2.041501 
19.99 	 2.041501 
20.00 	 2.041501 
20.01 	 2.041501 
20.02 	 2.041501 
20.03 	 2.041501 
20.04 	 2.041501 
20.05 	 2.041501 
20.06 	 2.041501 
20.07 	 2.041501 
20.08 	 2.041501 
20.09 	 2.041501 
20.10 	 2.041501 
20.11 	 2.041501 
20.12 	 2.041501 
20.13 	 2.041501 
20.14 	 2.041501 
20.15 	 2.041501 
20.16 	 2.041501 
20.17 	 2.041501 
20.18 	 2.041501 
20.19 	 2.041501 
20.20 	 2.041501 
20.21 	 2.041501 
20.22 	 2.041501 
20.23 	 2.041501 
20.24 	 2.041501 
20.25 	 2.041501 
20.26 	 2.041501 
20.27 	 2.041501 
20.28 	 2.041501 
20.29 	 2.041501 
20.30 	 2.041501 
20.31 	 2.041501 
20.32 	 2.041501 
20.33 	 2.041501 
20.34 	 2.041501 
20.35 	 2.041501 
20.36 	 2.041501 
20.37 	 2.041501 
20.38 	 2.041501 
20.39 	 2.041501 
20.40 	 2.041501 
20.41 	 2.041501 
20.42 	 2.041501 
20.43 	 2.041501 
20.44 	 2.041501 
20.45 	 2.041501 
20.46 	 2.041501 
20.47 	 2.041501 
20.48 	 2.041501 
20.49 	 2.041501 
20.50 	 2.041501 
20.51 	 2.041501 
20.52 	 2.041501 
20.53 	 2.041501 
20.54 	 2.041501 
20.55 	 2.041501 
20.56 	 2.041501 
20.57 	 2.041501 
20.58 	 2.041501 
20.59 	 2.041501 
20.60 	 2.041501 
20.61 	 2.041501 
20.62 	 2.041501 
20.63 	 2.041501 
20.64 	 2.041501 
20.65 	 2.041501 
20.66 	 2.041501 
20.67 	 2.041501 
20.68 	 2.041501 
20.69 	 2.041501 
20.70 	 2.041501 
20.71 	 2.041501 
20.72 	 2.041501 
20.73 	 2.041501 
20.74 	 2.041501 
20.75 	 2.041501 
20.76 	 2.041501 
20.77 	 2.041501 
20.78 	 2.041501 
20.79 	 2.041501 
20.80 	 2.041501 
20.81 	 2.041501 
20.82 	 2.041501 
20.83 	 2.041501 
20.84 	 2.041501 
20.85 	 2.041501 
20.86 	 2.041501 
20.87 	 2.041501 
20.88 	 2.041501 
20.89 	 2.041501 
20.90 	 2.041501 
20.91 	 2.041501 
20.92 	 2.041501 
20.93 	 2.041501 
20.94 	 2.041501 
20.95 	 2.041501 
20.96 	 2.041501 
20.97 	 2.041501 
20.98 	 2.041501 
20.99 	 2.041501 
21.00 	 2.041501 
21.01 	 2.041501 
21.02 	 2.041501 
21.03 	 2.041501 
21.04 	 2.041501 
21.05 	 2.041501 
21.06 	 2.041501 
21.07 	 2.041501 
21.08 	 2.041501 
21.09 	 2.041501 
21.10 	 2.041501 
21.11 	 2.041501 
21.12 	 2.041501 
21.13 	 2.041501 
21.14 	 2.041501 
21.15 	 2.041501 
21.16 	 2.041501 
21.17 	 2.041501 
21.18 	 2.041501 
21.19 	 2.041501 
21.20 	 2.041501 
21.21 	 2.041501 
21.22 	 2.041501 
21.23 	 2.041501 
21.24 	 2.041501 
21.25 	 2.041501 
21.26 	 2.041501 
21.27 	 2.041501 
21.28 	 2.041501 
21.29 	 2.041501 
21.30 	 2.041501 
21.31 	 2.041501 
21.32 	 2.041501 
21.33 	 2.041501 
21.34 	 2.041501 
21.35 	 2.041501 
21.36 	 2.041501 
21.37 	 2.041501 
21.38 	 2.041501 
21.39 	 2.041501 
21.40 	 2.041501 
21.41 	 2.041501 
21.42 	 2.041501 
21.43 	 2.041501 
21.44 	 2.041501 
21.45 	 2.041501 
21.46 	 2.041501 
21.47 	 2.041501 
21.48 	 2.041501 
21.49 	 2.041501 
21.50 	 2.041501 
21.51 	 2.041501 
21.52 	 2.041501 
21.53 	 2.041501 
21.54 	 2.041501 
21.55 	 2.041501 
21.56 	 2.041501 
21.57 	 2.041501 
21.58 	 2.041501 
21.59 	 2.041501 
21.60 	 2.041501 
21.61 	 2.041501 
21.62 	 2.041501 
21.63 	 2.041501 
21.64 	 2.041501 
21.65 	 2.041501 
21.66 	 2.041501 
21.67 	 2.041501 
21.68 	 2.041501 
21.69 	 2.041501 
21.70 	 2.041501 
21.71 	 2.041501 
21.72 	 2.041501 
21.73 	 2.041501 
21.74 	 2.041501 
21.75 	 2.041501 
21.76 	 2.041501 
21.77 	 2.041501 
21.78 	 2.041501 
21.79 	 2.041501 
21.80 	 2.041501 
21.81 	 2.041501 
21.82 	 2.041501 
21.83 	 2.041501 
21.84 	 2.041501 
21.85 	 2.041501 
21.86 	 2.041501 
21.87 	 2.041501 
21.88 	 2.041501 
21.89 	 2.041501 
21.90 	 2.041501 
21.91 	 2.041501 
21.92 	 2.041501 
21.93 	 2.041501 
21.94 	 2.041501 
21.95 	 2.041501 
21.96 	 2.041501 
21.97 	 2.041501 
21.98 	 2.041501 
21.99 	 2.041501 
22.00 	 2.041501 
22.01 	 2.041501 
22.02 	 2.041501 
22.03 	 2.041501 
22.04 	 2.041501 
22.05 	 2.041501 
22.06 	 2.041501 
22.07 	 2.041501 
22.08 	 2.041501 
22.09 	 2.041501 
22.10 	 2.041501 
22.11 	 2.041501 
22.12 	 2.041501 
22.13 	 2.041501 
22.14 	 2.041501 
22.15 	 2.041501 
22.16 	 2.041501 
22.17 	 2.041501 
22.18 	 2.041501 
22.19 	 2.041501 
22.20 	 2.041501 
22.21 	 2.041501 
22.22 	 2.041501 
22.23 	 2.041501 
22.24 	 2.041501 
22.25 	 2.041501 
22.26 	 2.041501 
22.27 	 2.041501 
22.28 	 2.041501 
22.29 	 2.041501 
22.30 	 2.041501 
22.31 	 2.041501 
22.32 	 2.041501 
22.33 	 2.041501 
22.34 	 2.041501 
22.35 	 2.041501 
22.36 	 2.041501 
22.37 	 2.041501 
22.38 	 2.041501 
22.39 	 2.041501 
22.40 	 2.041501 
22.41 	 2.041501 
22.42 	 2.041501 
22.43 	 2.041501 
22.44 	 2.041501 
22.45 	 2.041501 
22.46 	 2.041501 
22.47 	 2.041501 
22.48 	 2.041501 
22.49 	 2.041501 
22.50 	 2.041501 
22.51 	 2.041501 
22.52 	 2.041501 
22.53 	 2.041501 
22.54 	 2.041501 
22.55 	 2.041501 
22.56 	 2.041501 
22.57 	 2.041501 
22.58 	 2.041501 
22.59 	 2.041501 
22.60 	 2.041501 
22.61 	 2.041501 
22.62 	 2.041501 
22.63 	 2.041501 
22.64 	 2.041501 
22.65 	 2.041501 
22.66 	 2.041501 
22.67 	 2.041501 
22.68 	 2.041501 
22.69 	 2.041501 
22.70 	 2.041501 
22.71 	 2.041501 
22.72 	 2.041501 
22.73 	 2.041501 
22.74 	 2.041501 
22.75 	 2.041501 
22.76 	 2.041501 
22.77 	 2.041501 
22.78 	 2.041501 
22.79 	 2.041501 
22.80 	 2.041501 
22.81 	 2.041501 
22.82 	 2.041501 
22.83 	 2.041501 
22.84 	 2.041501 
22.85 	 2.041501 
22.86 	 2.041501 
22.87 	 2.041501 
22.88 	 2.041501 
22.89 	 2.041501 
22.90 	 2.041501 
22.91 	 2.041501 
22.92 	 2.041501 
22.93 	 2.041501 
22.94 	 2.041501 
22.95 	 2.041501 
22.96 	 2.041501 
22.97 	 2.041501 
22.98 	 2.041501 
22.99 	 2.041501 
23.00 	 2.041501 
23.01 	 2.041501 
23.02 	 2.041501 
23.03 	 2.041501 
23.04 	 2.041501 
23.05 	 2.041501 
23.06 	 2.041501 
23.07 	 2.041501 
23.08 	 2.041501 
23.09 	 2.041501 
23.10 	 2.041501 
23.11 	 2.041501 
23.12 	 2.041501 
23.13 	 2.041501 
23.14 	 2.041501 
23.15 	 2.041501 
23.16 	 2.041501 
23.17 	 2.041501 
23.18 	 2.041501 
23.19 	 2.041501 
23.20 	 2.041501 
23.21 	 2.041501 
23.22 	 2.041501 
23.23 	 2.041501 
23.24 	 2.041501 
23.25 	 2.041501 
23.26 	 2.041501 
23.27 	 2.041501 
23.28 	 2.041501 
23.29 	 2.041501 
23.30 	 2.041501 
23.31 	 2.041501 
23.32 	 2.041501 
23.33 	 2.041501 
23.34 	 2.041501 
23.35 	 2.041501 
23.36 	 2.041501 
23.37 	 2.041501 
23.38 	 2.041501 
23.39 	 2.041501 
23.40 	 2.041501 
23.41 	 2.041501 
23.42 	 2.041501 
23.43 	 2.041501 
23.44 	 2.041501 
23.45 	 2.041501 
23.46 	 2.041501 
23.47 	 2.041501 
23.48 	 2.041501 
23.49 	 2.041501 
23.50 	 2.041501 
23.51 	 2.041501 
23.52 	 2.041501 
23.53 	 2.041501 
23.54 	 2.041501 
23.55 	 2.041501 
23.56 	 2.041501 
23.57 	 2.041501 
23.58 	 2.041501 
23.59 	 2.041501 
23.60 	 2.041501 
23.61 	 2.041501 
23.62 	 2.041501 
23.63 	 2.041501 
23.64 	 2.041501 
23.65 	 2.041501 
23.66 	 2.041501 
23.67 	 2.041501 
23.68 	 2.041501 
23.69 	 2.041501 
23.70 	 2.041501 
23.71 	 2.041501 
23.72 	 2.041501 
23.73 	 2.041501 
23.74 	 2.041501 
23.75 	 2.041501 
23.76 	 2.041501 
23.77 	 2.041501 
23.78 	 2.041501 
23.79 	 2.041501 
23.80 	 2.041501 
23.81 	 2.041501 
23.82 	 2.041501 
23.83 	 2.041501 
23.84 	 2.041501 
23.85 	 2.041501 
23.86 	 2.041501 
23.87 	 2.041501 
23.88 	 2.041501 
23.89 	 2.041501 
23.90 	 2.041501 
23.91 	 2.041501 
23.92 	 2.041501 
23.93 	 2.041501 
23.94 	 2.041501 
23.95 	 2.041501 
23.96 	 2.041501 
23.97 	 2.041501 
23.98 	 2.041501 
23.99 	 2.041501 
24.00 	 2.041501 
24.01 	 2.041501 
24.02 	 2.041501 
24.03 	 2.041501 
24.04 	 2.041501 
24.05 	 2.041501 
24.06 	 2.041501 
24.07 	 2.041501 
24.08 	 2.041501 
24.09 	 2.041501 
24.10 	 2.041501 
24.11 	 2.041501 
24.12 	 2.041501 
24.13 	 2.041501 
24.14 	 2.041501 
24.15 	 2.041501 
24.16 	 2.041501 
24.17 	 2.041501 
24.18 	 2.041501 
24.19 	 2.041501 
24.20 	 2.041501 
24.21 	 2.041501 
24.22 	 2.041501 
24.23 	 2.041501 
24.24 	 2.041501 
24.25 	 2.041501 
24.26 	 2.041501 
24.27 	 2.041501 
24.28 	 2.041501 
24.29 	 2.041501 
24.30 	 2.041501 
24.31 	 2.041501 
24.32 	 2.041501 
24.33 	 2.041501 
24.34 	 2.041501 
24.35 	 2.041501 
24.36 	 2.041501 
24.37 	 2.041501 
24.38 	 2.041501 
24.39 	 2.041501 
24.40 	 2.041501 
24.41 	 2.041501 
24.42 	 2.041501 
24.43 	 2.041501 
24.44 	 2.041501 
24.45 	 2.041501 
24.46 	 2.041501 
24.47 	 2.041501 
24.48 	 2.041501 
24.49 	 2.041501 
24.50 	 2.041501 
24.51 	 2.041501 
24.52 	 2.041501 
24.53 	 2.041501 
24.54 	 2.041501 
24.55 	 2.041501 
24.56 	 2.041501 
24.57 	 2.041501 
24.58 	 2.041501 
24.59 	 2.041501 
24.60 	 2.041501 
24.61 	 2.041501 
24.62 	 2.041501 
24.63 	 2.041501 
24.64 	 2.041501 
24.65 	 2.041501 
24.66 	 2.041501 
24.67 	 2.041501 
24.68 	 2.041501 
24.69 	 2.041501 
24.70 	 2.041501 
24.71 	 2.041501 
24.72 	 2.041501 
24.73 	 2.041501 
24.74 	 2.041501 
24.75 	 2.041501 
24.76 	 2.041501 
24.77 	 2.041501 
24.78 	 2.041501 
24.79 	 2.041501 
24.80 	 2.041501 
24.81 	 2.041501 
24.82 	 2.041501 
24.83 	 2.041501 
24.84 	 2.041501 
24.85 	 2.041501 
24.86 	 2.041501 
24.87 	 2.041501 
24.88 	 2.041501 
24.89 	 2.041501 
24.90 	 2.041501 
24.91 	 2.041501 
24.92 	 2.041501 
24.93 	 2.041501 
24.94 	 2.041501 
24.95 	 2.041501 
24.96 	 2.041501 
24.97 	 2.041501 
24.98 	 2.041501 
24.99 	 2.041501 
25.00 	 2.041501 
25.01 	 2.041501 
25.02 	 2.041501 
25.03 	 2.041501 
25.04 	 2.041501 
25.05 	 2.041501 
25.06 	 2.041501 
25.07 	 2.041501 
25.08 	 2.041501 
25.09 	 2.041501 
25.10 	 2.041501 
25.11 	 2.041501 
25.12 	 2.041501 
25.13 	 2.041501 
25.14 	 2.041501 
25.15 	 2.041501 
25.16 	 2.041501 
25.17 	 2.041501 
25.18 	 2.041501 
25.19 	 2.041501 
25.20 	 2.041501 
25.21 	 2.041501 
25.22 	 2.041501 
25.23 	 2.041501 
25.24 	 2.041501 
25.25 	 2.041501 
25.26 	 2.041501 
25.27 	 2.041501 
25.28 	 2.041501 
25.29 	 2.041501 
25.30 	 2.041501 
25.31 	 2.041501 
25.32 	 2.041501 
25.33 	 2.041501 
25.34 	 2.041501 
25.35 	 2.041501 
25.36 	 2.041501 
25.37 	 2.041501 
25.38 	 2.041501 
25.39 	 2.041501 
25.40 	 2.041501 
25.41 	 2.041501 
25.42 	 2.041501 
25.43 	 2.041501 
25.44 	 2.041501 
25.45 	 2.041501 
25.46 	 2.041501 
25.47 	 2.041501 
25.48 	 2.041501 
25.49 	 2.041501 
25.50 	 2.041501 
25.51 	 2.041501 
25.52 	 2.041501 
25.53 	 2.041501 
25.54 	 2.041501 
25.55 	 2.041501 
25.56 	 2.041501 
25.57 	 2.041501 
25.58 	 2.041501 
25.59 	 2.041501 
25.60 	 2.041501 
25.61 	 2.041501 
25.62 	 2.041501 
25.63 	 2.041501 
25.64 	 2.041501 
25.65 	 2.041501 
25.66 	 2.041501 
25.67 	 2.041501 
25.68 	 2.041501 
25.69 	 2.041501 
25.70 	 2.041501 
25.71 	 2.041501 
25.72 	 2.041501 
25.73 	 2.041501 
25.74 	 2.041501 
25.75 	 2.041501 
25.76 	 2.041501 
25.77 	 2.041501 
25.78 	 2.041501 
25.79 	 2.041501 
25.80 	 2.041501 
25.81 	 2.041501 
25.82 	 2.041501 
25.83 	 2.041501 
25.84 	 2.041501 
25.85 	 2.041501 
25.86 	 2.041501 
25.87 	 2.041501 
25.88 	 2.041501 
25.89 	 2.041501 
25.90 	 2.041501 
25.91 	 2.041501 
25.92 	 2.041501 
25.93 	 2.041501 
25.94 	 2.041501 
25.95 	 2.041501 
25.96 	 2.041501 
25.97 	 2.041501 
25.98 	 2.041501 
25.99 	 2.041501 
26.00 	 2.041501 
26.01 	 2.041501 
26.02 	 2.041501 
26.03 	 2.041501 
26.04 	 2.041501 
26.05 	 2.041501 
26.06 	 2.041501 
26.07 	 2.041501 
26.08 	 2.041501 
26.09 	 2.041501 
26.10 	 2.041501 
26.11 	 2.041501 
26.12 	 2.041501 
26.13 	 2.041501 
26.14 	 2.041501 
26.15 	 2.041501 
26.16 	 2.041501 
26.17 	 2.041501 
26.18 	 2.041501 
26.19 	 2.041501 
26.20 	 2.041501 
26.21 	 2.041501 
26.22 	 2.041501 
26.23 	 2.041501 
26.24 	 2.041501 
26.25 	 2.041501 
26.26 	 2.041501 
26.27 	 2.041501 
26.28 	 2.041501 
26.29 	 2.041501 
26.30 	 2.041501 
26.31 	 2.041501 
26.32 	 2.041501 
26.33 	 2.041501 
26.34 	 2.041501 
26.35 	 2.041501 
26.36 	 2.041501 
26.37 	 2.041501 
26.38 	 2.041501 
26.39 	 2.041501 
26.40 	 2.041501 
26.41 	 2.041501 
26.42 	 2.041501 
26.43 	 2.041501 
26.44 	 2.041501 
26.45 	 2.041501 
26.46 	 2.041501 
26.47 	 2.041501 
26.48 	 2.041501 
26.49 	 2.041501 
26.50 	 2.041501 
26.51 	 2.041501 
26.52 	 2.041501 
26.53 	 2.041501 
26.54 	 2.041501 
26.55 	 2.041501 
26.56 	 2.041501 
26.57 	 2.041501 
26.58 	 2.041501 
26.59 	 2.041501 
26.60 	 2.041501 
26.61 	 2.041501 
26.62 	 2.041501 
26.63 	 2.041501 
26.64 	 2.041501 
26.65 	 2.041501 
26.66 	 2.041501 
26.67 	 2.041501 
26.68 	 2.041501 
26.69 	 2.041501 
26.70 	 2.041501 
26.71 	 2.041501 
26.72 	 2.041501 
26.73 	 2.041501 
26.74 	 2.041501 
26.75 	 2.041501 
26.76 	 2.041501 
26.77 	 2.041501 
26.78 	 2.041501 
26.79 	 2.041501 
26.80 	 2.041501 
26.81 	 2.041501 
26.82 	 2.041501 
26.83 	 2.041501 
26.84 	 2.041501 
26.85 	 2.041501 
26.86 	 2.041501 
26.87 	 2.041501 
26.88 	 2.041501 
26.89 	 2.041501 
26.90 	 2.041501 
26.91 	 2.041501 
26.92 	 2.041501 
26.93 	 2.041501 
26.94 	 2.041501 
26.95 	 2.041501 
26.96 	 2.041501 
26.97 	 2.041501 
26.98 	 2.041501 
26.99 	 2.041501 
27.00 	 2.041501 
27.01 	 2.041501 
27.02 	 2.041501 
27.03 	 2.041501 
27.04 	 2.041501 
27.05 	 2.041501 
27.06 	 2.041501 
27.07 	 2.041501 
27.08 	 2.041501 
27.09 	 2.041501 
27.10 	 2.041501 
27.11 	 2.041501 
27.12 	 2.041501 
27.13 	 2.041501 
27.14 	 2.041501 
27.15 	 2.041501 
27.16 	 2.041501 
27.17 	 2.041501 
27.18 	 2.041501 
27.19 	 2.041501 
27.20 	 2.041501 
27.21 	 2.041501 
27.22 	 2.041501 
27.23 	 2.041501 
27.24 	 2.041501 
27.25 	 2.041501 
27.26 	 2.041501 
27.27 	 2.041501 
27.28 	 2.041501 
27.29 	 2.041501 
27.30 	 2.041501 
27.31 	 2.041501 
27.32 	 2.041501 
27.33 	 2.041501 
27.34 	 2.041501 
27.35 	 2.041501 
27.36 	 2.041501 
27.37 	 2.041501 
27.38 	 2.041501 
27.39 	 2.041501 
27.40 	 2.041501 
27.41 	 2.041501 
27.42 	 2.041501 
27.43 	 2.041501 
27.44 	 2.041501 
27.45 	 2.041501 
27.46 	 2.041501 
27.47 	 2.041501 
27.48 	 2.041501 
27.49 	 2.041501 
27.50 	 2.041501 
27.51 	 2.041501 
27.52 	 2.041501 
27.53 	 2.041501 
27.54 	 2.041501 
27.55 	 2.041501 
27.56 	 2.041501 
27.57 	 2.041501 
27.58 	 2.041501 
27.59 	 2.041501 
27.60 	 2.041501 
27.61 	 2.041501 
27.62 	 2.041501 
27.63 	 2.041501 
27.64 	 2.041501 
27.65 	 2.041501 
27.66 	 2.041501 
27.67 	 2.041501 
27.68 	 2.041501 
27.69 	 2.041501 
27.70 	 2.041501 
27.71 	 2.041501 
27.72 	 2.041501 
27.73 	 2.041501 
27.74 	 2.041501 
27.75 	 2.041501 
27.76 	 2.041501 
27.77 	 2.041501 
27.78 	 2.041501 
27.79 	 2.041501 
27.80 	 2.041501 
27.81 	 2.041501 
27.82 	 2.041501 
27.83 	 2.041501 
27.84 	 2.041501 
27.85 	 2.041501 
27.86 	 2.041501 
27.87 	 2.041501 
27.88 	 2.041501 
27.89 	 2.041501 
27.90 	 2.041501 
27.91 	 2.041501 
27.92 	 2.041501 
27.93 	 2.041501 
27.94 	 2.041501 
27.95 	 2.041501 
27.96 	 2.041501 
27.97 	 2.041501 
27.98 	 2.041501 
27.99 	 2.041501 
28.00 	 2.041501 
28.01 	 2.041501 
28.02 	 2.041501 
28.03 	 2.041501 
28.04 	 2.041501 
28.05 	 2.041501 
28.06 	 2.041501 
28.07 	 2.041501 
28.08 	 2.041501 
28.09 	 2.041501 
28.10 	 2.041501 
28.11 	 2.041501 
28.12 	 2.041501 
28.13 	 2.041501 
28.14 	 2.041501 
28.15 	 2.041501 
28.16 	 2.041501 
28.17 	 2.041501 
28.18 	 2.041501 
28.19 	 2.041501 
28.20 	 2.041501 
28.21 	 2.041501 
28.22 	 2.041501 
28.23 	 2.041501 
28.24 	 2.041501 
28.25 	 2.041501 
28.26 	 2.041501 
28.27 	 2.041501 
28.28 	 2.041501 
28.29 	 2.041501 
28.30 	 2.041501 
28.31 	 2.041501 
28.32 	 2.041501 
28.33 	 2.041501 
28.34 	 2.041501 
28.35 	 2.041501 
28.36 	 2.041501 
28.37 	 2.041501 
28.38 	 2.041501 
28.39 	 2.041501 
28.40 	 2.041501 
28.41 	 2.041501 
28.42 	 2.041501 
28.43 	 2.041501 
28.44 	 2.041501 
28.45 	 2.041501 
28.46 	 2.041501 
28.47 	 2.041501 
28.48 	 2.041501 
28.49 	 2.041501 
28.50 	 2.041501 
28.51 	 2.041501 
28.52 	 2.041501 
28.53 	 2.041501 
28.54 	 2.041501 
28.55 	 2.041501 
28.56 	 2.041501 
28.57 	 2.041501 
28.58 	 2.041501 
28.59 	 2.041501 
28.60 	 2.041501 
28.61 	 2.041501 
28.62 	 2.041501 
28.63 	 2.041501 
28.64 	 2.041501 
28.65 	 2.041501 
28.66 	 2.041501 
28.67 	 2.041501 
28.68 	 2.041501 
28.69 	 2.041501 
28.70 	 2.041501 
28.71 	 2.041501 
28.72 	 2.041501 
28.73 	 2.041501 
28.74 	 2.041501 
28.75 	 2.041501 
28.76 	 2.041501 
28.77 	 2.041501 
28.78 	 2.041501 
28.79 	 2.041501 
28.80 	 2.041501 
28.81 	 2.041501 
28.82 	 2.041501 
28.83 	 2.041501 
28.84 	 2.041501 
28.85 	 2.041501 
28.86 	 2.041501 
28.87 	 2.041501 
28.88 	 2.041501 
28.89 	 2.041501 
28.90 	 2.041501 
28.91 	 2.041501 
28.92 	 2.041501 
28.93 	 2.041501 
28.94 	 2.041501 
28.95 	 2.041501 
28.96 	 2.041501 
28.97 	 2.041501 
28.98 	 2.041501 
28.99 	 2.041501 
29.00 	 2.041501 
29.01 	 2.041501 
29.02 	 2.041501 
29.03 	 2.041501 
29.04 	 2.041501 
29.05 	 2.041501 
29.06 	 2.041501 
29.07 	 2.041501 
29.08 	 2.041501 
29.09 	 2.041501 
29.10 	 2.041501 
29.11 	 2.041501 
29.12 	 2.041501 
29.13 	 2.041501 
29.14 	 2.041501 
29.15 	 2.041501 
29.16 	 2.041501 
29.17 	 2.041501 
29.18 	 2.041501 
29.19 	 2.041501 
29.20 	 2.041501 
29.21 	 2.041501 
29.22 	 2.041501 
29.23 	 2.041501 
29.24 	 2.041501 
29.25 	 2.041501 
29.26 	 2.041501 
29.27 	 2.041501 
29.28 	 2.041501 
29.29 	 2.041501 
29.30 	 2.041501 
29.31 	 2.041501 
29.32 	 2.041501 
29.33 	 2.041501 
29.34 	 2.041501 
29.35 	 2.041501 
29.36 	 2.041501 
29.37 	 2.041501 
29.38 	 2.041501 
29.39 	 2.041501 
29.40 	 2.041501 
29.41 	 2.041501 
29.42 	 2.041501 
29.43 	 2.041501 
29.44 	 2.041501 
29.45 	 2.041501 
29.46 	 2.041501 
29.47 	 2.041501 
29.48 	 2.041501 
29.49 	 2.041501 
29.50 	 2.041501 
29.51 	 2.041501 
29.52 	 2.041501 
29.53 	 2.041501 
29.54 	 2.041501 
29.55 	 2.041501 
29.56 	 2.041501 
29.57 	 2.041501 
29.58 	 2.041501 
29.59 	 2.041501 
29.60 	 2.041501 
29.61 	 2.041501 
29.62 	 2.041501 
29.63 	 2.041501 
29.64 	 2.041501 
29.65 	 2.041501 
29.66 	 2.041501 
29.67 	 2.041501 
29.68 	 2.041501 
29.69 	 2.041501 
29.70 	 2.041501 
29.71 	 2.041501 
29.72 	 2.041501 
29.73 	 2.041501 
29.74 	 2.041501 
29.75 	 2.041501 
29.76 	 2.041501 
29.77 	 2.041501 
29.78 	 2.041501 
29.79 	 2.041501 
29.80 	 2.041501 
29.81 	 2.041501 
29.82 	 2.041501 
29.83 	 2.041501 
29.84 	 2.041501 
29.85 	 2.041501 
29.86 	 2.041501 
29.87 	 2.041501 
29.88 	 2.041501 
29.89 	 2.041501 
29.90 	 2.041501 
29.91 	 2.041501 
29.92 	 2.041501 
29.93 	 2.041501 
29.94 	 2.041501 
29.95 	 2.041501 
29.96 	 2.041501 
29.97 	 2.041501 
29.98 	 2.041501 
29.99 	 2.041501 
30.00 	 2.041501 
30.01 	 2.041501 
30.02 	 2.041501 
30.03 	 2.041501 
30.04 	 2.041501 
30.05 	 2.041501 
30.06 	 2.041501 
30.07 	 2.041501 
30.08 	 2.041501 
30.09 	 2.041501 
30.10 	 2.041501 
30.11 	 2.041501 
30.12 	 2.041501 
30.13 	 2.041501 
30.14 	 2.041501 
30.15 	 2.041501 
30.16 	 2.041501 
30.17 	 2.041501 
30.18 	 2.041501 
30.19 	 2.041501 
30.20 	 2.041501 
30.21 	 2.041501 
30.22 	 2.041501 
30.23 	 2.041501 
30.24 	 2.041501 
30.25 	 2.041501 
30.26 	 2.041501 
30.27 	 2.041501 
30.28 	 2.041501 
30.29 	 2.041501 
30.30 	 2.041501 
30.31 	 2.041501 
30.32 	 2.041501 
30.33 	 2.041501 
30.34 	 2.041501 
30.35 	 2.041501 
30.36 	 2.041501 
30.37 	 2.041501 
30.38 	 2.041501 
30.39 	 2.041501 
30.40 	 2.041501 
30.41 	 2.041501 
30.42 	 2.041501 
30.43 	 2.041501 
30.44 	 2.041501 
30.45 	 2.041501 
30.46 	 2.041501 
30.47 	 2.041501 
30.48 	 2.041501 
30.49 	 2.041501 
30.50 	 2.041501 
30.51 	 2.041501 
30.52 	 2.041501 
30.53 	 2.041501 
30.54 	 2.041501 
30.55 	 2.041501 
30.56 	 2.041501 
30.57 	 2.041501 
30.58 	 2.041501 
30.59 	 2.041501 
30.60 	 2.041501 
30.61 	 2.041501 
30.62 	 2.041501 
30.63 	 2.041501 
30.64 	 2.041501 
30.65 	 2.041501 
30.66 	 2.041501 
30.67 	 2.041501 
30.68 	 2.041501 
30.69 	 2.041501 
30.70 	 2.041501 
30.71 	 2.041501 
30.72 	 2.041501 
30.73 	 2.041501 
30.74 	 2.041501 
30.75 	 2.041501 
30.76 	 2.041501 
30.77 	 2.041501 
30.78 	 2.041501 
30.79 	 2.041501 
30.80 	 2.041501 
30.81 	 2.041501 
30.82 	 2.041501 
30.83 	 2.041501 
30.84 	 2.041501 
30.85 	 2.041501 
30.86 	 2.041501 
30.87 	 2.041501 
30.88 	 2.041501 
30.89 	 2.041501 
30.90 	 2.041501 
30.91 	 2.041501 
30.92 	 2.041501 
30.93 	 2.041501 
30.94 	 2.041501 
30.95 	 2.041501 
30.96 	 2.041501 
30.97 	 2.041501 
30.98 	 2.041501 
30.99 	 2.041501 
31.00 	 2.041501 
31.01 	 2.041501 
31.02 	 2.041501 
31.03 	 2.041501 
31.04 	 2.041501 
31.05 	 2.041501 
31.06 	 2.041501 
31.07 	 2.041501 
31.08 	 2.041501 
31.09 	 2.041501 
31.10 	 2.041501 
31.11 	 2.041501 
31.12 	 2.041501 
31.13 	 2.041501 
31.14 	 2.041501 
31.15 	 2.041501 
31.16 	 2.041501 
31.17 	 2.041501 
31.18 	 2.041501 
31.19 	 2.041501 
31.20 	 2.041501 
31.21 	 2.041501 
31.22 	 2.041501 
31.23 	 2.041501 
31.24 	 2.041501 
31.25 	 2.041501 
31.26 	 2.041501 
31.27 	 2.041501 
31.28 	 2.041501 
31.29 	 2.041501 
31.30 	 2.041501 
31.31 	 2.041501 
31.32 	 2.041501 
31.33 	 2.041501 
31.34 	 2.041501 
31.35 	 2.041501 
31.36 	 2.041501 
31.37 	 2.041501 
31.38 	 2.041501 
31.39 	 2.041501 
31.40 	 2.041501 
31.41 	 2.041501 
31.42 	 2.041501 
31.43 	 2.041501 
31.44 	 2.041501 
31.45 	 2.041501 
31.46 	 2.041501 
31.47 	 2.041501 
31.48 	 2.041501 
31.49 	 2.041501 
31.50 	 2.041501 
31.51 	 2.041501 
31.52 	 2.041501 
31.53 	 2.041501 
31.54 	 2.041501 
31.55 	 2.041501 
31.56 	 2.041501 
31.57 	 2.041501 
31.58 	 2.041501 
31.59 	 2.041501 
31.60 	 2.041501 
31.61 	 2.041501 
31.62 	 2.041501 
31.63 	 2.041501 
31.64 	 2.041501 
31.65 	 2.041501 
31.66 	 2.041501 
31.67 	 2.041501 
31.68 	 2.041501 
31.69 	 2.041501 
31.70 	 2.041501 
31.71 	 2.041501 
31.72 	 2.041501 
31.73 	 2.041501 
31.74 	 2.041501 
31.75 	 2.041501 
31.76 	 2.041501 
31.77 	 2.041501 
31.78 	 2.041501 
31.79 	 2.041501 
31.80 	 2.041501 
31.81 	 2.041501 
31.82 	 2.041501 
31.83 	 2.041501 
31.84 	 2.041501 
31.85 	 2.041501 
31.86 	 2.041501 
31.87 	 2.041501 
31.88 	 2.041501 
31.89 	 2.041501 
31.90 	 2.041501 
31.91 	 2.041501 
31.92 	 2.041501 
31.93 	 2.041501 
31.94 	 2.041501 
31.95 	 2.041501 
31.96 	 2.041501 
31.97 	 2.041501 
31.98 	 2.041501 
31.99 	 2.041501 
32.00 	 2.041501 
32.01 	 2.041501 
32.02 	 2.041501 
32.03 	 2.041501 
32.04 	 2.041501 
32.05 	 2.041501 
32.06 	 2.041501 
32.07 	 2.041501 
32.08 	 2.041501 
32.09 	 2.041501 
32.10 	 2.041501 
32.11 	 2.041501 
32.12 	 2.041501 
32.13 	 2.041501 
32.14 	 2.041501 
32.15 	 2.041501 
32.16 	 2.041501 
32.17 	 2.041501 
32.18 	 2.041501 
32.19 	 2.041501 
32.20 	 2.041501 
32.21 	 2.041501 
32.22 	 2.041501 
32.23 	 2.041501 
32.24 	 2.041501 
32.25 	 2.041501 
32.26 	 2.041501 
32.27 	 2.041501 
32.28 	 2.041501 
32.29 	 2.041501 
32.30 	 2.041501 
32.31 	 2.041501 
32.32 	 2.041501 
32.33 	 2.041501 
32.34 	 2.041501 
32.35 	 2.041501 
32.36 	 2.041501 
32.37 	 2.041501 
32.38 	 2.041501 
32.39 	 2.041501 
32.40 	 2.041501 
32.41 	 2.041501 
32.42 	 2.041501 
32.43 	 2.041501 
32.44 	 2.041501 
32.45 	 2.041501 
32.46 	 2.041501 
32.47 	 2.041501 
32.48 	 2.041501 
32.49 	 2.041501 
32.50 	 2.041501 
32.51 	 2.041501 
32.52 	 2.041501 
32.53 	 2.041501 
32.54 	 2.041501 
32.55 	 2.041501 
32.56 	 2.041501 
32.57 	 2.041501 
32.58 	 2.041501 
32.59 	 2.041501 
32.60 	 2.041501 
32.61 	 2.041501 
32.62 	 2.041501 
32.63 	 2.041501 
32.64 	 2.041501 
32.65 	 2.041501 
32.66 	 2.041501 
32.67 	 2.041501 
32.68 	 2.041501 
32.69 	 2.041501 
32.70 	 2.041501 
32.71 	 2.041501 
32.72 	 2.041501 
32.73 	 2.041501 
32.74 	 2.041501 
32.75 	 2.041501 
32.76 	 2.041501 
32.77 	 2.041501 
32.78 	 2.041501 
32.79 	 2.041501 
32.80 	 2.041501 
32.81 	 2.041501 
32.82 	 2.041501 
32.83 	 2.041501 
32.84 	 2.041501 
32.85 	 2.041501 
32.86 	 2.041501 
32.87 	 2.041501 
32.88 	 2.041501 
32.89 	 2.041501 
32.90 	 2.041501 
32.91 	 2.041501 
32.92 	 2.041501 
32.93 	 2.041501 
32.94 	 2.041501 
32.95 	 2.041501 
32.96 	 2.041501 
32.97 	 2.041501 
32.98 	 2.041501 
32.99 	 2.041501 
33.00 	 2.041501 
33.01 	 2.041501 
33.02 	 2.041501 
33.03 	 2.041501 
33.04 	 2.041501 
33.05 	 2.041501 
33.06 	 2.041501 
33.07 	 2.041501 
33.08 	 2.041501 
33.09 	 2.041501 
33.10 	 2.041501 
33.11 	 2.041501 
33.12 	 2.041501 
33.13 	 2.041501 
33.14 	 2.041501 
33.15 	 2.041501 
33.16 	 2.041501 
33.17 	 2.041501 
33.18 	 2.041501 
33.19 	 2.041501 
33.20 	 2.041501 
33.21 	 2.041501 
33.22 	 2.041501 
33.23 	 2.041501 
33.24 	 2.041501 
33.25 	 2.041501 
33.26 	 2.041501 
33.27 	 2.041501 
33.28 	 2.041501 
33.29 	 2.041501 
33.30 	 2.041501 
33.31 	 2.041501 
33.32 	 2.041501 
33.33 	 2.041501 
33.34 	 2.041501 
33.35 	 2.041501 
33.36 	 2.041501 
33.37 	 2.041501 
33.38 	 2.041501 
33.39 	 2.041501 
33.40 	 2.041501 
33.41 	 2.041501 
33.42 	 2.041501 
33.43 	 2.041501 
33.44 	 2.041501 
33.45 	 2.041501 
33.46 	 2.041501 
33.47 	 2.041501 
33.48 	 2.041501 
33.49 	 2.041501 
33.50 	 2.041501 
33.51 	 2.041501 
33.52 	 2.041501 
33.53 	 2.041501 
33.54 	 2.041501 
33.55 	 2.041501 
33.56 	 2.041501 
33.57 	 2.041501 
33.58 	 2.041501 
33.59 	 2.041501 
33.60 	 2.041501 
33.61 	 2.041501 
33.62 	 2.041501 
33.63 	 2.041501 
33.64 	 2.041501 
33.65 	 2.041501 
33.66 	 2.041501 
33.67 	 2.041501 
33.68 	 2.041501 
33.69 	 2.041501 
33.70 	 2.041501 
33.71 	 2.041501 
33.72 	 2.041501 
33.73 	 2.041501 
33.74 	 2.041501 
33.75 	 2.041501 
33.76 	 2.041501 
33.77 	 2.041501 
33.78 	 2.041501 
33.79 	 2.041501 
33.80 	 2.041501 
33.81 	 2.041501 
33.82 	 2.041501 
33.83 	 2.041501 
33.84 	 2.041501 
33.85 	 2.041501 
33.86 	 2.041501 
33.87 	 2.041501 
33.88 	 2.041501 
33.89 	 2.041501 
33.90 	 2.041501 
33.91 	 2.041501 
33.92 	 2.041501 
33.93 	 2.041501 
33.94 	 2.041501 
33.95 	 2.041501 
33.96 	 2.041501 
33.97 	 2.041501 
33.98 	 2.041501 
33.99 	 2.041501 
34.00 	 2.041501 
34.01 	 2.041501 
34.02 	 2.041501 
34.03 	 2.041501 
34.04 	 2.041501 
34.05 	 2.041501 
34.06 	 2.041501 
34.07 	 2.041501 
34.08 	 2.041501 
34.09 	 2.041501 
34.10 	 2.041501 
34.11 	 2.041501 
34.12 	 2.041501 
34.13 	 2.041501 
34.14 	 2.041501 
34.15 	 2.041501 
34.16 	 2.041501 
34.17 	 2.041501 
34.18 	 2.041501 
34.19 	 2.041501 
34.20 	 2.041501 
34.21 	 2.041501 
34.22 	 2.041501 
34.23 	 2.041501 
34.24 	 2.041501 
34.25 	 2.041501 
34.26 	 2.041501 
34.27 	 2.041501 
34.28 	 2.041501 
34.29 	 2.041501 
34.30 	 2.041501 
34.31 	 2.041501 
34.32 	 2.041501 
34.33 	 2.041501 
34.34 	 2.041501 
34.35 	 2.041501 
34.36 	 2.041501 
34.37 	 2.041501 
34.38 	 2.041501 
34.39 	 2.041501 
34.40 	 2.041501 
34.41 	 2.041501 
34.42 	 2.041501 
34.43 	 2.041501 
34.44 	 2.041501 
34.45 	 2.041501 
34.46 	 2.041501 
34.47 	 2.041501 
34.48 	 2.041501 
34.49 	 2.041501 
34.50 	 2.041501 
34.51 	 2.041501 
34.52 	 2.041501 
34.53 	 2.041501 
34.54 	 2.041501 
34.55 	 2.041501 
34.56 	 2.041501 
34.57 	 2.041501 
34.58 	 2.041501 
34.59 	 2.041501 
34.60 	 2.041501 
34.61 	 2.041501 
34.62 	 2.041501 
34.63 	 2.041501 
34.64 	 2.041501 
34.65 	 2.041501 
34.66 	 2.041501 
34.67 	 2.041501 
34.68 	 2.041501 
34.69 	 2.041501 
34.70 	 2.041501 
34.71 	 2.041501 
34.72 	 2.041501 
34.73 	 2.041501 
34.74 	 2.041501 
34.75 	 2.041501 
34.76 	 2.041501 
34.77 	 2.041501 
34.78 	 2.041501 
34.79 	 2.041501 
34.80 	 2.041501 
34.81 	 2.041501 
34.82 	 2.041501 
34.83 	 2.041501 
34.84 	 2.041501 
34.85 	 2.041501 
34.86 	 2.041501 
34.87 	 2.041501 
34.88 	 2.041501 
34.89 	 2.041501 
34.90 	 2.041501 
34.91 	 2.041501 
34.92 	 2.041501 
34.93 	 2.041501 
34.94 	 2.041501 
34.95 	 2.041501 
34.96 	 2.041501 
34.97 	 2.041501 
34.98 	 2.041501 
34.99 	 2.041501 
35.00 	 2.041501 
35.01 	 2.041501 
35.02 	 2.041501 
35.03 	 2.041501 
35.04 	 2.041501 
35.05 	 2.041501 
35.06 	 2.041501 
35.07 	 2.041501 
35.08 	 2.041501 
35.09 	 2.041501 
35.10 	 2.041501 
35.11 	 2.041501 
35.12 	 2.041501 
35.13 	 2.041501 
35.14 	 2.041501 
35.15 	 2.041501 
35.16 	 2.041501 
35.17 	 2.041501 
35.18 	 2.041501 
35.19 	 2.041501 
35.20 	 2.041501 
35.21 	 2.041501 
35.22 	 2.041501 
35.23 	 2.041501 
35.24 	 2.041501 
35.25 	 2.041501 
35.26 	 2.041501 
35.27 	 2.041501 
35.28 	 2.041501 
35.29 	 2.041501 
35.30 	 2.041501 
35.31 	 2.041501 
35.32 	 2.041501 
35.33 	 2.041501 
35.34 	 2.041501 
35.35 	 2.041501 
35.36 	 2.041501 
35.37 	 2.041501 
35.38 	 2.041501 
35.39 	 2.041501 
35.40 	 2.041501 
35.41 	 2.041501 
35.42 	 2.041501 
35.43 	 2.041501 
35.44 	 2.041501 
35.45 	 2.041501 
35.46 	 2.041501 
35.47 	 2.041501 
35.48 	 2.041501 
35.49 	 2.041501 
35.50 	 2.041501 
35.51 	 2.041501 
35.52 	 2.041501 
35.53 	 2.041501 
35.54 	 2.041501 
35.55 	 2.041501 
35.56 	 2.041501 
35.57 	 2.041501 
35.58 	 2.041501 
35.59 	 2.041501 
35.60 	 2.041501 
35.61 	 2.041501 
35.62 	 2.041501 
35.63 	 2.041501 
35.64 	 2.041501 
35.65 	 2.041501 
35.66 	 2.041501 
35.67 	 2.041501 
35.68 	 2.041501 
35.69 	 2.041501 
35.70 	 2.041501 
35.71 	 2.041501 
35.72 	 2.041501 
35.73 	 2.041501 
35.74 	 2.041501 
35.75 	 2.041501 
35.76 	 2.041501 
35.77 	 2.041501 
35.78 	 2.041501 
35.79 	 2.041501 
35.80 	 2.041501 
35.81 	 2.041501 
35.82 	 2.041501 
35.83 	 2.041501 
35.84 	 2.041501 
35.85 	 2.041501 
35.86 	 2.041501 
35.87 	 2.041501 
35.88 	 2.041501 
35.89 	 2.041501 
35.90 	 2.041501 
35.91 	 2.041501 
35.92 	 2.041501 
35.93 	 2.041501 
35.94 	 2.041501 
35.95 	 2.041501 
35.96 	 2.041501 
35.97 	 2.041501 
35.98 	 2.041501 
35.99 	 2.041501 
36.00 	 2.041501 
36.01 	 2.041501 
36.02 	 2.041501 
36.03 	 2.041501 
36.04 	 2.041501 
36.05 	 2.041501 
36.06 	 2.041501 
36.07 	 2.041501 
36.08 	 2.041501 
36.09 	 2.041501 
36.10 	 2.041501 
36.11 	 2.041501 
36.12 	 2.041501 
36.13 	 2.041501 
36.14 	 2.041501 
36.15 	 2.041501 
36.16 	 2.041501 
36.17 	 2.041501 
36.18 	 2.041501 
36.19 	 2.041501 
36.20 	 2.041501 
36.21 	 2.041501 
36.22 	 2.041501 
36.23 	 2.041501 
36.24 	 2.041501 
36.25 	 2.041501 
36.26 	 2.041501 
36.27 	 2.041501 
36.28 	 2.041501 
36.29 	 2.041501 
36.30 	 2.041501 
36.31 	 2.041501 
36.32 	 2.041501 
36.33 	 2.041501 
36.34 	 2.041501 
36.35 	 2.041501 
36.36 	 2.041501 
36.37 	 2.041501 
36.38 	 2.041501 
36.39 	 2.041501 
36.40 	 2.041501 
36.41 	 2.041501 
36.42 	 2.041501 
36.43 	 2.041501 
36.44 	 2.041501 
36.45 	 2.041501 
36.46 	 2.041501 
36.47 	 2.041501 
36.48 	 2.041501 
36.49 	 2.041501 
36.50 	 2.041501 
36.51 	 2.041501 
36.52 	 2.041501 
36.53 	 2.041501 
36.54 	 2.041501 
36.55 	 2.041501 
36.56 	 2.041501 
36.57 	 2.041501 
36.58 	 2.041501 
36.59 	 2.041501 
36.60 	 2.041501 
36.61 	 2.041501 
36.62 	 2.041501 
36.63 	 2.041501 
36.64 	 2.041501 
36.65 	 2.041501 
36.66 	 2.041501 
36.67 	 2.041501 
36.68 	 2.041501 
36.69 	 2.041501 
36.70 	 2.041501 
36.71 	 2.041501 
36.72 	 2.041501 
36.73 	 2.041501 
36.74 	 2.041501 
36.75 	 2.041501 
36.76 	 2.041501 
36.77 	 2.041501 
36.78 	 2.041501 
36.79 	 2.041501 
36.80 	 2.041501 
36.81 	 2.041501 
36.82 	 2.041501 
36.83 	 2.041501 
36.84 	 2.041501 
36.85 	 2.041501 
36.86 	 2.041501 
36.87 	 2.041501 
36.88 	 2.041501 
36.89 	 2.041501 
36.90 	 2.041501 
36.91 	 2.041501 
36.92 	 2.041501 
36.93 	 2.041501 
36.94 	 2.041501 
36.95 	 2.041501 
36.96 	 2.041501 
36.97 	 2.041501 
36.98 	 2.041501 
36.99 	 2.041501 
37.00 	 2.041501 
37.01 	 2.041501 
37.02 	 2.041501 
37.03 	 2.041501 
37.04 	 2.041501 
37.05 	 2.041501 
37.06 	 2.041501 
37.07 	 2.041501 
37.08 	 2.041501 
37.09 	 2.041501 
37.10 	 2.041501 
37.11 	 2.041501 
37.12 	 2.041501 
37.13 	 2.041501 
37.14 	 2.041501 
37.15 	 2.041501 
37.16 	 2.041501 
37.17 	 2.041501 
37.18 	 2.041501 
37.19 	 2.041501 
37.20 	 2.041501 
37.21 	 2.041501 
37.22 	 2.041501 
37.23 	 2.041501 
37.24 	 2.041501 
37.25 	 2.041501 
37.26 	 2.041501 
37.27 	 2.041501 
37.28 	 2.041501 
37.29 	 2.041501 
37.30 	 2.041501 
37.31 	 2.041501 
37.32 	 2.041501 
37.33 	 2.041501 
37.34 	 2.041501 
37.35 	 2.041501 
37.36 	 2.041501 
37.37 	 2.041501 
37.38 	 2.041501 
37.39 	 2.041501 
37.40 	 2.041501 
37.41 	 2.041501 
37.42 	 2.041501 
37.43 	 2.041501 
37.44 	 2.041501 
37.45 	 2.041501 
37.46 	 2.041501 
37.47 	 2.041501 
37.48 	 2.041501 
37.49 	 2.041501 
37.50 	 2.041501 
37.51 	 2.041501 
37.52 	 2.041501 
37.53 	 2.041501 
37.54 	 2.041501 
37.55 	 2.041501 
37.56 	 2.041501 
37.57 	 2.041501 
37.58 	 2.041501 
37.59 	 2.041501 
37.60 	 2.041501 
37.61 	 2.041501 
37.62 	 2.041501 
37.63 	 2.041501 
37.64 	 2.041501 
37.65 	 2.041501 
37.66 	 2.041501 
37.67 	 2.041501 
37.68 	 2.041501 
37.69 	 2.041501 
37.70 	 2.041501 
37.71 	 2.041501 
37.72 	 2.041501 
37.73 	 2.041501 
37.74 	 2.041501 
37.75 	 2.041501 
37.76 	 2.041501 
37.77 	 2.041501 
37.78 	 2.041501 
37.79 	 2.041501 
37.80 	 2.041501 
37.81 	 2.041501 
37.82 	 2.041501 
37.83 	 2.041501 
37.84 	 2.041501 
37.85 	 2.041501 
37.86 	 2.041501 
37.87 	 2.041501 
37.88 	 2.041501 
37.89 	 2.041501 
37.90 	 2.041501 
37.91 	 2.041501 
37.92 	 2.041501 
37.93 	 2.041501 
37.94 	 2.041501 
37.95 	 2.041501 
37.96 	 2.041501 
37.97 	 2.041501 
37.98 	 2.041501 
37.99 	 2.041501 
38.00 	 2.041501 
38.01 	 2.041501 
38.02 	 2.041501 
38.03 	 2.041501 
38.04 	 2.041501 
38.05 	 2.041501 
38.06 	 2.041501 
38.07 	 2.041501 
38.08 	 2.041501 
38.09 	 2.041501 
38.10 	 2.041501 
38.11 	 2.041501 
38.12 	 2.041501 
38.13 	 2.041501 
38.14 	 2.041501 
38.15 	 2.041501 
38.16 	 2.041501 
38.17 	 2.041501 
38.18 	 2.041501 
38.19 	 2.041501 
38.20 	 2.041501 
38.21 	 2.041501 
38.22 	 2.041501 
38.23 	 2.041501 
38.24 	 2.041501 
38.25 	 2.041501 
38.26 	 2.041501 
38.27 	 2.041501 
38.28 	 2.041501 
38.29 	 2.041501 
38.30 	 2.041501 
38.31 	 2.041501 
38.32 	 2.041501 
38.33 	 2.041501 
38.34 	 2.041501 
38.35 	 2.041501 
38.36 	 2.041501 
38.37 	 2.041501 
38.38 	 2.041501 
38.39 	 2.041501 
38.40 	 2.041501 
38.41 	 2.041501 
38.42 	 2.041501 
38.43 	 2.041501 
38.44 	 2.041501 
38.45 	 2.041501 
38.46 	 2.041501 
38.47 	 2.041501 
38.48 	 2.041501 
38.49 	 2.041501 
38.50 	 2.041501 
38.51 	 2.041501 
38.52 	 2.041501 
38.53 	 2.041501 
38.54 	 2.041501 
38.55 	 2.041501 
38.56 	 2.041501 
38.57 	 2.041501 
38.58 	 2.041501 
38.59 	 2.041501 
38.60 	 2.041501 
38.61 	 2.041501 
38.62 	 2.041501 
38.63 	 2.041501 
38.64 	 2.041501 
38.65 	 2.041501 
38.66 	 2.041501 
38.67 	 2.041501 
38.68 	 2.041501 
38.69 	 2.041501 
38.70 	 2.041501 
38.71 	 2.041501 
38.72 	 2.041501 
38.73 	 2.041501 
38.74 	 2.041501 
38.75 	 2.041501 
38.76 	 2.041501 
38.77 	 2.041501 
38.78 	 2.041501 
38.79 	 2.041501 
38.80 	 2.041501 
38.81 	 2.041501 
38.82 	 2.041501 
38.83 	 2.041501 
38.84 	 2.041501 
38.85 	 2.041501 
38.86 	 2.041501 
38.87 	 2.041501 
38.88 	 2.041501 
38.89 	 2.041501 
38.90 	 2.041501 
38.91 	 2.041501 
38.92 	 2.041501 
38.93 	 2.041501 
38.94 	 2.041501 
38.95 	 2.041501 
38.96 	 2.041501 
38.97 	 2.041501 
38.98 	 2.041501 
38.99 	 2.041501 
39.00 	 2.041501 
39.01 	 2.041501 
39.02 	 2.041501 
39.03 	 2.041501 
39.04 	 2.041501 
39.05 	 2.041501 
39.06 	 2.041501 
39.07 	 2.041501 
39.08 	 2.041501 
39.09 	 2.041501 
39.10 	 2.041501 
39.11 	 2.041501 
39.12 	 2.041501 
39.13 	 2.041501 
39.14 	 2.041501 
39.15 	 2.041501 
39.16 	 2.041501 
39.17 	 2.041501 
39.18 	 2.041501 
39.19 	 2.041501 
39.20 	 2.041501 
39.21 	 2.041501 
39.22 	 2.041501 
39.23 	 2.041501 
39.24 	 2.041501 
39.25 	 2.041501 
39.26 	 2.041501 
39.27 	 2.041501 
39.28 	 2.041501 
39.29 	 2.041501 
39.30 	 2.041501 
39.31 	 2.041501 
39.32 	 2.041501 
39.33 	 2.041501 
39.34 	 2.041501 
39.35 	 2.041501 
39.36 	 2.041501 
39.37 	 2.041501 
39.38 	 2.041501 
39.39 	 2.041501 
39.40 	 2.041501 
39.41 	 2.041501 
39.42 	 2.041501 
39.43 	 2.041501 
39.44 	 2.041501 
39.45 	 2.041501 
39.46 	 2.041501 
39.47 	 2.041501 
39.48 	 2.041501 
39.49 	 2.041501 
39.50 	 2.041501 
39.51 	 2.041501 
39.52 	 2.041501 
39.53 	 2.041501 
39.54 	 2.041501 
39.55 	 2.041501 
39.56 	 2.041501 
39.57 	 2.041501 
39.58 	 2.041501 
39.59 	 2.041501 
39.60 	 2.041501 
39.61 	 2.041501 
39.62 	 2.041501 
39.63 	 2.041501 
39.64 	 2.041501 
39.65 	 2.041501 
39.66 	 2.041501 
39.67 	 2.041501 
39.68 	 2.041501 
39.69 	 2.041501 
39.70 	 2.041501 
39.71 	 2.041501 
39.72 	 2.041501 
39.73 	 2.041501 
39.74 	 2.041501 
39.75 	 2.041501 
39.76 	 2.041501 
39.77 	 2.041501 
39.78 	 2.041501 
39.79 	 2.041501 
39.80 	 2.041501 
39.81 	 2.041501 
39.82 	 2.041501 
39.83 	 2.041501 
39.84 	 2.041501 
39.85 	 2.041501 
39.86 	 2.041501 
39.87 	 2.041501 
39.88 	 2.041501 
39.89 	 2.041501 
39.90 	 2.041501 
39.91 	 2.041501 
39.92 	 2.041501 
39.93 	 2.041501 
39.94 	 2.041501 
39.95 	 2.041501 
39.96 	 2.041501 
39.97 	 2.041501 
39.98 	 2.041501 
39.99 	 2.041501 
