0.00 	 3.141500 
0.01 	 3.141500 
0.02 	 3.141500 
0.03 	 3.141499 
0.04 	 3.141499 
0.05 	 3.141499 
0.06 	 3.141499 
0.07 	 3.141498 
0.08 	 3.141498 
0.09 	 3.141498 
0.10 	 3.141498 
0.11 	 3.141497 
0.12 	 3.141497 
0.13 	 3.141497 
0.14 	 3.141497 
0.15 	 3.141496 
0.16 	 3.141496 
0.17 	 3.141496 
0.18 	 3.141496 
0.19 	 3.141495 
0.20 	 3.141495 
0.21 	 3.141495 
0.22 	 3.141495 
0.23 	 3.141495 
0.24 	 3.141494 
0.25 	 3.141494 
0.26 	 3.141494 
0.27 	 3.141494 
0.28 	 3.141493 
0.29 	 3.141493 
0.30 	 3.141493 
0.31 	 3.141493 
0.32 	 3.141492 
0.33 	 3.141492 
0.34 	 3.141492 
0.35 	 3.141492 
0.36 	 3.141491 
0.37 	 3.141491 
0.38 	 3.141491 
0.39 	 3.141490 
0.40 	 3.141490 
0.41 	 3.141490 
0.42 	 3.141490 
0.43 	 3.141489 
0.44 	 3.141489 
0.45 	 3.141489 
0.46 	 3.141489 
0.47 	 3.141488 
0.48 	 3.141488 
0.49 	 3.141488 
0.50 	 3.141488 
0.51 	 3.141487 
0.52 	 3.141487 
0.53 	 3.141487 
0.54 	 3.141487 
0.55 	 3.141486 
0.56 	 3.141486 
0.57 	 3.141486 
0.58 	 3.141486 
0.59 	 3.141485 
0.60 	 3.141485 
0.61 	 3.141485 
0.62 	 3.141484 
0.63 	 3.141484 
0.64 	 3.141484 
0.65 	 3.141484 
0.66 	 3.141483 
0.67 	 3.141483 
0.68 	 3.141483 
0.69 	 3.141483 
0.70 	 3.141482 
0.71 	 3.141482 
0.72 	 3.141482 
0.73 	 3.141481 
0.74 	 3.141481 
0.75 	 3.141481 
0.76 	 3.141481 
0.77 	 3.141480 
0.78 	 3.141480 
0.79 	 3.141480 
0.80 	 3.141479 
0.81 	 3.141479 
0.82 	 3.141479 
0.83 	 3.141479 
0.84 	 3.141478 
0.85 	 3.141478 
0.86 	 3.141478 
0.87 	 3.141477 
0.88 	 3.141477 
0.89 	 3.141477 
0.90 	 3.141477 
0.91 	 3.141476 
0.92 	 3.141476 
0.93 	 3.141476 
0.94 	 3.141475 
0.95 	 3.141475 
0.96 	 3.141475 
0.97 	 3.141475 
0.98 	 3.141474 
0.99 	 3.141474 
1.00 	 3.141474 
1.01 	 3.141473 
1.02 	 3.141473 
1.03 	 3.141473 
1.04 	 3.141472 
1.05 	 3.141472 
1.06 	 3.141472 
1.07 	 3.141472 
1.08 	 3.141471 
1.09 	 3.141471 
1.10 	 3.141471 
1.11 	 3.141470 
1.12 	 3.141470 
1.13 	 3.141470 
1.14 	 3.141469 
1.15 	 3.141469 
1.16 	 3.141469 
1.17 	 3.141468 
1.18 	 3.141468 
1.19 	 3.141468 
1.20 	 3.141467 
1.21 	 3.141467 
1.22 	 3.141467 
1.23 	 3.141467 
1.24 	 3.141466 
1.25 	 3.141466 
1.26 	 3.141466 
1.27 	 3.141465 
1.28 	 3.141465 
1.29 	 3.141465 
1.30 	 3.141464 
1.31 	 3.141464 
1.32 	 3.141464 
1.33 	 3.141463 
1.34 	 3.141463 
1.35 	 3.141463 
1.36 	 3.141462 
1.37 	 3.141462 
1.38 	 3.141462 
1.39 	 3.141461 
1.40 	 3.141461 
1.41 	 3.141461 
1.42 	 3.141460 
1.43 	 3.141460 
1.44 	 3.141460 
1.45 	 3.141459 
1.46 	 3.141459 
1.47 	 3.141459 
1.48 	 3.141458 
1.49 	 3.141458 
1.50 	 3.141458 
1.51 	 3.141457 
1.52 	 3.141457 
1.53 	 3.141457 
1.54 	 3.141456 
1.55 	 3.141456 
1.56 	 3.141456 
1.57 	 3.141455 
1.58 	 3.141455 
1.59 	 3.141455 
1.60 	 3.141454 
1.61 	 3.141454 
1.62 	 3.141454 
1.63 	 3.141453 
1.64 	 3.141453 
1.65 	 3.141453 
1.66 	 3.141452 
1.67 	 3.141452 
1.68 	 3.141451 
1.69 	 3.141451 
1.70 	 3.141451 
1.71 	 3.141450 
1.72 	 3.141450 
1.73 	 3.141450 
1.74 	 3.141449 
1.75 	 3.141449 
1.76 	 3.141449 
1.77 	 3.141448 
1.78 	 3.141448 
1.79 	 3.141448 
1.80 	 3.141447 
1.81 	 3.141447 
1.82 	 3.141446 
1.83 	 3.141446 
1.84 	 3.141446 
1.85 	 3.141445 
1.86 	 3.141445 
1.87 	 3.141445 
1.88 	 3.141444 
1.89 	 3.141444 
1.90 	 3.141443 
1.91 	 3.141443 
1.92 	 3.141443 
1.93 	 3.141442 
1.94 	 3.141442 
1.95 	 3.141442 
1.96 	 3.141441 
1.97 	 3.141441 
1.98 	 3.141440 
1.99 	 3.141440 
2.00 	 3.141440 
2.01 	 3.141439 
2.02 	 3.141439 
2.03 	 3.141439 
2.04 	 3.141438 
2.05 	 3.141438 
2.06 	 3.141437 
2.07 	 3.141437 
2.08 	 3.141437 
2.09 	 3.141436 
2.10 	 3.141436 
2.11 	 3.141435 
2.12 	 3.141435 
2.13 	 3.141435 
2.14 	 3.141434 
2.15 	 3.141434 
2.16 	 3.141433 
2.17 	 3.141433 
2.18 	 3.141433 
2.19 	 3.141432 
2.20 	 3.141432 
2.21 	 3.141431 
2.22 	 3.141431 
2.23 	 3.141431 
2.24 	 3.141430 
2.25 	 3.141430 
2.26 	 3.141429 
2.27 	 3.141429 
2.28 	 3.141429 
2.29 	 3.141428 
2.30 	 3.141428 
2.31 	 3.141427 
2.32 	 3.141427 
2.33 	 3.141427 
2.34 	 3.141426 
2.35 	 3.141426 
2.36 	 3.141425 
2.37 	 3.141425 
2.38 	 3.141424 
2.39 	 3.141424 
2.40 	 3.141424 
2.41 	 3.141423 
2.42 	 3.141423 
2.43 	 3.141422 
2.44 	 3.141422 
2.45 	 3.141421 
2.46 	 3.141421 
2.47 	 3.141421 
2.48 	 3.141420 
2.49 	 3.141420 
2.50 	 3.141419 
2.51 	 3.141419 
2.52 	 3.141418 
2.53 	 3.141418 
2.54 	 3.141418 
2.55 	 3.141417 
2.56 	 3.141417 
2.57 	 3.141416 
2.58 	 3.141416 
2.59 	 3.141415 
2.60 	 3.141415 
2.61 	 3.141414 
2.62 	 3.141414 
2.63 	 3.141414 
2.64 	 3.141413 
2.65 	 3.141413 
2.66 	 3.141412 
2.67 	 3.141412 
2.68 	 3.141411 
2.69 	 3.141411 
2.70 	 3.141410 
2.71 	 3.141410 
2.72 	 3.141409 
2.73 	 3.141409 
2.74 	 3.141409 
2.75 	 3.141408 
2.76 	 3.141408 
2.77 	 3.141407 
2.78 	 3.141407 
2.79 	 3.141406 
2.80 	 3.141406 
2.81 	 3.141405 
2.82 	 3.141405 
2.83 	 3.141404 
2.84 	 3.141404 
2.85 	 3.141403 
2.86 	 3.141403 
2.87 	 3.141402 
2.88 	 3.141402 
2.89 	 3.141401 
2.90 	 3.141401 
2.91 	 3.141401 
2.92 	 3.141400 
2.93 	 3.141400 
2.94 	 3.141399 
2.95 	 3.141399 
2.96 	 3.141398 
2.97 	 3.141398 
2.98 	 3.141397 
2.99 	 3.141397 
3.00 	 3.141396 
3.01 	 3.141396 
3.02 	 3.141395 
3.03 	 3.141395 
3.04 	 3.141394 
3.05 	 3.141394 
3.06 	 3.141393 
3.07 	 3.141393 
3.08 	 3.141392 
3.09 	 3.141392 
3.10 	 3.141391 
3.11 	 3.141391 
3.12 	 3.141390 
3.13 	 3.141390 
3.14 	 3.141389 
3.15 	 3.141389 
3.16 	 3.141388 
3.17 	 3.141388 
3.18 	 3.141387 
3.19 	 3.141387 
3.20 	 3.141386 
3.21 	 3.141386 
3.22 	 3.141385 
3.23 	 3.141384 
3.24 	 3.141384 
3.25 	 3.141383 
3.26 	 3.141383 
3.27 	 3.141382 
3.28 	 3.141382 
3.29 	 3.141381 
3.30 	 3.141381 
3.31 	 3.141380 
3.32 	 3.141380 
3.33 	 3.141379 
3.34 	 3.141379 
3.35 	 3.141378 
3.36 	 3.141378 
3.37 	 3.141377 
3.38 	 3.141377 
3.39 	 3.141376 
3.40 	 3.141375 
3.41 	 3.141375 
3.42 	 3.141374 
3.43 	 3.141374 
3.44 	 3.141373 
3.45 	 3.141373 
3.46 	 3.141372 
3.47 	 3.141372 
3.48 	 3.141371 
3.49 	 3.141370 
3.50 	 3.141370 
3.51 	 3.141369 
3.52 	 3.141369 
3.53 	 3.141368 
3.54 	 3.141368 
3.55 	 3.141367 
3.56 	 3.141367 
3.57 	 3.141366 
3.58 	 3.141365 
3.59 	 3.141365 
3.60 	 3.141364 
3.61 	 3.141364 
3.62 	 3.141363 
3.63 	 3.141363 
3.64 	 3.141362 
3.65 	 3.141361 
3.66 	 3.141361 
3.67 	 3.141360 
3.68 	 3.141360 
3.69 	 3.141359 
3.70 	 3.141358 
3.71 	 3.141358 
3.72 	 3.141357 
3.73 	 3.141357 
3.74 	 3.141356 
3.75 	 3.141355 
3.76 	 3.141355 
3.77 	 3.141354 
3.78 	 3.141354 
3.79 	 3.141353 
3.80 	 3.141353 
3.81 	 3.141352 
3.82 	 3.141351 
3.83 	 3.141351 
3.84 	 3.141350 
3.85 	 3.141349 
3.86 	 3.141349 
3.87 	 3.141348 
3.88 	 3.141348 
3.89 	 3.141347 
3.90 	 3.141346 
3.91 	 3.141346 
3.92 	 3.141345 
3.93 	 3.141345 
3.94 	 3.141344 
3.95 	 3.141343 
3.96 	 3.141343 
3.97 	 3.141342 
3.98 	 3.141341 
3.99 	 3.141341 
4.00 	 3.141340 
4.01 	 3.141340 
4.02 	 3.141339 
4.03 	 3.141338 
4.04 	 3.141338 
4.05 	 3.141337 
4.06 	 3.141336 
4.07 	 3.141336 
4.08 	 3.141335 
4.09 	 3.141334 
4.10 	 3.141334 
4.11 	 3.141333 
4.12 	 3.141332 
4.13 	 3.141332 
4.14 	 3.141331 
4.15 	 3.141330 
4.16 	 3.141330 
4.17 	 3.141329 
4.18 	 3.141329 
4.19 	 3.141328 
4.20 	 3.141327 
4.21 	 3.141327 
4.22 	 3.141326 
4.23 	 3.141325 
4.24 	 3.141325 
4.25 	 3.141324 
4.26 	 3.141323 
4.27 	 3.141322 
4.28 	 3.141322 
4.29 	 3.141321 
4.30 	 3.141320 
4.31 	 3.141320 
4.32 	 3.141319 
4.33 	 3.141318 
4.34 	 3.141318 
4.35 	 3.141317 
4.36 	 3.141316 
4.37 	 3.141316 
4.38 	 3.141315 
4.39 	 3.141314 
4.40 	 3.141314 
4.41 	 3.141313 
4.42 	 3.141312 
4.43 	 3.141311 
4.44 	 3.141311 
4.45 	 3.141310 
4.46 	 3.141309 
4.47 	 3.141309 
4.48 	 3.141308 
4.49 	 3.141307 
4.50 	 3.141306 
4.51 	 3.141306 
4.52 	 3.141305 
4.53 	 3.141304 
4.54 	 3.141304 
4.55 	 3.141303 
4.56 	 3.141302 
4.57 	 3.141301 
4.58 	 3.141301 
4.59 	 3.141300 
4.60 	 3.141299 
4.61 	 3.141298 
4.62 	 3.141298 
4.63 	 3.141297 
4.64 	 3.141296 
4.65 	 3.141295 
4.66 	 3.141295 
4.67 	 3.141294 
4.68 	 3.141293 
4.69 	 3.141292 
4.70 	 3.141292 
4.71 	 3.141291 
4.72 	 3.141290 
4.73 	 3.141289 
4.74 	 3.141289 
4.75 	 3.141288 
4.76 	 3.141287 
4.77 	 3.141286 
4.78 	 3.141286 
4.79 	 3.141285 
4.80 	 3.141284 
4.81 	 3.141283 
4.82 	 3.141283 
4.83 	 3.141282 
4.84 	 3.141281 
4.85 	 3.141280 
4.86 	 3.141279 
4.87 	 3.141279 
4.88 	 3.141278 
4.89 	 3.141277 
4.90 	 3.141276 
4.91 	 3.141275 
4.92 	 3.141275 
4.93 	 3.141274 
4.94 	 3.141273 
4.95 	 3.141272 
4.96 	 3.141271 
4.97 	 3.141271 
4.98 	 3.141270 
4.99 	 3.141269 
5.00 	 3.141268 
5.01 	 3.141267 
5.02 	 3.141267 
5.03 	 3.141266 
5.04 	 3.141265 
5.05 	 3.141264 
5.06 	 3.141263 
5.07 	 3.141263 
5.08 	 3.141262 
5.09 	 3.141261 
5.10 	 3.141260 
5.11 	 3.141259 
5.12 	 3.141258 
5.13 	 3.141258 
5.14 	 3.141257 
5.15 	 3.141256 
5.16 	 3.141255 
5.17 	 3.141254 
5.18 	 3.141253 
5.19 	 3.141252 
5.20 	 3.141252 
5.21 	 3.141251 
5.22 	 3.141250 
5.23 	 3.141249 
5.24 	 3.141248 
5.25 	 3.141247 
5.26 	 3.141246 
5.27 	 3.141246 
5.28 	 3.141245 
5.29 	 3.141244 
5.30 	 3.141243 
5.31 	 3.141242 
5.32 	 3.141241 
5.33 	 3.141240 
5.34 	 3.141239 
5.35 	 3.141239 
5.36 	 3.141238 
5.37 	 3.141237 
5.38 	 3.141236 
5.39 	 3.141235 
5.40 	 3.141234 
5.41 	 3.141233 
5.42 	 3.141232 
5.43 	 3.141231 
5.44 	 3.141230 
5.45 	 3.141230 
5.46 	 3.141229 
5.47 	 3.141228 
5.48 	 3.141227 
5.49 	 3.141226 
5.50 	 3.141225 
5.51 	 3.141224 
5.52 	 3.141223 
5.53 	 3.141222 
5.54 	 3.141221 
5.55 	 3.141220 
5.56 	 3.141219 
5.57 	 3.141218 
5.58 	 3.141217 
5.59 	 3.141217 
5.60 	 3.141216 
5.61 	 3.141215 
5.62 	 3.141214 
5.63 	 3.141213 
5.64 	 3.141212 
5.65 	 3.141211 
5.66 	 3.141210 
5.67 	 3.141209 
5.68 	 3.141208 
5.69 	 3.141207 
5.70 	 3.141206 
5.71 	 3.141205 
5.72 	 3.141204 
5.73 	 3.141203 
5.74 	 3.141202 
5.75 	 3.141201 
5.76 	 3.141200 
5.77 	 3.141199 
5.78 	 3.141198 
5.79 	 3.141197 
5.80 	 3.141196 
5.81 	 3.141195 
5.82 	 3.141194 
5.83 	 3.141193 
5.84 	 3.141192 
5.85 	 3.141191 
5.86 	 3.141190 
5.87 	 3.141189 
5.88 	 3.141188 
5.89 	 3.141187 
5.90 	 3.141186 
5.91 	 3.141185 
5.92 	 3.141184 
5.93 	 3.141183 
5.94 	 3.141182 
5.95 	 3.141181 
5.96 	 3.141180 
5.97 	 3.141179 
5.98 	 3.141178 
5.99 	 3.141177 
6.00 	 3.141176 
6.01 	 3.141175 
6.02 	 3.141174 
6.03 	 3.141173 
6.04 	 3.141172 
6.05 	 3.141171 
6.06 	 3.141170 
6.07 	 3.141168 
6.08 	 3.141167 
6.09 	 3.141166 
6.10 	 3.141165 
6.11 	 3.141164 
6.12 	 3.141163 
6.13 	 3.141162 
6.14 	 3.141161 
6.15 	 3.141160 
6.16 	 3.141159 
6.17 	 3.141158 
6.18 	 3.141157 
6.19 	 3.141156 
6.20 	 3.141154 
6.21 	 3.141153 
6.22 	 3.141152 
6.23 	 3.141151 
6.24 	 3.141150 
6.25 	 3.141149 
6.26 	 3.141148 
6.27 	 3.141147 
6.28 	 3.141146 
6.29 	 3.141144 
6.30 	 3.141143 
6.31 	 3.141142 
6.32 	 3.141141 
6.33 	 3.141140 
6.34 	 3.141139 
6.35 	 3.141138 
6.36 	 3.141136 
6.37 	 3.141135 
6.38 	 3.141134 
6.39 	 3.141133 
6.40 	 3.141132 
6.41 	 3.141131 
6.42 	 3.141130 
6.43 	 3.141128 
6.44 	 3.141127 
6.45 	 3.141126 
6.46 	 3.141125 
6.47 	 3.141124 
6.48 	 3.141123 
6.49 	 3.141121 
6.50 	 3.141120 
6.51 	 3.141119 
6.52 	 3.141118 
6.53 	 3.141117 
6.54 	 3.141115 
6.55 	 3.141114 
6.56 	 3.141113 
6.57 	 3.141112 
6.58 	 3.141111 
6.59 	 3.141109 
6.60 	 3.141108 
6.61 	 3.141107 
6.62 	 3.141106 
6.63 	 3.141105 
6.64 	 3.141103 
6.65 	 3.141102 
6.66 	 3.141101 
6.67 	 3.141100 
6.68 	 3.141098 
6.69 	 3.141097 
6.70 	 3.141096 
6.71 	 3.141095 
6.72 	 3.141093 
6.73 	 3.141092 
6.74 	 3.141091 
6.75 	 3.141090 
6.76 	 3.141088 
6.77 	 3.141087 
6.78 	 3.141086 
6.79 	 3.141085 
6.80 	 3.141083 
6.81 	 3.141082 
6.82 	 3.141081 
6.83 	 3.141079 
6.84 	 3.141078 
6.85 	 3.141077 
6.86 	 3.141076 
6.87 	 3.141074 
6.88 	 3.141073 
6.89 	 3.141072 
6.90 	 3.141070 
6.91 	 3.141069 
6.92 	 3.141068 
6.93 	 3.141066 
6.94 	 3.141065 
6.95 	 3.141064 
6.96 	 3.141062 
6.97 	 3.141061 
6.98 	 3.141060 
6.99 	 3.141058 
7.00 	 3.141057 
7.01 	 3.141056 
7.02 	 3.141054 
7.03 	 3.141053 
7.04 	 3.141052 
7.05 	 3.141050 
7.06 	 3.141049 
7.07 	 3.141048 
7.08 	 3.141046 
7.09 	 3.141045 
7.10 	 3.141044 
7.11 	 3.141042 
7.12 	 3.141041 
7.13 	 3.141039 
7.14 	 3.141038 
7.15 	 3.141037 
7.16 	 3.141035 
7.17 	 3.141034 
7.18 	 3.141032 
7.19 	 3.141031 
7.20 	 3.141030 
7.21 	 3.141028 
7.22 	 3.141027 
7.23 	 3.141025 
7.24 	 3.141024 
7.25 	 3.141023 
7.26 	 3.141021 
7.27 	 3.141020 
7.28 	 3.141018 
7.29 	 3.141017 
7.30 	 3.141015 
7.31 	 3.141014 
7.32 	 3.141012 
7.33 	 3.141011 
7.34 	 3.141009 
7.35 	 3.141008 
7.36 	 3.141007 
7.37 	 3.141005 
7.38 	 3.141004 
7.39 	 3.141002 
7.40 	 3.141001 
7.41 	 3.140999 
7.42 	 3.140998 
7.43 	 3.140996 
7.44 	 3.140995 
7.45 	 3.140993 
7.46 	 3.140992 
7.47 	 3.140990 
7.48 	 3.140989 
7.49 	 3.140987 
7.50 	 3.140986 
7.51 	 3.140984 
7.52 	 3.140983 
7.53 	 3.140981 
7.54 	 3.140980 
7.55 	 3.140978 
7.56 	 3.140976 
7.57 	 3.140975 
7.58 	 3.140973 
7.59 	 3.140972 
7.60 	 3.140970 
7.61 	 3.140969 
7.62 	 3.140967 
7.63 	 3.140966 
7.64 	 3.140964 
7.65 	 3.140962 
7.66 	 3.140961 
7.67 	 3.140959 
7.68 	 3.140958 
7.69 	 3.140956 
7.70 	 3.140954 
7.71 	 3.140953 
7.72 	 3.140951 
7.73 	 3.140950 
7.74 	 3.140948 
7.75 	 3.140946 
7.76 	 3.140945 
7.77 	 3.140943 
7.78 	 3.140942 
7.79 	 3.140940 
7.80 	 3.140938 
7.81 	 3.140937 
7.82 	 3.140935 
7.83 	 3.140933 
7.84 	 3.140932 
7.85 	 3.140930 
7.86 	 3.140928 
7.87 	 3.140927 
7.88 	 3.140925 
7.89 	 3.140923 
7.90 	 3.140922 
7.91 	 3.140920 
7.92 	 3.140918 
7.93 	 3.140917 
7.94 	 3.140915 
7.95 	 3.140913 
7.96 	 3.140911 
7.97 	 3.140910 
7.98 	 3.140908 
7.99 	 3.140906 
8.00 	 3.140905 
8.01 	 3.140903 
8.02 	 3.140901 
8.03 	 3.140899 
8.04 	 3.140898 
8.05 	 3.140896 
8.06 	 3.140894 
8.07 	 3.140892 
8.08 	 3.140891 
8.09 	 3.140889 
8.10 	 3.140887 
8.11 	 3.140885 
8.12 	 3.140884 
8.13 	 3.140882 
8.14 	 3.140880 
8.15 	 3.140878 
8.16 	 3.140876 
8.17 	 3.140875 
8.18 	 3.140873 
8.19 	 3.140871 
8.20 	 3.140869 
8.21 	 3.140867 
8.22 	 3.140866 
8.23 	 3.140864 
8.24 	 3.140862 
8.25 	 3.140860 
8.26 	 3.140858 
8.27 	 3.140856 
8.28 	 3.140855 
8.29 	 3.140853 
8.30 	 3.140851 
8.31 	 3.140849 
8.32 	 3.140847 
8.33 	 3.140845 
8.34 	 3.140843 
8.35 	 3.140842 
8.36 	 3.140840 
8.37 	 3.140838 
8.38 	 3.140836 
8.39 	 3.140834 
8.40 	 3.140832 
8.41 	 3.140830 
8.42 	 3.140828 
8.43 	 3.140826 
8.44 	 3.140824 
8.45 	 3.140822 
8.46 	 3.140821 
8.47 	 3.140819 
8.48 	 3.140817 
8.49 	 3.140815 
8.50 	 3.140813 
8.51 	 3.140811 
8.52 	 3.140809 
8.53 	 3.140807 
8.54 	 3.140805 
8.55 	 3.140803 
8.56 	 3.140801 
8.57 	 3.140799 
8.58 	 3.140797 
8.59 	 3.140795 
8.60 	 3.140793 
8.61 	 3.140791 
8.62 	 3.140789 
8.63 	 3.140787 
8.64 	 3.140785 
8.65 	 3.140783 
8.66 	 3.140781 
8.67 	 3.140779 
8.68 	 3.140777 
8.69 	 3.140775 
8.70 	 3.140773 
8.71 	 3.140771 
8.72 	 3.140769 
8.73 	 3.140766 
8.74 	 3.140764 
8.75 	 3.140762 
8.76 	 3.140760 
8.77 	 3.140758 
8.78 	 3.140756 
8.79 	 3.140754 
8.80 	 3.140752 
8.81 	 3.140750 
8.82 	 3.140748 
8.83 	 3.140745 
8.84 	 3.140743 
8.85 	 3.140741 
8.86 	 3.140739 
8.87 	 3.140737 
8.88 	 3.140735 
8.89 	 3.140733 
8.90 	 3.140731 
8.91 	 3.140728 
8.92 	 3.140726 
8.93 	 3.140724 
8.94 	 3.140722 
8.95 	 3.140720 
8.96 	 3.140717 
8.97 	 3.140715 
8.98 	 3.140713 
8.99 	 3.140711 
9.00 	 3.140709 
9.01 	 3.140706 
9.02 	 3.140704 
9.03 	 3.140702 
9.04 	 3.140700 
9.05 	 3.140697 
9.06 	 3.140695 
9.07 	 3.140693 
9.08 	 3.140691 
9.09 	 3.140688 
9.10 	 3.140686 
9.11 	 3.140684 
9.12 	 3.140682 
9.13 	 3.140679 
9.14 	 3.140677 
9.15 	 3.140675 
9.16 	 3.140672 
9.17 	 3.140670 
9.18 	 3.140668 
9.19 	 3.140666 
9.20 	 3.140663 
9.21 	 3.140661 
9.22 	 3.140659 
9.23 	 3.140656 
9.24 	 3.140654 
9.25 	 3.140651 
9.26 	 3.140649 
9.27 	 3.140647 
9.28 	 3.140644 
9.29 	 3.140642 
9.30 	 3.140640 
9.31 	 3.140637 
9.32 	 3.140635 
9.33 	 3.140632 
9.34 	 3.140630 
9.35 	 3.140628 
9.36 	 3.140625 
9.37 	 3.140623 
9.38 	 3.140620 
9.39 	 3.140618 
9.40 	 3.140615 
9.41 	 3.140613 
9.42 	 3.140610 
9.43 	 3.140608 
9.44 	 3.140606 
9.45 	 3.140603 
9.46 	 3.140601 
9.47 	 3.140598 
9.48 	 3.140596 
9.49 	 3.140593 
9.50 	 3.140591 
9.51 	 3.140588 
9.52 	 3.140586 
9.53 	 3.140583 
9.54 	 3.140581 
9.55 	 3.140578 
9.56 	 3.140575 
9.57 	 3.140573 
9.58 	 3.140570 
9.59 	 3.140568 
9.60 	 3.140565 
9.61 	 3.140563 
9.62 	 3.140560 
9.63 	 3.140557 
9.64 	 3.140555 
9.65 	 3.140552 
9.66 	 3.140550 
9.67 	 3.140547 
9.68 	 3.140544 
9.69 	 3.140542 
9.70 	 3.140539 
9.71 	 3.140536 
9.72 	 3.140534 
9.73 	 3.140531 
9.74 	 3.140528 
9.75 	 3.140526 
9.76 	 3.140523 
9.77 	 3.140520 
9.78 	 3.140518 
9.79 	 3.140515 
9.80 	 3.140512 
9.81 	 3.140510 
9.82 	 3.140507 
9.83 	 3.140504 
9.84 	 3.140501 
9.85 	 3.140499 
9.86 	 3.140496 
9.87 	 3.140493 
9.88 	 3.140490 
9.89 	 3.140488 
9.90 	 3.140485 
9.91 	 3.140482 
9.92 	 3.140479 
9.93 	 3.140477 
9.94 	 3.140474 
9.95 	 3.140471 
9.96 	 3.140468 
9.97 	 3.140465 
9.98 	 3.140463 
9.99 	 3.140460 
10.00 	 3.140457 
10.02 	 3.150454 
10.03 	 3.150476 
10.04 	 3.150498 
10.05 	 3.150521 
10.06 	 3.150543 
10.07 	 3.150566 
10.08 	 3.150588 
10.09 	 3.150611 
10.10 	 3.150633 
10.11 	 3.150656 
10.12 	 3.150679 
10.13 	 3.150702 
10.14 	 3.150724 
10.15 	 3.150747 
10.16 	 3.150770 
10.17 	 3.150793 
10.18 	 3.150816 
10.19 	 3.150840 
10.20 	 3.150863 
10.21 	 3.150886 
10.22 	 3.150909 
10.23 	 3.150933 
10.24 	 3.150956 
10.25 	 3.150980 
10.26 	 3.151003 
10.27 	 3.151027 
10.28 	 3.151050 
10.29 	 3.151074 
10.30 	 3.151098 
10.31 	 3.151122 
10.32 	 3.151146 
10.33 	 3.151170 
10.34 	 3.151194 
10.35 	 3.151218 
10.36 	 3.151242 
10.37 	 3.151266 
10.38 	 3.151290 
10.39 	 3.151315 
10.40 	 3.151339 
10.41 	 3.151363 
10.42 	 3.151388 
10.43 	 3.151413 
10.44 	 3.151437 
10.45 	 3.151462 
10.46 	 3.151487 
10.47 	 3.151511 
10.48 	 3.151536 
10.49 	 3.151561 
10.50 	 3.151586 
10.51 	 3.151611 
10.52 	 3.151636 
10.53 	 3.151662 
10.54 	 3.151687 
10.55 	 3.151712 
10.56 	 3.151738 
10.57 	 3.151763 
10.58 	 3.151789 
10.59 	 3.151814 
10.60 	 3.151840 
10.61 	 3.151865 
10.62 	 3.151891 
10.63 	 3.151917 
10.64 	 3.151943 
10.65 	 3.151969 
10.66 	 3.151995 
10.67 	 3.152021 
10.68 	 3.152047 
10.69 	 3.152073 
10.70 	 3.152100 
10.71 	 3.152126 
10.72 	 3.152152 
10.73 	 3.152179 
10.74 	 3.152206 
10.75 	 3.152232 
10.76 	 3.152259 
10.77 	 3.152286 
10.78 	 3.152312 
10.79 	 3.152339 
10.80 	 3.152366 
10.81 	 3.152393 
10.82 	 3.152420 
10.83 	 3.152447 
10.84 	 3.152475 
10.85 	 3.152502 
10.86 	 3.152529 
10.87 	 3.152557 
10.88 	 3.152584 
10.89 	 3.152612 
10.90 	 3.152639 
10.91 	 3.152667 
10.92 	 3.152695 
10.93 	 3.152723 
10.94 	 3.152751 
10.95 	 3.152779 
10.96 	 3.152807 
10.97 	 3.152835 
10.98 	 3.152863 
10.99 	 3.152891 
11.00 	 3.152920 
11.01 	 3.152948 
11.02 	 3.152977 
11.03 	 3.153005 
11.04 	 3.153034 
11.05 	 3.153062 
11.06 	 3.153091 
11.07 	 3.153120 
11.08 	 3.153149 
11.09 	 3.153178 
11.10 	 3.153207 
11.11 	 3.153236 
11.12 	 3.153265 
11.13 	 3.153295 
11.14 	 3.153324 
11.15 	 3.153353 
11.16 	 3.153383 
11.17 	 3.153412 
11.18 	 3.153442 
11.19 	 3.153472 
11.20 	 3.153502 
11.21 	 3.153531 
11.22 	 3.153561 
11.23 	 3.153591 
11.24 	 3.153621 
11.25 	 3.153652 
11.26 	 3.153682 
11.27 	 3.153712 
11.28 	 3.153743 
11.29 	 3.153773 
11.30 	 3.153804 
11.31 	 3.153834 
11.32 	 3.153865 
11.33 	 3.153896 
11.34 	 3.153927 
11.35 	 3.153957 
11.36 	 3.153988 
11.37 	 3.154020 
11.38 	 3.154051 
11.39 	 3.154082 
11.40 	 3.154113 
11.41 	 3.154145 
11.42 	 3.154176 
11.43 	 3.154208 
11.44 	 3.154239 
11.45 	 3.154271 
11.46 	 3.154303 
11.47 	 3.154335 
11.48 	 3.154367 
11.49 	 3.154399 
11.50 	 3.154431 
11.51 	 3.154463 
11.52 	 3.154495 
11.53 	 3.154528 
11.54 	 3.154560 
11.55 	 3.154593 
11.56 	 3.154625 
11.57 	 3.154658 
11.58 	 3.154691 
11.59 	 3.154723 
11.60 	 3.154756 
11.61 	 3.154789 
11.62 	 3.154822 
11.63 	 3.154856 
11.64 	 3.154889 
11.65 	 3.154922 
11.66 	 3.154956 
11.67 	 3.154989 
11.68 	 3.155023 
11.69 	 3.155056 
11.70 	 3.155090 
11.71 	 3.155124 
11.72 	 3.155158 
11.73 	 3.155192 
11.74 	 3.155226 
11.75 	 3.155260 
11.76 	 3.155294 
11.77 	 3.155329 
11.78 	 3.155363 
11.79 	 3.155398 
11.80 	 3.155432 
11.81 	 3.155467 
11.82 	 3.155502 
11.83 	 3.155537 
11.84 	 3.155572 
11.85 	 3.155607 
11.86 	 3.155642 
11.87 	 3.155677 
11.88 	 3.155712 
11.89 	 3.155748 
11.90 	 3.155783 
11.91 	 3.155819 
11.92 	 3.155855 
11.93 	 3.155890 
11.94 	 3.155926 
11.95 	 3.155962 
11.96 	 3.155998 
11.97 	 3.156034 
11.98 	 3.156070 
11.99 	 3.156107 
12.00 	 3.156143 
12.01 	 3.156180 
12.02 	 3.156216 
12.03 	 3.156253 
12.04 	 3.156290 
12.05 	 3.156326 
12.06 	 3.156363 
12.07 	 3.156400 
12.08 	 3.156437 
12.09 	 3.156475 
12.10 	 3.156512 
12.11 	 3.156549 
12.12 	 3.156587 
12.13 	 3.156624 
12.14 	 3.156662 
12.15 	 3.156700 
12.16 	 3.156738 
12.17 	 3.156776 
12.18 	 3.156814 
12.19 	 3.156852 
12.20 	 3.156890 
12.21 	 3.156929 
12.22 	 3.156967 
12.23 	 3.157006 
12.24 	 3.157044 
12.25 	 3.157083 
12.26 	 3.157122 
12.27 	 3.157161 
12.28 	 3.157200 
12.29 	 3.157239 
12.30 	 3.157278 
12.31 	 3.157317 
12.32 	 3.157357 
12.33 	 3.157396 
12.34 	 3.157436 
12.35 	 3.157476 
12.36 	 3.157515 
12.37 	 3.157555 
12.38 	 3.157595 
12.39 	 3.157635 
12.40 	 3.157676 
12.41 	 3.157716 
12.42 	 3.157756 
12.43 	 3.157797 
12.44 	 3.157837 
12.45 	 3.157878 
12.46 	 3.157919 
12.47 	 3.157960 
12.48 	 3.158001 
12.49 	 3.158042 
12.50 	 3.158083 
12.51 	 3.158125 
12.52 	 3.158166 
12.53 	 3.158208 
12.54 	 3.158249 
12.55 	 3.158291 
12.56 	 3.158333 
12.57 	 3.158375 
12.58 	 3.158417 
12.59 	 3.158459 
12.60 	 3.158501 
12.61 	 3.158544 
12.62 	 3.158586 
12.63 	 3.158629 
12.64 	 3.158671 
12.65 	 3.158714 
12.66 	 3.158757 
12.67 	 3.158800 
12.68 	 3.158843 
12.69 	 3.158886 
12.70 	 3.158930 
12.71 	 3.158973 
12.72 	 3.159017 
12.73 	 3.159060 
12.74 	 3.159104 
12.75 	 3.159148 
12.76 	 3.159192 
12.77 	 3.159236 
12.78 	 3.159280 
12.79 	 3.159325 
12.80 	 3.159369 
12.81 	 3.159414 
12.82 	 3.159458 
12.83 	 3.159503 
12.84 	 3.159548 
12.85 	 3.159593 
12.86 	 3.159638 
12.87 	 3.159683 
12.88 	 3.159729 
12.89 	 3.159774 
12.90 	 3.159820 
12.91 	 3.159865 
12.92 	 3.159911 
12.93 	 3.159957 
12.94 	 3.160003 
12.95 	 3.160049 
12.96 	 3.160095 
12.97 	 3.160142 
12.98 	 3.160188 
12.99 	 3.160235 
13.00 	 3.160281 
13.01 	 3.160328 
13.02 	 3.160375 
13.03 	 3.160422 
13.04 	 3.160469 
13.05 	 3.160517 
13.06 	 3.160564 
13.07 	 3.160612 
13.08 	 3.160659 
13.09 	 3.160707 
13.10 	 3.160755 
13.11 	 3.160803 
13.12 	 3.160851 
13.13 	 3.160899 
13.14 	 3.160948 
13.15 	 3.160996 
13.16 	 3.161045 
13.17 	 3.161093 
13.18 	 3.161142 
13.19 	 3.161191 
13.20 	 3.161240 
13.21 	 3.161290 
13.22 	 3.161339 
13.23 	 3.161388 
13.24 	 3.161438 
13.25 	 3.161488 
13.26 	 3.161537 
13.27 	 3.161587 
13.28 	 3.161638 
13.29 	 3.161688 
13.30 	 3.161738 
13.31 	 3.161789 
13.32 	 3.161839 
13.33 	 3.161890 
13.34 	 3.161941 
13.35 	 3.161992 
13.36 	 3.162043 
13.37 	 3.162094 
13.38 	 3.162145 
13.39 	 3.162197 
13.40 	 3.162248 
13.41 	 3.162300 
13.42 	 3.162352 
13.43 	 3.162404 
13.44 	 3.162456 
13.45 	 3.162508 
13.46 	 3.162561 
13.47 	 3.162613 
13.48 	 3.162666 
13.49 	 3.162719 
13.50 	 3.162771 
13.51 	 3.162824 
13.52 	 3.162878 
13.53 	 3.162931 
13.54 	 3.162984 
13.55 	 3.163038 
13.56 	 3.163092 
13.57 	 3.163145 
13.58 	 3.163199 
13.59 	 3.163254 
13.60 	 3.163308 
13.61 	 3.163362 
13.62 	 3.163417 
13.63 	 3.163471 
13.64 	 3.163526 
13.65 	 3.163581 
13.66 	 3.163636 
13.67 	 3.163691 
13.68 	 3.163747 
13.69 	 3.163802 
13.70 	 3.163858 
13.71 	 3.163913 
13.72 	 3.163969 
13.73 	 3.164025 
13.74 	 3.164081 
13.75 	 3.164138 
13.76 	 3.164194 
13.77 	 3.164251 
13.78 	 3.164307 
13.79 	 3.164364 
13.80 	 3.164421 
13.81 	 3.164478 
13.82 	 3.164536 
13.83 	 3.164593 
13.84 	 3.164651 
13.85 	 3.164708 
13.86 	 3.164766 
13.87 	 3.164824 
13.88 	 3.164882 
13.89 	 3.164941 
13.90 	 3.164999 
13.91 	 3.165058 
13.92 	 3.165117 
13.93 	 3.165175 
13.94 	 3.165234 
13.95 	 3.165294 
13.96 	 3.165353 
13.97 	 3.165412 
13.98 	 3.165472 
13.99 	 3.165532 
14.00 	 3.165592 
14.01 	 3.165652 
14.02 	 3.165712 
14.03 	 3.165772 
14.04 	 3.165833 
14.05 	 3.165893 
14.06 	 3.165954 
14.07 	 3.166015 
14.08 	 3.166076 
14.09 	 3.166138 
14.10 	 3.166199 
14.11 	 3.166261 
14.12 	 3.166322 
14.13 	 3.166384 
14.14 	 3.166446 
14.15 	 3.166508 
14.16 	 3.166571 
14.17 	 3.166633 
14.18 	 3.166696 
14.19 	 3.166759 
14.20 	 3.166822 
14.21 	 3.166885 
14.22 	 3.166948 
14.23 	 3.167012 
14.24 	 3.167075 
14.25 	 3.167139 
14.26 	 3.167203 
14.27 	 3.167267 
14.28 	 3.167331 
14.29 	 3.167395 
14.30 	 3.167460 
14.31 	 3.167525 
14.32 	 3.167590 
14.33 	 3.167655 
14.34 	 3.167720 
14.35 	 3.167785 
14.36 	 3.167851 
14.37 	 3.167916 
14.38 	 3.167982 
14.39 	 3.168048 
14.40 	 3.168114 
14.41 	 3.168181 
14.42 	 3.168247 
14.43 	 3.168314 
14.44 	 3.168381 
14.45 	 3.168448 
14.46 	 3.168515 
14.47 	 3.168582 
14.48 	 3.168650 
14.49 	 3.168717 
14.50 	 3.168785 
14.51 	 3.168853 
14.52 	 3.168921 
14.53 	 3.168990 
14.54 	 3.169058 
14.55 	 3.169127 
14.56 	 3.169196 
14.57 	 3.169265 
14.58 	 3.169334 
14.59 	 3.169403 
14.60 	 3.169473 
14.61 	 3.169542 
14.62 	 3.169612 
14.63 	 3.169682 
14.64 	 3.169753 
14.65 	 3.169823 
14.66 	 3.169894 
14.67 	 3.169964 
14.68 	 3.170035 
14.69 	 3.170106 
14.70 	 3.170178 
14.71 	 3.170249 
14.72 	 3.170321 
14.73 	 3.170393 
14.74 	 3.170465 
14.75 	 3.170537 
14.76 	 3.170609 
14.77 	 3.170682 
14.78 	 3.170754 
14.79 	 3.170827 
14.80 	 3.170900 
14.81 	 3.170973 
14.82 	 3.171047 
14.83 	 3.171120 
14.84 	 3.171194 
14.85 	 3.171268 
14.86 	 3.171342 
14.87 	 3.171417 
14.88 	 3.171491 
14.89 	 3.171566 
14.90 	 3.171641 
14.91 	 3.171716 
14.92 	 3.171791 
14.93 	 3.171867 
14.94 	 3.171942 
14.95 	 3.172018 
14.96 	 3.172094 
14.97 	 3.172170 
14.98 	 3.172247 
14.99 	 3.172323 
15.00 	 3.172400 
15.01 	 3.172477 
15.02 	 3.172554 
15.03 	 3.172632 
15.04 	 3.172709 
15.05 	 3.172787 
15.06 	 3.172865 
15.07 	 3.172943 
15.08 	 3.173021 
15.09 	 3.173100 
15.10 	 3.173178 
15.11 	 3.173257 
15.12 	 3.173336 
15.13 	 3.173416 
15.14 	 3.173495 
15.15 	 3.173575 
15.16 	 3.173655 
15.17 	 3.173735 
15.18 	 3.173815 
15.19 	 3.173895 
15.20 	 3.173976 
15.21 	 3.174057 
15.22 	 3.174138 
15.23 	 3.174219 
15.24 	 3.174301 
15.25 	 3.174382 
15.26 	 3.174464 
15.27 	 3.174546 
15.28 	 3.174629 
15.29 	 3.174711 
15.30 	 3.174794 
15.31 	 3.174877 
15.32 	 3.174960 
15.33 	 3.175043 
15.34 	 3.175127 
15.35 	 3.175210 
15.36 	 3.175294 
15.37 	 3.175378 
15.38 	 3.175463 
15.39 	 3.175547 
15.40 	 3.175632 
15.41 	 3.175717 
15.42 	 3.175802 
15.43 	 3.175887 
15.44 	 3.175973 
15.45 	 3.176059 
15.46 	 3.176145 
15.47 	 3.176231 
15.48 	 3.176317 
15.49 	 3.176404 
15.50 	 3.176491 
15.51 	 3.176578 
15.52 	 3.176665 
15.53 	 3.176753 
15.54 	 3.176840 
15.55 	 3.176928 
15.56 	 3.177017 
15.57 	 3.177105 
15.58 	 3.177193 
15.59 	 3.177282 
15.60 	 3.177371 
15.61 	 3.177461 
15.62 	 3.177550 
15.63 	 3.177640 
15.64 	 3.177730 
15.65 	 3.177820 
15.66 	 3.177910 
15.67 	 3.178001 
15.68 	 3.178091 
15.69 	 3.178182 
15.70 	 3.178274 
15.71 	 3.178365 
15.72 	 3.178457 
15.73 	 3.178549 
15.74 	 3.178641 
15.75 	 3.178733 
15.76 	 3.178826 
15.77 	 3.178919 
15.78 	 3.179012 
15.79 	 3.179105 
15.80 	 3.179198 
15.81 	 3.179292 
15.82 	 3.179386 
15.83 	 3.179480 
15.84 	 3.179575 
15.85 	 3.179669 
15.86 	 3.179764 
15.87 	 3.179859 
15.88 	 3.179955 
15.89 	 3.180050 
15.90 	 3.180146 
15.91 	 3.180242 
15.92 	 3.180339 
15.93 	 3.180435 
15.94 	 3.180532 
15.95 	 3.180629 
15.96 	 3.180726 
15.97 	 3.180824 
15.98 	 3.180921 
15.99 	 3.181019 
16.00 	 3.181118 
16.01 	 3.181216 
16.02 	 3.181315 
16.03 	 3.181414 
16.04 	 3.181513 
16.05 	 3.181612 
16.06 	 3.181712 
16.07 	 3.181812 
16.08 	 3.181912 
16.09 	 3.182012 
16.10 	 3.182113 
16.11 	 3.182214 
16.12 	 3.182315 
16.13 	 3.182417 
16.14 	 3.182518 
16.15 	 3.182620 
16.16 	 3.182722 
16.17 	 3.182825 
16.18 	 3.182927 
16.19 	 3.183030 
16.20 	 3.183133 
16.21 	 3.183237 
16.22 	 3.183340 
16.23 	 3.183444 
16.24 	 3.183548 
16.25 	 3.183653 
16.26 	 3.183757 
16.27 	 3.183862 
16.28 	 3.183968 
16.29 	 3.184073 
16.30 	 3.184179 
16.31 	 3.184285 
16.32 	 3.184391 
16.33 	 3.184497 
16.34 	 3.184604 
16.35 	 3.184711 
16.36 	 3.184818 
16.37 	 3.184926 
16.38 	 3.185034 
16.39 	 3.185142 
16.40 	 3.185250 
16.41 	 3.185358 
16.42 	 3.185467 
16.43 	 3.185576 
16.44 	 3.185686 
16.45 	 3.185795 
16.46 	 3.185905 
16.47 	 3.186015 
16.48 	 3.186126 
16.49 	 3.186237 
16.50 	 3.186348 
16.51 	 3.186459 
16.52 	 3.186570 
16.53 	 3.186682 
16.54 	 3.186794 
16.55 	 3.186907 
16.56 	 3.187019 
16.57 	 3.187132 
16.58 	 3.187245 
16.59 	 3.187359 
16.60 	 3.187472 
16.61 	 3.187586 
16.62 	 3.187701 
16.63 	 3.187815 
16.64 	 3.187930 
16.65 	 3.188045 
16.66 	 3.188160 
16.67 	 3.188276 
16.68 	 3.188392 
16.69 	 3.188508 
16.70 	 3.188625 
16.71 	 3.188742 
16.72 	 3.188859 
16.73 	 3.188976 
16.74 	 3.189094 
16.75 	 3.189212 
16.76 	 3.189330 
16.77 	 3.189448 
16.78 	 3.189567 
16.79 	 3.189686 
16.80 	 3.189806 
16.81 	 3.189925 
16.82 	 3.190045 
16.83 	 3.190165 
16.84 	 3.190286 
16.85 	 3.190407 
16.86 	 3.190528 
16.87 	 3.190649 
16.88 	 3.190771 
16.89 	 3.190893 
16.90 	 3.191015 
16.91 	 3.191138 
16.92 	 3.191261 
16.93 	 3.191384 
16.94 	 3.191507 
16.95 	 3.191631 
16.96 	 3.191755 
16.97 	 3.191880 
16.98 	 3.192004 
16.99 	 3.192129 
17.00 	 3.192255 
17.01 	 3.192380 
17.02 	 3.192506 
17.03 	 3.192632 
17.04 	 3.192759 
17.05 	 3.192886 
17.06 	 3.193013 
17.07 	 3.193140 
17.08 	 3.193268 
17.09 	 3.193396 
17.10 	 3.193524 
17.11 	 3.193653 
17.12 	 3.193782 
17.13 	 3.193911 
17.14 	 3.194041 
17.15 	 3.194171 
17.16 	 3.194301 
17.17 	 3.194431 
17.18 	 3.194562 
17.19 	 3.194693 
17.20 	 3.194825 
17.21 	 3.194957 
17.22 	 3.195089 
17.23 	 3.195221 
17.24 	 3.195354 
17.25 	 3.195487 
17.26 	 3.195620 
17.27 	 3.195754 
17.28 	 3.195888 
17.29 	 3.196023 
17.30 	 3.196157 
17.31 	 3.196292 
17.32 	 3.196428 
17.33 	 3.196563 
17.34 	 3.196699 
17.35 	 3.196836 
17.36 	 3.196972 
17.37 	 3.197109 
17.38 	 3.197246 
17.39 	 3.197384 
17.40 	 3.197522 
17.41 	 3.197660 
17.42 	 3.197799 
17.43 	 3.197938 
17.44 	 3.198077 
17.45 	 3.198217 
17.46 	 3.198357 
17.47 	 3.198497 
17.48 	 3.198638 
17.49 	 3.198778 
17.50 	 3.198920 
17.51 	 3.199061 
17.52 	 3.199203 
17.53 	 3.199346 
17.54 	 3.199488 
17.55 	 3.199631 
17.56 	 3.199775 
17.57 	 3.199918 
17.58 	 3.200062 
17.59 	 3.200207 
17.60 	 3.200351 
17.61 	 3.200496 
17.62 	 3.200642 
17.63 	 3.200788 
17.64 	 3.200934 
17.65 	 3.201080 
17.66 	 3.201227 
17.67 	 3.201374 
17.68 	 3.201521 
17.69 	 3.201669 
17.70 	 3.201818 
17.71 	 3.201966 
17.72 	 3.202115 
17.73 	 3.202264 
17.74 	 3.202414 
17.75 	 3.202564 
17.76 	 3.202714 
17.77 	 3.202865 
17.78 	 3.203016 
17.79 	 3.203167 
17.80 	 3.203319 
17.81 	 3.203471 
17.82 	 3.203624 
17.83 	 3.203776 
17.84 	 3.203930 
17.85 	 3.204083 
17.86 	 3.204237 
17.87 	 3.204391 
17.88 	 3.204546 
17.89 	 3.204701 
17.90 	 3.204856 
17.91 	 3.205012 
17.92 	 3.205168 
17.93 	 3.205325 
17.94 	 3.205482 
17.95 	 3.205639 
17.96 	 3.205797 
17.97 	 3.205955 
17.98 	 3.206113 
17.99 	 3.206272 
18.00 	 3.206431 
18.01 	 3.206590 
18.02 	 3.206750 
18.03 	 3.206910 
18.04 	 3.207071 
18.05 	 3.207232 
18.06 	 3.207393 
18.07 	 3.207555 
18.08 	 3.207717 
18.09 	 3.207880 
18.10 	 3.208043 
18.11 	 3.208206 
18.12 	 3.208369 
18.13 	 3.208534 
18.14 	 3.208698 
18.15 	 3.208863 
18.16 	 3.209028 
18.17 	 3.209194 
18.18 	 3.209360 
18.19 	 3.209526 
18.20 	 3.209693 
18.21 	 3.209860 
18.22 	 3.210027 
18.23 	 3.210195 
18.24 	 3.210364 
18.25 	 3.210532 
18.26 	 3.210702 
18.27 	 3.210871 
18.28 	 3.211041 
18.29 	 3.211211 
18.30 	 3.211382 
18.31 	 3.211553 
18.32 	 3.211725 
18.33 	 3.211896 
18.34 	 3.212069 
18.35 	 3.212242 
18.36 	 3.212415 
18.37 	 3.212588 
18.38 	 3.212762 
18.39 	 3.212936 
18.40 	 3.213111 
18.41 	 3.213286 
18.42 	 3.213462 
18.43 	 3.213638 
18.44 	 3.213814 
18.45 	 3.213991 
18.46 	 3.214168 
18.47 	 3.214346 
18.48 	 3.214524 
18.49 	 3.214702 
18.50 	 3.214881 
18.51 	 3.215060 
18.52 	 3.215240 
18.53 	 3.215420 
18.54 	 3.215601 
18.55 	 3.215781 
18.56 	 3.215963 
18.57 	 3.216145 
18.58 	 3.216327 
18.59 	 3.216509 
18.60 	 3.216692 
18.61 	 3.216876 
18.62 	 3.217060 
18.63 	 3.217244 
18.64 	 3.217429 
18.65 	 3.217614 
18.66 	 3.217799 
18.67 	 3.217985 
18.68 	 3.218172 
18.69 	 3.218359 
18.70 	 3.218546 
18.71 	 3.218734 
18.72 	 3.218922 
18.73 	 3.219110 
18.74 	 3.219299 
18.75 	 3.219489 
18.76 	 3.219679 
18.77 	 3.219869 
18.78 	 3.220060 
18.79 	 3.220251 
18.80 	 3.220443 
18.81 	 3.220635 
18.82 	 3.220827 
18.83 	 3.221020 
18.84 	 3.221214 
18.85 	 3.221407 
18.86 	 3.221602 
18.87 	 3.221796 
18.88 	 3.221992 
18.89 	 3.222187 
18.90 	 3.222383 
18.91 	 3.222580 
18.92 	 3.222777 
18.93 	 3.222974 
18.94 	 3.223172 
18.95 	 3.223370 
18.96 	 3.223569 
18.97 	 3.223768 
18.98 	 3.223968 
18.99 	 3.224168 
19.00 	 3.224369 
19.01 	 3.224570 
19.02 	 3.224771 
19.03 	 3.224973 
19.04 	 3.225175 
19.05 	 3.225378 
19.06 	 3.225581 
19.07 	 3.225785 
19.08 	 3.225989 
19.09 	 3.226194 
19.10 	 3.226399 
19.11 	 3.226605 
19.12 	 3.226811 
19.13 	 3.227017 
19.14 	 3.227224 
19.15 	 3.227432 
19.16 	 3.227640 
19.17 	 3.227848 
19.18 	 3.228057 
19.19 	 3.228266 
19.20 	 3.228476 
19.21 	 3.228687 
19.22 	 3.228897 
19.23 	 3.229109 
19.24 	 3.229320 
19.25 	 3.229532 
19.26 	 3.229745 
19.27 	 3.229958 
19.28 	 3.230172 
19.29 	 3.230386 
19.30 	 3.230600 
19.31 	 3.230815 
19.32 	 3.231031 
19.33 	 3.231247 
19.34 	 3.231463 
19.35 	 3.231680 
19.36 	 3.231898 
19.37 	 3.232116 
19.38 	 3.232334 
19.39 	 3.232553 
19.40 	 3.232772 
19.41 	 3.232992 
19.42 	 3.233212 
19.43 	 3.233433 
19.44 	 3.233655 
19.45 	 3.233876 
19.46 	 3.234099 
19.47 	 3.234321 
19.48 	 3.234545 
19.49 	 3.234768 
19.50 	 3.234993 
19.51 	 3.235217 
19.52 	 3.235443 
19.53 	 3.235668 
19.54 	 3.235895 
19.55 	 3.236121 
19.56 	 3.236349 
19.57 	 3.236576 
19.58 	 3.236805 
19.59 	 3.237033 
19.60 	 3.237263 
19.61 	 3.237492 
19.62 	 3.237723 
19.63 	 3.237953 
19.64 	 3.238185 
19.65 	 3.238416 
19.66 	 3.238649 
19.67 	 3.238881 
19.68 	 3.239115 
19.69 	 3.239348 
19.70 	 3.239583 
19.71 	 3.239817 
19.72 	 3.240053 
19.73 	 3.240288 
19.74 	 3.240525 
19.75 	 3.240762 
19.76 	 3.240999 
19.77 	 3.241237 
19.78 	 3.241475 
19.79 	 3.241714 
19.80 	 3.241953 
19.81 	 3.242193 
19.82 	 3.242434 
19.83 	 3.242675 
19.84 	 3.242916 
19.85 	 3.243158 
19.86 	 3.243401 
19.87 	 3.243644 
19.88 	 3.243887 
19.89 	 3.244131 
19.90 	 3.244376 
19.91 	 3.244621 
19.92 	 3.244867 
19.93 	 3.245113 
19.94 	 3.245359 
19.95 	 3.245607 
19.96 	 3.245854 
19.97 	 3.246103 
19.98 	 3.246351 
19.99 	 3.246601 
20.00 	 3.246851 
20.01 	 3.247101 
20.02 	 3.247352 
20.03 	 3.247603 
20.04 	 3.247855 
20.05 	 3.248108 
20.06 	 3.248361 
20.07 	 3.248614 
20.08 	 3.248868 
20.09 	 3.249123 
20.10 	 3.249378 
20.11 	 3.249634 
20.12 	 3.249890 
20.13 	 3.250147 
20.14 	 3.250404 
20.15 	 3.250662 
20.16 	 3.250920 
20.17 	 3.251179 
20.18 	 3.251439 
20.19 	 3.251699 
20.20 	 3.251959 
20.21 	 3.252220 
20.22 	 3.252482 
20.23 	 3.252744 
20.24 	 3.253007 
20.25 	 3.253270 
20.26 	 3.253534 
20.27 	 3.253798 
20.28 	 3.254063 
20.29 	 3.254329 
20.30 	 3.254595 
20.31 	 3.254861 
20.32 	 3.255128 
20.33 	 3.255396 
20.34 	 3.255664 
20.35 	 3.255933 
20.36 	 3.256202 
20.37 	 3.256472 
20.38 	 3.256742 
20.39 	 3.257013 
20.40 	 3.257285 
20.41 	 3.257557 
20.42 	 3.257830 
20.43 	 3.258103 
20.44 	 3.258376 
20.45 	 3.258651 
20.46 	 3.258926 
20.47 	 3.259201 
20.48 	 3.259477 
20.49 	 3.259753 
20.50 	 3.260030 
20.51 	 3.260308 
20.52 	 3.260586 
20.53 	 3.260865 
20.54 	 3.261144 
20.55 	 3.261424 
20.56 	 3.261704 
20.57 	 3.261985 
20.58 	 3.262267 
20.59 	 3.262549 
20.60 	 3.262832 
20.61 	 3.263115 
20.62 	 3.263399 
20.63 	 3.263683 
20.64 	 3.263968 
20.65 	 3.264253 
20.66 	 3.264540 
20.67 	 3.264826 
20.68 	 3.265113 
20.69 	 3.265401 
20.70 	 3.265689 
20.71 	 3.265978 
20.72 	 3.266268 
20.73 	 3.266558 
20.74 	 3.266848 
20.75 	 3.267139 
20.76 	 3.267431 
20.77 	 3.267723 
20.78 	 3.268016 
20.79 	 3.268310 
20.80 	 3.268604 
20.81 	 3.268898 
20.82 	 3.269193 
20.83 	 3.269489 
20.84 	 3.269785 
20.85 	 3.270082 
20.86 	 3.270380 
20.87 	 3.270678 
20.88 	 3.270976 
20.89 	 3.271275 
20.90 	 3.271575 
20.91 	 3.271876 
20.92 	 3.272176 
20.93 	 3.272478 
20.94 	 3.272780 
20.95 	 3.273082 
20.96 	 3.273386 
20.97 	 3.273689 
20.98 	 3.273994 
20.99 	 3.274299 
21.00 	 3.274604 
21.01 	 3.274910 
21.02 	 3.275217 
21.03 	 3.275524 
21.04 	 3.275832 
21.05 	 3.276140 
21.06 	 3.276449 
21.07 	 3.276759 
21.08 	 3.277069 
21.09 	 3.277379 
21.10 	 3.277691 
21.11 	 3.278002 
21.12 	 3.278315 
21.13 	 3.278628 
21.14 	 3.278941 
21.15 	 3.279256 
21.16 	 3.279570 
21.17 	 3.279886 
21.18 	 3.280201 
21.19 	 3.280518 
21.20 	 3.280835 
21.21 	 3.281153 
21.22 	 3.281471 
21.23 	 3.281790 
21.24 	 3.282109 
21.25 	 3.282429 
21.26 	 3.282749 
21.27 	 3.283071 
21.28 	 3.283392 
21.29 	 3.283715 
21.30 	 3.284037 
21.31 	 3.284361 
21.32 	 3.284685 
21.33 	 3.285009 
21.34 	 3.285335 
21.35 	 3.285660 
21.36 	 3.285987 
21.37 	 3.286314 
21.38 	 3.286641 
21.39 	 3.286969 
21.40 	 3.287298 
21.41 	 3.287627 
21.42 	 3.287957 
21.43 	 3.288287 
21.44 	 3.288618 
21.45 	 3.288950 
21.46 	 3.289282 
21.47 	 3.289615 
21.48 	 3.289948 
21.49 	 3.290282 
21.50 	 3.290616 
21.51 	 3.290951 
21.52 	 3.291287 
21.53 	 3.291623 
21.54 	 3.291960 
21.55 	 3.292297 
21.56 	 3.292635 
21.57 	 3.292973 
21.58 	 3.293312 
21.59 	 3.293652 
21.60 	 3.293992 
21.61 	 3.294333 
21.62 	 3.294675 
21.63 	 3.295016 
21.64 	 3.295359 
21.65 	 3.295702 
21.66 	 3.296046 
21.67 	 3.296390 
21.68 	 3.296735 
21.69 	 3.297080 
21.70 	 3.297426 
21.71 	 3.297773 
21.72 	 3.298120 
21.73 	 3.298468 
21.74 	 3.298816 
21.75 	 3.299165 
21.76 	 3.299514 
21.77 	 3.299864 
21.78 	 3.300215 
21.79 	 3.300566 
21.80 	 3.300918 
21.81 	 3.301270 
21.82 	 3.301623 
21.83 	 3.301976 
21.84 	 3.302330 
21.85 	 3.302685 
21.86 	 3.303040 
21.87 	 3.303395 
21.88 	 3.303752 
21.89 	 3.304108 
21.90 	 3.304466 
21.91 	 3.304824 
21.92 	 3.305182 
21.93 	 3.305541 
21.94 	 3.305901 
21.95 	 3.306261 
21.96 	 3.306622 
21.97 	 3.306983 
21.98 	 3.307345 
21.99 	 3.307708 
22.00 	 3.308071 
22.01 	 3.308434 
22.02 	 3.308798 
22.03 	 3.309163 
22.04 	 3.309528 
22.05 	 3.309894 
22.06 	 3.310260 
22.07 	 3.310627 
22.08 	 3.310995 
22.09 	 3.311363 
22.10 	 3.311731 
22.11 	 3.312100 
22.12 	 3.312470 
22.13 	 3.312840 
22.14 	 3.313211 
22.15 	 3.313582 
22.16 	 3.313954 
22.17 	 3.314327 
22.18 	 3.314700 
22.19 	 3.315073 
22.20 	 3.315447 
22.21 	 3.315822 
22.22 	 3.316197 
22.23 	 3.316573 
22.24 	 3.316949 
22.25 	 3.317326 
22.26 	 3.317703 
22.27 	 3.318081 
22.28 	 3.318459 
22.29 	 3.318838 
22.30 	 3.319217 
22.31 	 3.319597 
22.32 	 3.319978 
22.33 	 3.320359 
22.34 	 3.320741 
22.35 	 3.321123 
22.36 	 3.321505 
22.37 	 3.321889 
22.38 	 3.322272 
22.39 	 3.322656 
22.40 	 3.323041 
22.41 	 3.323426 
22.42 	 3.323812 
22.43 	 3.324199 
22.44 	 3.324585 
22.45 	 3.324973 
22.46 	 3.325361 
22.47 	 3.325749 
22.48 	 3.326138 
22.49 	 3.326527 
22.50 	 3.326917 
22.51 	 3.327308 
22.52 	 3.327699 
22.53 	 3.328090 
22.54 	 3.328482 
22.55 	 3.328874 
22.56 	 3.329267 
22.57 	 3.329661 
22.58 	 3.330055 
22.59 	 3.330449 
22.60 	 3.330844 
22.61 	 3.331240 
22.62 	 3.331636 
22.63 	 3.332032 
22.64 	 3.332429 
22.65 	 3.332827 
22.66 	 3.333225 
22.67 	 3.333623 
22.68 	 3.334022 
22.69 	 3.334421 
22.70 	 3.334821 
22.71 	 3.335222 
22.72 	 3.335623 
22.73 	 3.336024 
22.74 	 3.336426 
22.75 	 3.336828 
22.76 	 3.337231 
22.77 	 3.337634 
22.78 	 3.338038 
22.79 	 3.338442 
22.80 	 3.338847 
22.81 	 3.339252 
22.82 	 3.339657 
22.83 	 3.340064 
22.84 	 3.340470 
22.85 	 3.340877 
22.86 	 3.341285 
22.87 	 3.341692 
22.88 	 3.342101 
22.89 	 3.342510 
22.90 	 3.342919 
22.91 	 3.343329 
22.92 	 3.343739 
22.93 	 3.344149 
22.94 	 3.344560 
22.95 	 3.344972 
22.96 	 3.345384 
22.97 	 3.345796 
22.98 	 3.346209 
22.99 	 3.346622 
23.00 	 3.347036 
23.01 	 3.347450 
23.02 	 3.347865 
23.03 	 3.348280 
23.04 	 3.348695 
23.05 	 3.349111 
23.06 	 3.349527 
23.07 	 3.349944 
23.08 	 3.350361 
23.09 	 3.350779 
23.10 	 3.351196 
23.11 	 3.351615 
23.12 	 3.352034 
23.13 	 3.352453 
23.14 	 3.352872 
23.15 	 3.353292 
23.16 	 3.353713 
23.17 	 3.354133 
23.18 	 3.354554 
23.19 	 3.354976 
23.20 	 3.355398 
23.21 	 3.355820 
23.22 	 3.356243 
23.23 	 3.356666 
23.24 	 3.357090 
23.25 	 3.357513 
23.26 	 3.357938 
23.27 	 3.358362 
23.28 	 3.358787 
23.29 	 3.359213 
23.30 	 3.359638 
23.31 	 3.360065 
23.32 	 3.360491 
23.33 	 3.360918 
23.34 	 3.361345 
23.35 	 3.361773 
23.36 	 3.362201 
23.37 	 3.362629 
23.38 	 3.363057 
23.39 	 3.363486 
23.40 	 3.363916 
23.41 	 3.364345 
23.42 	 3.364775 
23.43 	 3.365206 
23.44 	 3.365636 
23.45 	 3.366067 
23.46 	 3.366499 
23.47 	 3.366930 
23.48 	 3.367362 
23.49 	 3.367795 
23.50 	 3.368227 
23.51 	 3.368660 
23.52 	 3.369093 
23.53 	 3.369527 
23.54 	 3.369961 
23.55 	 3.370395 
23.56 	 3.370830 
23.57 	 3.371264 
23.58 	 3.371699 
23.59 	 3.372135 
23.60 	 3.372570 
23.61 	 3.373006 
23.62 	 3.373443 
23.63 	 3.373879 
23.64 	 3.374316 
23.65 	 3.374753 
23.66 	 3.375191 
23.67 	 3.375628 
23.68 	 3.376066 
23.69 	 3.376504 
23.70 	 3.376943 
23.71 	 3.377381 
23.72 	 3.377820 
23.73 	 3.378260 
23.74 	 3.378699 
23.75 	 3.379139 
23.76 	 3.379579 
23.77 	 3.380019 
23.78 	 3.380460 
23.79 	 3.380900 
23.80 	 3.381341 
23.81 	 3.381782 
23.82 	 3.382224 
23.83 	 3.382665 
23.84 	 3.383107 
23.85 	 3.383549 
23.86 	 3.383992 
23.87 	 3.384434 
23.88 	 3.384877 
23.89 	 3.385320 
23.90 	 3.385763 
23.91 	 3.386206 
23.92 	 3.386650 
23.93 	 3.387094 
23.94 	 3.387538 
23.95 	 3.387982 
23.96 	 3.388426 
23.97 	 3.388870 
23.98 	 3.389315 
23.99 	 3.389760 
24.00 	 3.390205 
24.01 	 3.390650 
24.02 	 3.391096 
24.03 	 3.391541 
24.04 	 3.391987 
24.05 	 3.392433 
24.06 	 3.392879 
24.07 	 3.393325 
24.08 	 3.393771 
24.09 	 3.394217 
24.10 	 3.394664 
24.11 	 3.395111 
24.12 	 3.395558 
24.13 	 3.396005 
24.14 	 3.396452 
24.15 	 3.396899 
24.16 	 3.397346 
24.17 	 3.397794 
24.18 	 3.398241 
24.19 	 3.398689 
24.20 	 3.399137 
24.21 	 3.399585 
24.22 	 3.400033 
24.23 	 3.400481 
24.24 	 3.400929 
24.25 	 3.401377 
24.26 	 3.401826 
24.27 	 3.402274 
24.28 	 3.402723 
24.29 	 3.403171 
24.30 	 3.403620 
24.31 	 3.404069 
24.32 	 3.404518 
24.33 	 3.404967 
24.34 	 3.405416 
24.35 	 3.405865 
24.36 	 3.406314 
24.37 	 3.406763 
24.38 	 3.407212 
24.39 	 3.407661 
24.40 	 3.408110 
24.41 	 3.408560 
24.42 	 3.409009 
24.43 	 3.409458 
24.44 	 3.409908 
24.45 	 3.410357 
24.46 	 3.410806 
24.47 	 3.411256 
24.48 	 3.411705 
24.49 	 3.412154 
24.50 	 3.412604 
24.51 	 3.413053 
24.52 	 3.413503 
24.53 	 3.413952 
24.54 	 3.414402 
24.55 	 3.414851 
24.56 	 3.415300 
24.57 	 3.415750 
24.58 	 3.416199 
24.59 	 3.416648 
24.60 	 3.417097 
24.61 	 3.417547 
24.62 	 3.417996 
24.63 	 3.418445 
24.64 	 3.418894 
24.65 	 3.419343 
24.66 	 3.419792 
24.67 	 3.420241 
24.68 	 3.420690 
24.69 	 3.421138 
24.70 	 3.421587 
24.71 	 3.422036 
24.72 	 3.422484 
24.73 	 3.422933 
24.74 	 3.423381 
24.75 	 3.423829 
24.76 	 3.424278 
24.77 	 3.424726 
24.78 	 3.425174 
24.79 	 3.425622 
24.80 	 3.426069 
24.81 	 3.426517 
24.82 	 3.426965 
24.83 	 3.427412 
24.84 	 3.427859 
24.85 	 3.428307 
24.86 	 3.428754 
24.87 	 3.429201 
24.88 	 3.429647 
24.89 	 3.430094 
24.90 	 3.430540 
24.91 	 3.430987 
24.92 	 3.431433 
24.93 	 3.431879 
24.94 	 3.432325 
24.95 	 3.432771 
24.96 	 3.433216 
24.97 	 3.433662 
24.98 	 3.434107 
24.99 	 3.434552 
25.00 	 3.434997 
25.01 	 3.435441 
25.02 	 3.435886 
25.03 	 3.436330 
25.04 	 3.436774 
25.05 	 3.437218 
25.06 	 3.437662 
25.07 	 3.438105 
25.08 	 3.438549 
25.09 	 3.438992 
25.10 	 3.439434 
25.11 	 3.439877 
25.12 	 3.440319 
25.13 	 3.440762 
25.14 	 3.441203 
25.15 	 3.441645 
25.16 	 3.442087 
25.17 	 3.442528 
25.18 	 3.442969 
25.19 	 3.443409 
25.20 	 3.443850 
25.21 	 3.444290 
25.22 	 3.444730 
25.23 	 3.445170 
25.24 	 3.445609 
25.25 	 3.446048 
25.26 	 3.446487 
25.27 	 3.446925 
25.28 	 3.447364 
25.29 	 3.447802 
25.30 	 3.448239 
25.31 	 3.448677 
25.32 	 3.449114 
25.33 	 3.449551 
25.34 	 3.449987 
25.35 	 3.450423 
25.36 	 3.450859 
25.37 	 3.451295 
25.38 	 3.451730 
25.39 	 3.452165 
25.40 	 3.452599 
25.41 	 3.453033 
25.42 	 3.453467 
25.43 	 3.453901 
25.44 	 3.454334 
25.45 	 3.454767 
25.46 	 3.455199 
25.47 	 3.455632 
25.48 	 3.456063 
25.49 	 3.456495 
25.50 	 3.456926 
25.51 	 3.457357 
25.52 	 3.457787 
25.53 	 3.458217 
25.54 	 3.458647 
25.55 	 3.459076 
25.56 	 3.459505 
25.57 	 3.459933 
25.58 	 3.460361 
25.59 	 3.460789 
25.60 	 3.461216 
25.61 	 3.461643 
25.62 	 3.462069 
25.63 	 3.462496 
25.64 	 3.462921 
25.65 	 3.463346 
25.66 	 3.463771 
25.67 	 3.464196 
25.68 	 3.464620 
25.69 	 3.465043 
25.70 	 3.465466 
25.71 	 3.465889 
25.72 	 3.466311 
25.73 	 3.466733 
25.74 	 3.467154 
25.75 	 3.467575 
25.76 	 3.467996 
25.77 	 3.468416 
25.78 	 3.468835 
25.79 	 3.469254 
25.80 	 3.469673 
25.81 	 3.470091 
25.82 	 3.470509 
25.83 	 3.470926 
25.84 	 3.471343 
25.85 	 3.471759 
25.86 	 3.472175 
25.87 	 3.472590 
25.88 	 3.473005 
25.89 	 3.473419 
25.90 	 3.473833 
25.91 	 3.474247 
25.92 	 3.474659 
25.93 	 3.475072 
25.94 	 3.475484 
25.95 	 3.475895 
25.96 	 3.476306 
25.97 	 3.476716 
25.98 	 3.477126 
25.99 	 3.477535 
26.00 	 3.477944 
26.01 	 3.478352 
26.02 	 3.478760 
26.03 	 3.479167 
26.04 	 3.479573 
26.05 	 3.479979 
26.06 	 3.480385 
26.07 	 3.480790 
26.08 	 3.481194 
26.09 	 3.481598 
26.10 	 3.482002 
26.11 	 3.482404 
26.12 	 3.482807 
26.13 	 3.483208 
26.14 	 3.483609 
26.15 	 3.484010 
26.16 	 3.484410 
26.17 	 3.484809 
26.18 	 3.485208 
26.19 	 3.485606 
26.20 	 3.486004 
26.21 	 3.486401 
26.22 	 3.486798 
26.23 	 3.487194 
26.24 	 3.487589 
26.25 	 3.487984 
26.26 	 3.488378 
26.27 	 3.488772 
26.28 	 3.489164 
26.29 	 3.489557 
26.30 	 3.489949 
26.31 	 3.490340 
26.32 	 3.490730 
26.33 	 3.491120 
26.34 	 3.491510 
26.35 	 3.491898 
26.36 	 3.492286 
26.37 	 3.492674 
26.38 	 3.493061 
26.39 	 3.493447 
26.40 	 3.493832 
26.41 	 3.494217 
26.42 	 3.494602 
26.43 	 3.494985 
26.44 	 3.495368 
26.45 	 3.495751 
26.46 	 3.496133 
26.47 	 3.496514 
26.48 	 3.496894 
26.49 	 3.497274 
26.50 	 3.497653 
26.51 	 3.498032 
26.52 	 3.498410 
26.53 	 3.498787 
26.54 	 3.499163 
26.55 	 3.499539 
26.56 	 3.499915 
26.57 	 3.500289 
26.58 	 3.500663 
26.59 	 3.501036 
26.60 	 3.501409 
26.61 	 3.501781 
26.62 	 3.502152 
26.63 	 3.502523 
26.64 	 3.502893 
26.65 	 3.503262 
26.66 	 3.503630 
26.67 	 3.503998 
26.68 	 3.504365 
26.69 	 3.504732 
26.70 	 3.505098 
26.71 	 3.505463 
26.72 	 3.505827 
26.73 	 3.506191 
26.74 	 3.506554 
26.75 	 3.506916 
26.76 	 3.507278 
26.77 	 3.507639 
26.78 	 3.507999 
26.79 	 3.508359 
26.80 	 3.508717 
26.81 	 3.509075 
26.82 	 3.509433 
26.83 	 3.509790 
26.84 	 3.510146 
26.85 	 3.510501 
26.86 	 3.510855 
26.87 	 3.511209 
26.88 	 3.511562 
26.89 	 3.511915 
26.90 	 3.512266 
26.91 	 3.512617 
26.92 	 3.512968 
26.93 	 3.513317 
26.94 	 3.513666 
26.95 	 3.514014 
26.96 	 3.514361 
26.97 	 3.514708 
26.98 	 3.515054 
26.99 	 3.515399 
27.00 	 3.515744 
27.01 	 3.516087 
27.02 	 3.516430 
27.03 	 3.516772 
27.04 	 3.517114 
27.05 	 3.517455 
27.06 	 3.517795 
27.07 	 3.518134 
27.08 	 3.518473 
27.09 	 3.518810 
27.10 	 3.519147 
27.11 	 3.519484 
27.12 	 3.519819 
27.13 	 3.520154 
27.14 	 3.520488 
27.15 	 3.520821 
27.16 	 3.521154 
27.17 	 3.521486 
27.18 	 3.521817 
27.19 	 3.522147 
27.20 	 3.522477 
27.21 	 3.522806 
27.22 	 3.523134 
27.23 	 3.523461 
27.24 	 3.523788 
27.25 	 3.524113 
27.26 	 3.524438 
27.27 	 3.524763 
27.28 	 3.525086 
27.29 	 3.525409 
27.30 	 3.525731 
27.31 	 3.526052 
27.32 	 3.526373 
27.33 	 3.526692 
27.34 	 3.527011 
27.35 	 3.527330 
27.36 	 3.527647 
27.37 	 3.527964 
27.38 	 3.528280 
27.39 	 3.528595 
27.40 	 3.528909 
27.41 	 3.529223 
27.42 	 3.529535 
27.43 	 3.529848 
27.44 	 3.530159 
27.45 	 3.530469 
27.46 	 3.530779 
27.47 	 3.531088 
27.48 	 3.531396 
27.49 	 3.531704 
27.50 	 3.532010 
27.51 	 3.532316 
27.52 	 3.532622 
27.53 	 3.532926 
27.54 	 3.533230 
27.55 	 3.533532 
27.56 	 3.533834 
27.57 	 3.534136 
27.58 	 3.534436 
27.59 	 3.534736 
27.60 	 3.535035 
27.61 	 3.535333 
27.62 	 3.535631 
27.63 	 3.535927 
27.64 	 3.536223 
27.65 	 3.536518 
27.66 	 3.536813 
27.67 	 3.537106 
27.68 	 3.537399 
27.69 	 3.537691 
27.70 	 3.537982 
27.71 	 3.538273 
27.72 	 3.538562 
27.73 	 3.538851 
27.74 	 3.539140 
27.75 	 3.539427 
27.76 	 3.539714 
27.77 	 3.539999 
27.78 	 3.540284 
27.79 	 3.540569 
27.80 	 3.540852 
27.81 	 3.541135 
27.82 	 3.541417 
27.83 	 3.541698 
27.84 	 3.541979 
27.85 	 3.542258 
27.86 	 3.542537 
27.87 	 3.542815 
27.88 	 3.543093 
27.89 	 3.543369 
27.90 	 3.543645 
27.91 	 3.543920 
27.92 	 3.544194 
27.93 	 3.544468 
27.94 	 3.544741 
27.95 	 3.545013 
27.96 	 3.545284 
27.97 	 3.545554 
27.98 	 3.545824 
27.99 	 3.546093 
28.00 	 3.546361 
28.01 	 3.546628 
28.02 	 3.546895 
28.03 	 3.547161 
28.04 	 3.547426 
28.05 	 3.547690 
28.06 	 3.547954 
28.07 	 3.548217 
28.08 	 3.548479 
28.09 	 3.548740 
28.10 	 3.549000 
28.11 	 3.549260 
28.12 	 3.549519 
28.13 	 3.549777 
28.14 	 3.550035 
28.15 	 3.550291 
28.16 	 3.550547 
28.17 	 3.550802 
28.18 	 3.551057 
28.19 	 3.551311 
28.20 	 3.551563 
28.21 	 3.551816 
28.22 	 3.552067 
28.23 	 3.552318 
28.24 	 3.552568 
28.25 	 3.552817 
28.26 	 3.553065 
28.27 	 3.553313 
28.28 	 3.553560 
28.29 	 3.553806 
28.30 	 3.554051 
28.31 	 3.554296 
28.32 	 3.554540 
28.33 	 3.554783 
28.34 	 3.555025 
28.35 	 3.555267 
28.36 	 3.555508 
28.37 	 3.555748 
28.38 	 3.555987 
28.39 	 3.556226 
28.40 	 3.556464 
28.41 	 3.556701 
28.42 	 3.556938 
28.43 	 3.557174 
28.44 	 3.557409 
28.45 	 3.557643 
28.46 	 3.557876 
28.47 	 3.558109 
28.48 	 3.558341 
28.49 	 3.558573 
28.50 	 3.558803 
28.51 	 3.559033 
28.52 	 3.559262 
28.53 	 3.559491 
28.54 	 3.559718 
28.55 	 3.559945 
28.56 	 3.560172 
28.57 	 3.560397 
28.58 	 3.560622 
28.59 	 3.560846 
28.60 	 3.561069 
28.61 	 3.561292 
28.62 	 3.561514 
28.63 	 3.561735 
28.64 	 3.561956 
28.65 	 3.562175 
28.66 	 3.562394 
28.67 	 3.562613 
28.68 	 3.562830 
28.69 	 3.563047 
28.70 	 3.563263 
28.71 	 3.563479 
28.72 	 3.563694 
28.73 	 3.563908 
28.74 	 3.564121 
28.75 	 3.564334 
28.76 	 3.564546 
28.77 	 3.564757 
28.78 	 3.564968 
28.79 	 3.565178 
28.80 	 3.565387 
28.81 	 3.565595 
28.82 	 3.565803 
28.83 	 3.566010 
28.84 	 3.566217 
28.85 	 3.566422 
28.86 	 3.566627 
28.87 	 3.566832 
28.88 	 3.567035 
28.89 	 3.567238 
28.90 	 3.567441 
28.91 	 3.567642 
28.92 	 3.567843 
28.93 	 3.568043 
28.94 	 3.568243 
28.95 	 3.568442 
28.96 	 3.568640 
28.97 	 3.568837 
28.98 	 3.569034 
28.99 	 3.569230 
29.00 	 3.569426 
29.01 	 3.569621 
29.02 	 3.569815 
29.03 	 3.570008 
29.04 	 3.570201 
29.05 	 3.570393 
29.06 	 3.570585 
29.07 	 3.570776 
29.08 	 3.570966 
29.09 	 3.571155 
29.10 	 3.571344 
29.11 	 3.571532 
29.12 	 3.571720 
29.13 	 3.571907 
29.14 	 3.572093 
29.15 	 3.572279 
29.16 	 3.572464 
29.17 	 3.572648 
29.18 	 3.572831 
29.19 	 3.573014 
29.20 	 3.573197 
29.21 	 3.573379 
29.22 	 3.573560 
29.23 	 3.573740 
29.24 	 3.573920 
29.25 	 3.574099 
29.26 	 3.574277 
29.27 	 3.574455 
29.28 	 3.574633 
29.29 	 3.574809 
29.30 	 3.574985 
29.31 	 3.575160 
29.32 	 3.575335 
29.33 	 3.575509 
29.34 	 3.575683 
29.35 	 3.575856 
29.36 	 3.576028 
29.37 	 3.576199 
29.38 	 3.576370 
29.39 	 3.576541 
29.40 	 3.576710 
29.41 	 3.576880 
29.42 	 3.577048 
29.43 	 3.577216 
29.44 	 3.577383 
29.45 	 3.577550 
29.46 	 3.577716 
29.47 	 3.577882 
29.48 	 3.578047 
29.49 	 3.578211 
29.50 	 3.578375 
29.51 	 3.578538 
29.52 	 3.578700 
29.53 	 3.578862 
29.54 	 3.579023 
29.55 	 3.579184 
29.56 	 3.579344 
29.57 	 3.579504 
29.58 	 3.579663 
29.59 	 3.579821 
29.60 	 3.579979 
29.61 	 3.580136 
29.62 	 3.580292 
29.63 	 3.580448 
29.64 	 3.580604 
29.65 	 3.580759 
29.66 	 3.580913 
29.67 	 3.581067 
29.68 	 3.581220 
29.69 	 3.581372 
29.70 	 3.581524 
29.71 	 3.581676 
29.72 	 3.581827 
29.73 	 3.581977 
29.74 	 3.582127 
29.75 	 3.582276 
29.76 	 3.582424 
29.77 	 3.582572 
29.78 	 3.582720 
29.79 	 3.582867 
29.80 	 3.583013 
29.81 	 3.583159 
29.82 	 3.583304 
29.83 	 3.583449 
29.84 	 3.583593 
29.85 	 3.583737 
29.86 	 3.583880 
29.87 	 3.584023 
29.88 	 3.584165 
29.89 	 3.584306 
29.90 	 3.584447 
29.91 	 3.584587 
29.92 	 3.584727 
29.93 	 3.584866 
29.94 	 3.585005 
29.95 	 3.585143 
29.96 	 3.585281 
29.97 	 3.585418 
29.98 	 3.585555 
29.99 	 3.585691 
30.00 	 3.585827 
30.01 	 3.585962 
30.02 	 3.586096 
30.03 	 3.586230 
30.04 	 3.586364 
30.05 	 3.586497 
30.06 	 3.586629 
30.07 	 3.586761 
30.08 	 3.586893 
30.09 	 3.587024 
30.10 	 3.587154 
30.11 	 3.587284 
30.12 	 3.587414 
30.13 	 3.587543 
30.14 	 3.587671 
30.15 	 3.587799 
30.16 	 3.587926 
30.17 	 3.588053 
30.18 	 3.588180 
30.19 	 3.588306 
30.20 	 3.588431 
30.21 	 3.588556 
30.22 	 3.588681 
30.23 	 3.588805 
30.24 	 3.588928 
30.25 	 3.589051 
30.26 	 3.589174 
30.27 	 3.589296 
30.28 	 3.589417 
30.29 	 3.589538 
30.30 	 3.589659 
30.31 	 3.589779 
30.32 	 3.589899 
30.33 	 3.590018 
30.34 	 3.590137 
30.35 	 3.590255 
30.36 	 3.590373 
30.37 	 3.590490 
30.38 	 3.590607 
30.39 	 3.590723 
30.40 	 3.590839 
30.41 	 3.590954 
30.42 	 3.591069 
30.43 	 3.591184 
30.44 	 3.591298 
30.45 	 3.591412 
30.46 	 3.591525 
30.47 	 3.591638 
30.48 	 3.591750 
30.49 	 3.591862 
30.50 	 3.591973 
30.51 	 3.592084 
30.52 	 3.592194 
30.53 	 3.592304 
30.54 	 3.592414 
30.55 	 3.592523 
30.56 	 3.592632 
30.57 	 3.592740 
30.58 	 3.592848 
30.59 	 3.592955 
30.60 	 3.593062 
30.61 	 3.593169 
30.62 	 3.593275 
30.63 	 3.593381 
30.64 	 3.593486 
30.65 	 3.593591 
30.66 	 3.593695 
30.67 	 3.593799 
30.68 	 3.593902 
30.69 	 3.594006 
30.70 	 3.594108 
30.71 	 3.594211 
30.72 	 3.594312 
30.73 	 3.594414 
30.74 	 3.594515 
30.75 	 3.594616 
30.76 	 3.594716 
30.77 	 3.594816 
30.78 	 3.594915 
30.79 	 3.595014 
30.80 	 3.595113 
30.81 	 3.595211 
30.82 	 3.595309 
30.83 	 3.595406 
30.84 	 3.595503 
30.85 	 3.595599 
30.86 	 3.595696 
30.87 	 3.595791 
30.88 	 3.595887 
30.89 	 3.595982 
30.90 	 3.596076 
30.91 	 3.596171 
30.92 	 3.596265 
30.93 	 3.596358 
30.94 	 3.596451 
30.95 	 3.596544 
30.96 	 3.596636 
30.97 	 3.596728 
30.98 	 3.596819 
30.99 	 3.596911 
31.00 	 3.597001 
31.01 	 3.597092 
31.02 	 3.597182 
31.03 	 3.597271 
31.04 	 3.597361 
31.05 	 3.597450 
31.06 	 3.597538 
31.07 	 3.597626 
31.08 	 3.597714 
31.09 	 3.597802 
31.10 	 3.597889 
31.11 	 3.597975 
31.12 	 3.598062 
31.13 	 3.598148 
31.14 	 3.598233 
31.15 	 3.598319 
31.16 	 3.598404 
31.17 	 3.598488 
31.18 	 3.598572 
31.19 	 3.598656 
31.20 	 3.598740 
31.21 	 3.598823 
31.22 	 3.598906 
31.23 	 3.598988 
31.24 	 3.599070 
31.25 	 3.599152 
31.26 	 3.599234 
31.27 	 3.599315 
31.28 	 3.599395 
31.29 	 3.599476 
31.30 	 3.599556 
31.31 	 3.599636 
31.32 	 3.599715 
31.33 	 3.599794 
31.34 	 3.599873 
31.35 	 3.599951 
31.36 	 3.600029 
31.37 	 3.600107 
31.38 	 3.600184 
31.39 	 3.600261 
31.40 	 3.600338 
31.41 	 3.600415 
31.42 	 3.600491 
31.43 	 3.600566 
31.44 	 3.600642 
31.45 	 3.600717 
31.46 	 3.600792 
31.47 	 3.600866 
31.48 	 3.600941 
31.49 	 3.601014 
31.50 	 3.601088 
31.51 	 3.601161 
31.52 	 3.601234 
31.53 	 3.601307 
31.54 	 3.601379 
31.55 	 3.601451 
31.56 	 3.601523 
31.57 	 3.601594 
31.58 	 3.601665 
31.59 	 3.601736 
31.60 	 3.601807 
31.61 	 3.601877 
31.62 	 3.601947 
31.63 	 3.602016 
31.64 	 3.602086 
31.65 	 3.602155 
31.66 	 3.602223 
31.67 	 3.602292 
31.68 	 3.602360 
31.69 	 3.602428 
31.70 	 3.602495 
31.71 	 3.602562 
31.72 	 3.602629 
31.73 	 3.602696 
31.74 	 3.602762 
31.75 	 3.602828 
31.76 	 3.602894 
31.77 	 3.602960 
31.78 	 3.603025 
31.79 	 3.603090 
31.80 	 3.603155 
31.81 	 3.603219 
31.82 	 3.603283 
31.83 	 3.603347 
31.84 	 3.603411 
31.85 	 3.603474 
31.86 	 3.603537 
31.87 	 3.603600 
31.88 	 3.603662 
31.89 	 3.603724 
31.90 	 3.603786 
31.91 	 3.603848 
31.92 	 3.603909 
31.93 	 3.603971 
31.94 	 3.604031 
31.95 	 3.604092 
31.96 	 3.604152 
31.97 	 3.604212 
31.98 	 3.604272 
31.99 	 3.604332 
32.00 	 3.604391 
32.01 	 3.604450 
32.02 	 3.604509 
32.03 	 3.604568 
32.04 	 3.604626 
32.05 	 3.604684 
32.06 	 3.604742 
32.07 	 3.604799 
32.08 	 3.604856 
32.09 	 3.604914 
32.10 	 3.604970 
32.11 	 3.605027 
32.12 	 3.605083 
32.13 	 3.605139 
32.14 	 3.605195 
32.15 	 3.605251 
32.16 	 3.605306 
32.17 	 3.605361 
32.18 	 3.605416 
32.19 	 3.605470 
32.20 	 3.605525 
32.21 	 3.605579 
32.22 	 3.605633 
32.23 	 3.605686 
32.24 	 3.605740 
32.25 	 3.605793 
32.26 	 3.605846 
32.27 	 3.605899 
32.28 	 3.605951 
32.29 	 3.606003 
32.30 	 3.606055 
32.31 	 3.606107 
32.32 	 3.606159 
32.33 	 3.606210 
32.34 	 3.606261 
32.35 	 3.606312 
32.36 	 3.606363 
32.37 	 3.606413 
32.38 	 3.606463 
32.39 	 3.606513 
32.40 	 3.606563 
32.41 	 3.606613 
32.42 	 3.606662 
32.43 	 3.606711 
32.44 	 3.606760 
32.45 	 3.606809 
32.46 	 3.606857 
32.47 	 3.606906 
32.48 	 3.606954 
32.49 	 3.607002 
32.50 	 3.607049 
32.51 	 3.607097 
32.52 	 3.607144 
32.53 	 3.607191 
32.54 	 3.607238 
32.55 	 3.607284 
32.56 	 3.607331 
32.57 	 3.607377 
32.58 	 3.607423 
32.59 	 3.607469 
32.60 	 3.607514 
32.61 	 3.607560 
32.62 	 3.607605 
32.63 	 3.607650 
32.64 	 3.607695 
32.65 	 3.607739 
32.66 	 3.607783 
32.67 	 3.607828 
32.68 	 3.607872 
32.69 	 3.607915 
32.70 	 3.607959 
32.71 	 3.608002 
32.72 	 3.608046 
32.73 	 3.608089 
32.74 	 3.608132 
32.75 	 3.608174 
32.76 	 3.608217 
32.77 	 3.608259 
32.78 	 3.608301 
32.79 	 3.608343 
32.80 	 3.608385 
32.81 	 3.608426 
32.82 	 3.608467 
32.83 	 3.608509 
32.84 	 3.608549 
32.85 	 3.608590 
32.86 	 3.608631 
32.87 	 3.608671 
32.88 	 3.608712 
32.89 	 3.608752 
32.90 	 3.608791 
32.91 	 3.608831 
32.92 	 3.608871 
32.93 	 3.608910 
32.94 	 3.608949 
32.95 	 3.608988 
32.96 	 3.609027 
32.97 	 3.609066 
32.98 	 3.609104 
32.99 	 3.609143 
33.00 	 3.609181 
33.01 	 3.609219 
33.02 	 3.609256 
33.03 	 3.609294 
33.04 	 3.609332 
33.05 	 3.609369 
33.06 	 3.609406 
33.07 	 3.609443 
33.08 	 3.609480 
33.09 	 3.609516 
33.10 	 3.609553 
33.11 	 3.609589 
33.12 	 3.609625 
33.13 	 3.609661 
33.14 	 3.609697 
33.15 	 3.609733 
33.16 	 3.609768 
33.17 	 3.609804 
33.18 	 3.609839 
33.19 	 3.609874 
33.20 	 3.609909 
33.21 	 3.609943 
33.22 	 3.609978 
33.23 	 3.610012 
33.24 	 3.610047 
33.25 	 3.610081 
33.26 	 3.610115 
33.27 	 3.610148 
33.28 	 3.610182 
33.29 	 3.610215 
33.30 	 3.610249 
33.31 	 3.610282 
33.32 	 3.610315 
33.33 	 3.610348 
33.34 	 3.610381 
33.35 	 3.610413 
33.36 	 3.610446 
33.37 	 3.610478 
33.38 	 3.610510 
33.39 	 3.610542 
33.40 	 3.610574 
33.41 	 3.610606 
33.42 	 3.610637 
33.43 	 3.610669 
33.44 	 3.610700 
33.45 	 3.610731 
33.46 	 3.610762 
33.47 	 3.610793 
33.48 	 3.610824 
33.49 	 3.610854 
33.50 	 3.610885 
33.51 	 3.610915 
33.52 	 3.610945 
33.53 	 3.610975 
33.54 	 3.611005 
33.55 	 3.611035 
33.56 	 3.611065 
33.57 	 3.611094 
33.58 	 3.611124 
33.59 	 3.611153 
33.60 	 3.611182 
33.61 	 3.611211 
33.62 	 3.611240 
33.63 	 3.611268 
33.64 	 3.611297 
33.65 	 3.611325 
33.66 	 3.611354 
33.67 	 3.611382 
33.68 	 3.611410 
33.69 	 3.611438 
33.70 	 3.611466 
33.71 	 3.611493 
33.72 	 3.611521 
33.73 	 3.611548 
33.74 	 3.611576 
33.75 	 3.611603 
33.76 	 3.611630 
33.77 	 3.611657 
33.78 	 3.611684 
33.79 	 3.611711 
33.80 	 3.611737 
33.81 	 3.611764 
33.82 	 3.611790 
33.83 	 3.611816 
33.84 	 3.611842 
33.85 	 3.611868 
33.86 	 3.611894 
33.87 	 3.611920 
33.88 	 3.611945 
33.89 	 3.611971 
33.90 	 3.611996 
33.91 	 3.612022 
33.92 	 3.612047 
33.93 	 3.612072 
33.94 	 3.612097 
33.95 	 3.612122 
33.96 	 3.612146 
33.97 	 3.612171 
33.98 	 3.612196 
33.99 	 3.612220 
34.00 	 3.612244 
34.01 	 3.612268 
34.02 	 3.612292 
34.03 	 3.612316 
34.04 	 3.612340 
34.05 	 3.612364 
34.06 	 3.612387 
34.07 	 3.612411 
34.08 	 3.612434 
34.09 	 3.612458 
34.10 	 3.612481 
34.11 	 3.612504 
34.12 	 3.612527 
34.13 	 3.612550 
34.14 	 3.612573 
34.15 	 3.612595 
34.16 	 3.612618 
34.17 	 3.612640 
34.18 	 3.612663 
34.19 	 3.612685 
34.20 	 3.612707 
34.21 	 3.612729 
34.22 	 3.612751 
34.23 	 3.612773 
34.24 	 3.612795 
34.25 	 3.612816 
34.26 	 3.612838 
34.27 	 3.612859 
34.28 	 3.612881 
34.29 	 3.612902 
34.30 	 3.612923 
34.31 	 3.612944 
34.32 	 3.612965 
34.33 	 3.612986 
34.34 	 3.613007 
34.35 	 3.613027 
34.36 	 3.613048 
34.37 	 3.613068 
34.38 	 3.613089 
34.39 	 3.613109 
34.40 	 3.613129 
34.41 	 3.613150 
34.42 	 3.613170 
34.43 	 3.613189 
34.44 	 3.613209 
34.45 	 3.613229 
34.46 	 3.613249 
34.47 	 3.613268 
34.48 	 3.613288 
34.49 	 3.613307 
34.50 	 3.613327 
34.51 	 3.613346 
34.52 	 3.613365 
34.53 	 3.613384 
34.54 	 3.613403 
34.55 	 3.613422 
34.56 	 3.613441 
34.57 	 3.613459 
34.58 	 3.613478 
34.59 	 3.613496 
34.60 	 3.613515 
34.61 	 3.613533 
34.62 	 3.613551 
34.63 	 3.613570 
34.64 	 3.613588 
34.65 	 3.613606 
34.66 	 3.613624 
34.67 	 3.613642 
34.68 	 3.613659 
34.69 	 3.613677 
34.70 	 3.613695 
34.71 	 3.613712 
34.72 	 3.613730 
34.73 	 3.613747 
34.74 	 3.613764 
34.75 	 3.613782 
34.76 	 3.613799 
34.77 	 3.613816 
34.78 	 3.613833 
34.79 	 3.613850 
34.80 	 3.613866 
34.81 	 3.613883 
34.82 	 3.613900 
34.83 	 3.613916 
34.84 	 3.613933 
34.85 	 3.613949 
34.86 	 3.613966 
34.87 	 3.613982 
34.88 	 3.613998 
34.89 	 3.614014 
34.90 	 3.614030 
34.91 	 3.614046 
34.92 	 3.614062 
34.93 	 3.614078 
34.94 	 3.614094 
34.95 	 3.614110 
34.96 	 3.614125 
34.97 	 3.614141 
34.98 	 3.614156 
34.99 	 3.614172 
35.00 	 3.614187 
35.01 	 3.614202 
35.02 	 3.614218 
35.03 	 3.614233 
35.04 	 3.614248 
35.05 	 3.614263 
35.06 	 3.614278 
35.07 	 3.614293 
35.08 	 3.614307 
35.09 	 3.614322 
35.10 	 3.614337 
35.11 	 3.614351 
35.12 	 3.614366 
35.13 	 3.614380 
35.14 	 3.614395 
35.15 	 3.614409 
35.16 	 3.614423 
35.17 	 3.614437 
35.18 	 3.614451 
35.19 	 3.614466 
35.20 	 3.614480 
35.21 	 3.614493 
35.22 	 3.614507 
35.23 	 3.614521 
35.24 	 3.614535 
35.25 	 3.614548 
35.26 	 3.614562 
35.27 	 3.614576 
35.28 	 3.614589 
35.29 	 3.614603 
35.30 	 3.614616 
35.31 	 3.614629 
35.32 	 3.614642 
35.33 	 3.614656 
35.34 	 3.614669 
35.35 	 3.614682 
35.36 	 3.614695 
35.37 	 3.614708 
35.38 	 3.614721 
35.39 	 3.614733 
35.40 	 3.614746 
35.41 	 3.614759 
35.42 	 3.614771 
35.43 	 3.614784 
35.44 	 3.614797 
35.45 	 3.614809 
35.46 	 3.614821 
35.47 	 3.614834 
35.48 	 3.614846 
35.49 	 3.614858 
35.50 	 3.614870 
35.51 	 3.614883 
35.52 	 3.614895 
35.53 	 3.614907 
35.54 	 3.614919 
35.55 	 3.614931 
35.56 	 3.614942 
35.57 	 3.614954 
35.58 	 3.614966 
35.59 	 3.614978 
35.60 	 3.614989 
35.61 	 3.615001 
35.62 	 3.615012 
35.63 	 3.615024 
35.64 	 3.615035 
35.65 	 3.615047 
35.66 	 3.615058 
35.67 	 3.615069 
35.68 	 3.615080 
35.69 	 3.615091 
35.70 	 3.615103 
35.71 	 3.615114 
35.72 	 3.615125 
35.73 	 3.615136 
35.74 	 3.615146 
35.75 	 3.615157 
35.76 	 3.615168 
35.77 	 3.615179 
35.78 	 3.615190 
35.79 	 3.615200 
35.80 	 3.615211 
35.81 	 3.615221 
35.82 	 3.615232 
35.83 	 3.615242 
35.84 	 3.615253 
35.85 	 3.615263 
35.86 	 3.615273 
35.87 	 3.615284 
35.88 	 3.615294 
35.89 	 3.615304 
35.90 	 3.615314 
35.91 	 3.615324 
35.92 	 3.615334 
35.93 	 3.615344 
35.94 	 3.615354 
35.95 	 3.615364 
35.96 	 3.615374 
35.97 	 3.615384 
35.98 	 3.615393 
35.99 	 3.615403 
36.00 	 3.615413 
36.01 	 3.615422 
36.02 	 3.615432 
36.03 	 3.615441 
36.04 	 3.615451 
36.05 	 3.615460 
36.06 	 3.615470 
36.07 	 3.615479 
36.08 	 3.615488 
36.09 	 3.615498 
36.10 	 3.615507 
36.11 	 3.615516 
36.12 	 3.615525 
36.13 	 3.615534 
36.14 	 3.615543 
36.15 	 3.615552 
36.16 	 3.615561 
36.17 	 3.615570 
36.18 	 3.615579 
36.19 	 3.615588 
36.20 	 3.615597 
36.21 	 3.615605 
36.22 	 3.615614 
36.23 	 3.615623 
36.24 	 3.615631 
36.25 	 3.615640 
36.26 	 3.615649 
36.27 	 3.615657 
36.28 	 3.615666 
36.29 	 3.615674 
36.30 	 3.615682 
36.31 	 3.615691 
36.32 	 3.615699 
36.33 	 3.615707 
36.34 	 3.615716 
36.35 	 3.615724 
36.36 	 3.615732 
36.37 	 3.615740 
36.38 	 3.615748 
36.39 	 3.615756 
36.40 	 3.615764 
36.41 	 3.615772 
36.42 	 3.615780 
36.43 	 3.615788 
36.44 	 3.615796 
36.45 	 3.615804 
36.46 	 3.615812 
36.47 	 3.615819 
36.48 	 3.615827 
36.49 	 3.615835 
36.50 	 3.615843 
36.51 	 3.615850 
36.52 	 3.615858 
36.53 	 3.615865 
36.54 	 3.615873 
36.55 	 3.615880 
36.56 	 3.615888 
36.57 	 3.615895 
36.58 	 3.615902 
36.59 	 3.615910 
36.60 	 3.615917 
36.61 	 3.615924 
36.62 	 3.615932 
36.63 	 3.615939 
36.64 	 3.615946 
36.65 	 3.615953 
36.66 	 3.615960 
36.67 	 3.615967 
36.68 	 3.615974 
36.69 	 3.615981 
36.70 	 3.615988 
36.71 	 3.615995 
36.72 	 3.616002 
36.73 	 3.616009 
36.74 	 3.616016 
36.75 	 3.616023 
36.76 	 3.616030 
36.77 	 3.616036 
36.78 	 3.616043 
36.79 	 3.616050 
36.80 	 3.616056 
36.81 	 3.616063 
36.82 	 3.616070 
36.83 	 3.616076 
36.84 	 3.616083 
36.85 	 3.616089 
36.86 	 3.616096 
36.87 	 3.616102 
36.88 	 3.616108 
36.89 	 3.616115 
36.90 	 3.616121 
36.91 	 3.616128 
36.92 	 3.616134 
36.93 	 3.616140 
36.94 	 3.616146 
36.95 	 3.616153 
36.96 	 3.616159 
36.97 	 3.616165 
36.98 	 3.616171 
36.99 	 3.616177 
37.00 	 3.616183 
37.01 	 3.616189 
37.02 	 3.616195 
37.03 	 3.616201 
37.04 	 3.616207 
37.05 	 3.616213 
37.06 	 3.616219 
37.07 	 3.616225 
37.08 	 3.616231 
37.09 	 3.616236 
37.10 	 3.616242 
37.11 	 3.616248 
37.12 	 3.616254 
37.13 	 3.616259 
37.14 	 3.616265 
37.15 	 3.616271 
37.16 	 3.616276 
37.17 	 3.616282 
37.18 	 3.616288 
37.19 	 3.616293 
37.20 	 3.616299 
37.21 	 3.616304 
37.22 	 3.616310 
37.23 	 3.616315 
37.24 	 3.616320 
37.25 	 3.616326 
37.26 	 3.616331 
37.27 	 3.616337 
37.28 	 3.616342 
37.29 	 3.616347 
37.30 	 3.616352 
37.31 	 3.616358 
37.32 	 3.616363 
37.33 	 3.616368 
37.34 	 3.616373 
37.35 	 3.616378 
37.36 	 3.616384 
37.37 	 3.616389 
37.38 	 3.616394 
37.39 	 3.616399 
37.40 	 3.616404 
37.41 	 3.616409 
37.42 	 3.616414 
37.43 	 3.616419 
37.44 	 3.616424 
37.45 	 3.616429 
37.46 	 3.616434 
37.47 	 3.616438 
37.48 	 3.616443 
37.49 	 3.616448 
37.50 	 3.616453 
37.51 	 3.616458 
37.52 	 3.616462 
37.53 	 3.616467 
37.54 	 3.616472 
37.55 	 3.616477 
37.56 	 3.616481 
37.57 	 3.616486 
37.58 	 3.616490 
37.59 	 3.616495 
37.60 	 3.616500 
37.61 	 3.616504 
37.62 	 3.616509 
37.63 	 3.616513 
37.64 	 3.616518 
37.65 	 3.616522 
37.66 	 3.616527 
37.67 	 3.616531 
37.68 	 3.616536 
37.69 	 3.616540 
37.70 	 3.616544 
37.71 	 3.616549 
37.72 	 3.616553 
37.73 	 3.616557 
37.74 	 3.616562 
37.75 	 3.616566 
37.76 	 3.616570 
37.77 	 3.616574 
37.78 	 3.616579 
37.79 	 3.616583 
37.80 	 3.616587 
37.81 	 3.616591 
37.82 	 3.616595 
37.83 	 3.616599 
37.84 	 3.616603 
37.85 	 3.616607 
37.86 	 3.616612 
37.87 	 3.616616 
37.88 	 3.616620 
37.89 	 3.616624 
37.90 	 3.616628 
37.91 	 3.616632 
37.92 	 3.616635 
37.93 	 3.616639 
37.94 	 3.616643 
37.95 	 3.616647 
37.96 	 3.616651 
37.97 	 3.616655 
37.98 	 3.616659 
37.99 	 3.616663 
38.00 	 3.616666 
38.01 	 3.616670 
38.02 	 3.616674 
38.03 	 3.616678 
38.04 	 3.616681 
38.05 	 3.616685 
38.06 	 3.616689 
38.07 	 3.616693 
38.08 	 3.616696 
38.09 	 3.616700 
38.10 	 3.616703 
38.11 	 3.616707 
38.12 	 3.616711 
38.13 	 3.616714 
38.14 	 3.616718 
38.15 	 3.616721 
38.16 	 3.616725 
38.17 	 3.616728 
38.18 	 3.616732 
38.19 	 3.616735 
38.20 	 3.616739 
38.21 	 3.616742 
38.22 	 3.616746 
38.23 	 3.616749 
38.24 	 3.616752 
38.25 	 3.616756 
38.26 	 3.616759 
38.27 	 3.616763 
38.28 	 3.616766 
38.29 	 3.616769 
38.30 	 3.616773 
38.31 	 3.616776 
38.32 	 3.616779 
38.33 	 3.616782 
38.34 	 3.616786 
38.35 	 3.616789 
38.36 	 3.616792 
38.37 	 3.616795 
38.38 	 3.616798 
38.39 	 3.616802 
38.40 	 3.616805 
38.41 	 3.616808 
38.42 	 3.616811 
38.43 	 3.616814 
38.44 	 3.616817 
38.45 	 3.616820 
38.46 	 3.616823 
38.47 	 3.616826 
38.48 	 3.616829 
38.49 	 3.616832 
38.50 	 3.616835 
38.51 	 3.616838 
38.52 	 3.616841 
38.53 	 3.616844 
38.54 	 3.616847 
38.55 	 3.616850 
38.56 	 3.616853 
38.57 	 3.616856 
38.58 	 3.616859 
38.59 	 3.616862 
38.60 	 3.616865 
38.61 	 3.616868 
38.62 	 3.616870 
38.63 	 3.616873 
38.64 	 3.616876 
38.65 	 3.616879 
38.66 	 3.616882 
38.67 	 3.616884 
38.68 	 3.616887 
38.69 	 3.616890 
38.70 	 3.616893 
38.71 	 3.616895 
38.72 	 3.616898 
38.73 	 3.616901 
38.74 	 3.616904 
38.75 	 3.616906 
38.76 	 3.616909 
38.77 	 3.616911 
38.78 	 3.616914 
38.79 	 3.616917 
38.80 	 3.616919 
38.81 	 3.616922 
38.82 	 3.616925 
38.83 	 3.616927 
38.84 	 3.616930 
38.85 	 3.616932 
38.86 	 3.616935 
38.87 	 3.616937 
38.88 	 3.616940 
38.89 	 3.616942 
38.90 	 3.616945 
38.91 	 3.616947 
38.92 	 3.616950 
38.93 	 3.616952 
38.94 	 3.616955 
38.95 	 3.616957 
38.96 	 3.616960 
38.97 	 3.616962 
38.98 	 3.616964 
38.99 	 3.616967 
39.00 	 3.616969 
39.01 	 3.616972 
39.02 	 3.616974 
39.03 	 3.616976 
39.04 	 3.616979 
39.05 	 3.616981 
39.06 	 3.616983 
39.07 	 3.616985 
39.08 	 3.616988 
39.09 	 3.616990 
39.10 	 3.616992 
39.11 	 3.616995 
39.12 	 3.616997 
39.13 	 3.616999 
39.14 	 3.617001 
39.15 	 3.617004 
39.16 	 3.617006 
39.17 	 3.617008 
39.18 	 3.617010 
39.19 	 3.617012 
39.20 	 3.617014 
39.21 	 3.617017 
39.22 	 3.617019 
39.23 	 3.617021 
39.24 	 3.617023 
39.25 	 3.617025 
39.26 	 3.617027 
39.27 	 3.617029 
39.28 	 3.617031 
39.29 	 3.617034 
39.30 	 3.617036 
39.31 	 3.617038 
39.32 	 3.617040 
39.33 	 3.617042 
39.34 	 3.617044 
39.35 	 3.617046 
39.36 	 3.617048 
39.37 	 3.617050 
39.38 	 3.617052 
39.39 	 3.617054 
39.40 	 3.617056 
39.41 	 3.617058 
39.42 	 3.617060 
39.43 	 3.617062 
39.44 	 3.617064 
39.45 	 3.617065 
39.46 	 3.617067 
39.47 	 3.617069 
39.48 	 3.617071 
39.49 	 3.617073 
39.50 	 3.617075 
39.51 	 3.617077 
39.52 	 3.617079 
39.53 	 3.617081 
39.54 	 3.617082 
39.55 	 3.617084 
39.56 	 3.617086 
39.57 	 3.617088 
39.58 	 3.617090 
39.59 	 3.617091 
39.60 	 3.617093 
39.61 	 3.617095 
39.62 	 3.617097 
39.63 	 3.617099 
39.64 	 3.617100 
39.65 	 3.617102 
39.66 	 3.617104 
39.67 	 3.617106 
39.68 	 3.617107 
39.69 	 3.617109 
39.70 	 3.617111 
39.71 	 3.617112 
39.72 	 3.617114 
39.73 	 3.617116 
39.74 	 3.617118 
39.75 	 3.617119 
39.76 	 3.617121 
39.77 	 3.617123 
39.78 	 3.617124 
39.79 	 3.617126 
39.80 	 3.617127 
39.81 	 3.617129 
39.82 	 3.617131 
39.83 	 3.617132 
39.84 	 3.617134 
39.85 	 3.617136 
39.86 	 3.617137 
39.87 	 3.617139 
39.88 	 3.617140 
39.89 	 3.617142 
39.90 	 3.617143 
39.91 	 3.617145 
39.92 	 3.617147 
39.93 	 3.617148 
39.94 	 3.617150 
39.95 	 3.617151 
39.96 	 3.617153 
39.97 	 3.617154 
39.98 	 3.617156 
39.99 	 3.617157 
