0.00 	 3.141500 
0.01 	 3.141502 
0.02 	 3.141503 
0.03 	 3.141505 
0.04 	 3.141507 
0.05 	 3.141508 
0.06 	 3.141510 
0.07 	 3.141511 
0.08 	 3.141513 
0.09 	 3.141514 
0.10 	 3.141516 
0.11 	 3.141517 
0.12 	 3.141519 
0.13 	 3.141520 
0.14 	 3.141521 
0.15 	 3.141523 
0.16 	 3.141524 
0.17 	 3.141525 
0.18 	 3.141527 
0.19 	 3.141528 
0.20 	 3.141529 
0.21 	 3.141530 
0.22 	 3.141531 
0.23 	 3.141532 
0.24 	 3.141534 
0.25 	 3.141535 
0.26 	 3.141536 
0.27 	 3.141537 
0.28 	 3.141538 
0.29 	 3.141539 
0.30 	 3.141540 
0.31 	 3.141541 
0.32 	 3.141542 
0.33 	 3.141543 
0.34 	 3.141544 
0.35 	 3.141545 
0.36 	 3.141545 
0.37 	 3.141546 
0.38 	 3.141547 
0.39 	 3.141548 
0.40 	 3.141549 
0.41 	 3.141550 
0.42 	 3.141550 
0.43 	 3.141551 
0.44 	 3.141552 
0.45 	 3.141553 
0.46 	 3.141554 
0.47 	 3.141554 
0.48 	 3.141555 
0.49 	 3.141556 
0.50 	 3.141556 
0.51 	 3.141557 
0.52 	 3.141558 
0.53 	 3.141558 
0.54 	 3.141559 
0.55 	 3.141560 
0.56 	 3.141560 
0.57 	 3.141561 
0.58 	 3.141561 
0.59 	 3.141562 
0.60 	 3.141563 
0.61 	 3.141563 
0.62 	 3.141564 
0.63 	 3.141564 
0.64 	 3.141565 
0.65 	 3.141565 
0.66 	 3.141566 
0.67 	 3.141566 
0.68 	 3.141567 
0.69 	 3.141567 
0.70 	 3.141568 
0.71 	 3.141568 
0.72 	 3.141569 
0.73 	 3.141569 
0.74 	 3.141569 
0.75 	 3.141570 
0.76 	 3.141570 
0.77 	 3.141571 
0.78 	 3.141571 
0.79 	 3.141572 
0.80 	 3.141572 
0.81 	 3.141572 
0.82 	 3.141573 
0.83 	 3.141573 
0.84 	 3.141573 
0.85 	 3.141574 
0.86 	 3.141574 
0.87 	 3.141574 
0.88 	 3.141575 
0.89 	 3.141575 
0.90 	 3.141575 
0.91 	 3.141576 
0.92 	 3.141576 
0.93 	 3.141576 
0.94 	 3.141577 
0.95 	 3.141577 
0.96 	 3.141577 
0.97 	 3.141578 
0.98 	 3.141578 
0.99 	 3.141578 
1.00 	 3.141578 
1.01 	 3.141579 
1.02 	 3.141579 
1.03 	 3.141579 
1.04 	 3.141579 
1.05 	 3.141580 
1.06 	 3.141580 
1.07 	 3.141580 
1.08 	 3.141580 
1.09 	 3.141581 
1.10 	 3.141581 
1.11 	 3.141581 
1.12 	 3.141581 
1.13 	 3.141581 
1.14 	 3.141582 
1.15 	 3.141582 
1.16 	 3.141582 
1.17 	 3.141582 
1.18 	 3.141582 
1.19 	 3.141583 
1.20 	 3.141583 
1.21 	 3.141583 
1.22 	 3.141583 
1.23 	 3.141583 
1.24 	 3.141584 
1.25 	 3.141584 
1.26 	 3.141584 
1.27 	 3.141584 
1.28 	 3.141584 
1.29 	 3.141584 
1.30 	 3.141585 
1.31 	 3.141585 
1.32 	 3.141585 
1.33 	 3.141585 
1.34 	 3.141585 
1.35 	 3.141585 
1.36 	 3.141585 
1.37 	 3.141586 
1.38 	 3.141586 
1.39 	 3.141586 
1.40 	 3.141586 
1.41 	 3.141586 
1.42 	 3.141586 
1.43 	 3.141586 
1.44 	 3.141586 
1.45 	 3.141587 
1.46 	 3.141587 
1.47 	 3.141587 
1.48 	 3.141587 
1.49 	 3.141587 
1.50 	 3.141587 
1.51 	 3.141587 
1.52 	 3.141587 
1.53 	 3.141587 
1.54 	 3.141587 
1.55 	 3.141588 
1.56 	 3.141588 
1.57 	 3.141588 
1.58 	 3.141588 
1.59 	 3.141588 
1.60 	 3.141588 
1.61 	 3.141588 
1.62 	 3.141588 
1.63 	 3.141588 
1.64 	 3.141588 
1.65 	 3.141588 
1.66 	 3.141589 
1.67 	 3.141589 
1.68 	 3.141589 
1.69 	 3.141589 
1.70 	 3.141589 
1.71 	 3.141589 
1.72 	 3.141589 
1.73 	 3.141589 
1.74 	 3.141589 
1.75 	 3.141589 
1.76 	 3.141589 
1.77 	 3.141589 
1.78 	 3.141589 
1.79 	 3.141589 
1.80 	 3.141589 
1.81 	 3.141590 
1.82 	 3.141590 
1.83 	 3.141590 
1.84 	 3.141590 
1.85 	 3.141590 
1.86 	 3.141590 
1.87 	 3.141590 
1.88 	 3.141590 
1.89 	 3.141590 
1.90 	 3.141590 
1.91 	 3.141590 
1.92 	 3.141590 
1.93 	 3.141590 
1.94 	 3.141590 
1.95 	 3.141590 
1.96 	 3.141590 
1.97 	 3.141590 
1.98 	 3.141590 
1.99 	 3.141590 
2.00 	 3.141590 
2.01 	 3.141591 
2.02 	 3.141591 
2.03 	 3.141591 
2.04 	 3.141591 
2.05 	 3.141591 
2.06 	 3.141591 
2.07 	 3.141591 
2.08 	 3.141591 
2.09 	 3.141591 
2.10 	 3.141591 
2.11 	 3.141591 
2.12 	 3.141591 
2.13 	 3.141591 
2.14 	 3.141591 
2.15 	 3.141591 
2.16 	 3.141591 
2.17 	 3.141591 
2.18 	 3.141591 
2.19 	 3.141591 
2.20 	 3.141591 
2.21 	 3.141591 
2.22 	 3.141591 
2.23 	 3.141591 
2.24 	 3.141591 
2.25 	 3.141591 
2.26 	 3.141591 
2.27 	 3.141591 
2.28 	 3.141591 
2.29 	 3.141591 
2.30 	 3.141591 
2.31 	 3.141591 
2.32 	 3.141591 
2.33 	 3.141591 
2.34 	 3.141591 
2.35 	 3.141592 
2.36 	 3.141592 
2.37 	 3.141592 
2.38 	 3.141592 
2.39 	 3.141592 
2.40 	 3.141592 
2.41 	 3.141592 
2.42 	 3.141592 
2.43 	 3.141592 
2.44 	 3.141592 
2.45 	 3.141592 
2.46 	 3.141592 
2.47 	 3.141592 
2.48 	 3.141592 
2.49 	 3.141592 
2.50 	 3.141592 
2.51 	 3.141592 
2.52 	 3.141592 
2.53 	 3.141592 
2.54 	 3.141592 
2.55 	 3.141592 
2.56 	 3.141592 
2.57 	 3.141592 
2.58 	 3.141592 
2.59 	 3.141592 
2.60 	 3.141592 
2.61 	 3.141592 
2.62 	 3.141592 
2.63 	 3.141592 
2.64 	 3.141592 
2.65 	 3.141592 
2.66 	 3.141592 
2.67 	 3.141592 
2.68 	 3.141592 
2.69 	 3.141592 
2.70 	 3.141592 
2.71 	 3.141592 
2.72 	 3.141592 
2.73 	 3.141592 
2.74 	 3.141592 
2.75 	 3.141592 
2.76 	 3.141592 
2.77 	 3.141592 
2.78 	 3.141592 
2.79 	 3.141592 
2.80 	 3.141592 
2.81 	 3.141592 
2.82 	 3.141592 
2.83 	 3.141592 
2.84 	 3.141592 
2.85 	 3.141592 
2.86 	 3.141592 
2.87 	 3.141592 
2.88 	 3.141592 
2.89 	 3.141592 
2.90 	 3.141592 
2.91 	 3.141592 
2.92 	 3.141592 
2.93 	 3.141592 
2.94 	 3.141592 
2.95 	 3.141592 
2.96 	 3.141592 
2.97 	 3.141592 
2.98 	 3.141592 
2.99 	 3.141592 
3.00 	 3.141592 
3.01 	 3.141592 
3.02 	 3.141592 
3.03 	 3.141592 
3.04 	 3.141592 
3.05 	 3.141592 
3.06 	 3.141592 
3.07 	 3.141592 
3.08 	 3.141592 
3.09 	 3.141592 
3.10 	 3.141592 
3.11 	 3.141592 
3.12 	 3.141592 
3.13 	 3.141592 
3.14 	 3.141592 
3.15 	 3.141592 
3.16 	 3.141592 
3.17 	 3.141592 
3.18 	 3.141592 
3.19 	 3.141592 
3.20 	 3.141592 
3.21 	 3.141592 
3.22 	 3.141592 
3.23 	 3.141592 
3.24 	 3.141592 
3.25 	 3.141592 
3.26 	 3.141592 
3.27 	 3.141592 
3.28 	 3.141592 
3.29 	 3.141592 
3.30 	 3.141592 
3.31 	 3.141592 
3.32 	 3.141592 
3.33 	 3.141592 
3.34 	 3.141592 
3.35 	 3.141592 
3.36 	 3.141592 
3.37 	 3.141592 
3.38 	 3.141592 
3.39 	 3.141592 
3.40 	 3.141592 
3.41 	 3.141592 
3.42 	 3.141593 
3.43 	 3.141593 
3.44 	 3.141593 
3.45 	 3.141593 
3.46 	 3.141593 
3.47 	 3.141593 
3.48 	 3.141593 
3.49 	 3.141593 
3.50 	 3.141593 
3.51 	 3.141593 
3.52 	 3.141593 
3.53 	 3.141593 
3.54 	 3.141593 
3.55 	 3.141593 
3.56 	 3.141593 
3.57 	 3.141593 
3.58 	 3.141593 
3.59 	 3.141593 
3.60 	 3.141593 
3.61 	 3.141593 
3.62 	 3.141593 
3.63 	 3.141593 
3.64 	 3.141593 
3.65 	 3.141593 
3.66 	 3.141593 
3.67 	 3.141593 
3.68 	 3.141593 
3.69 	 3.141593 
3.70 	 3.141593 
3.71 	 3.141593 
3.72 	 3.141593 
3.73 	 3.141593 
3.74 	 3.141593 
3.75 	 3.141593 
3.76 	 3.141593 
3.77 	 3.141593 
3.78 	 3.141593 
3.79 	 3.141593 
3.80 	 3.141593 
3.81 	 3.141593 
3.82 	 3.141593 
3.83 	 3.141593 
3.84 	 3.141593 
3.85 	 3.141593 
3.86 	 3.141593 
3.87 	 3.141593 
3.88 	 3.141593 
3.89 	 3.141593 
3.90 	 3.141593 
3.91 	 3.141593 
3.92 	 3.141593 
3.93 	 3.141593 
3.94 	 3.141593 
3.95 	 3.141593 
3.96 	 3.141593 
3.97 	 3.141593 
3.98 	 3.141593 
3.99 	 3.141593 
4.00 	 3.141593 
4.01 	 3.141593 
4.02 	 3.141593 
4.03 	 3.141593 
4.04 	 3.141593 
4.05 	 3.141593 
4.06 	 3.141593 
4.07 	 3.141593 
4.08 	 3.141593 
4.09 	 3.141593 
4.10 	 3.141593 
4.11 	 3.141593 
4.12 	 3.141593 
4.13 	 3.141593 
4.14 	 3.141593 
4.15 	 3.141593 
4.16 	 3.141593 
4.17 	 3.141593 
4.18 	 3.141593 
4.19 	 3.141593 
4.20 	 3.141593 
4.21 	 3.141593 
4.22 	 3.141593 
4.23 	 3.141593 
4.24 	 3.141593 
4.25 	 3.141593 
4.26 	 3.141593 
4.27 	 3.141593 
4.28 	 3.141593 
4.29 	 3.141593 
4.30 	 3.141593 
4.31 	 3.141593 
4.32 	 3.141593 
4.33 	 3.141593 
4.34 	 3.141593 
4.35 	 3.141593 
4.36 	 3.141593 
4.37 	 3.141593 
4.38 	 3.141593 
4.39 	 3.141593 
4.40 	 3.141593 
4.41 	 3.141593 
4.42 	 3.141593 
4.43 	 3.141593 
4.44 	 3.141593 
4.45 	 3.141593 
4.46 	 3.141593 
4.47 	 3.141593 
4.48 	 3.141593 
4.49 	 3.141593 
4.50 	 3.141593 
4.51 	 3.141593 
4.52 	 3.141593 
4.53 	 3.141593 
4.54 	 3.141593 
4.55 	 3.141593 
4.56 	 3.141593 
4.57 	 3.141593 
4.58 	 3.141593 
4.59 	 3.141593 
4.60 	 3.141593 
4.61 	 3.141593 
4.62 	 3.141593 
4.63 	 3.141593 
4.64 	 3.141593 
4.65 	 3.141593 
4.66 	 3.141593 
4.67 	 3.141593 
4.68 	 3.141593 
4.69 	 3.141593 
4.70 	 3.141593 
4.71 	 3.141593 
4.72 	 3.141593 
4.73 	 3.141593 
4.74 	 3.141593 
4.75 	 3.141593 
4.76 	 3.141593 
4.77 	 3.141593 
4.78 	 3.141593 
4.79 	 3.141593 
4.80 	 3.141593 
4.81 	 3.141593 
4.82 	 3.141593 
4.83 	 3.141593 
4.84 	 3.141593 
4.85 	 3.141593 
4.86 	 3.141593 
4.87 	 3.141593 
4.88 	 3.141593 
4.89 	 3.141593 
4.90 	 3.141593 
4.91 	 3.141593 
4.92 	 3.141593 
4.93 	 3.141593 
4.94 	 3.141593 
4.95 	 3.141593 
4.96 	 3.141593 
4.97 	 3.141593 
4.98 	 3.141593 
4.99 	 3.141593 
5.00 	 3.141593 
5.01 	 3.141593 
5.02 	 3.141593 
5.03 	 3.141593 
5.04 	 3.141593 
5.05 	 3.141593 
5.06 	 3.141593 
5.07 	 3.141593 
5.08 	 3.141593 
5.09 	 3.141593 
5.10 	 3.141593 
5.11 	 3.141593 
5.12 	 3.141593 
5.13 	 3.141593 
5.14 	 3.141593 
5.15 	 3.141593 
5.16 	 3.141593 
5.17 	 3.141593 
5.18 	 3.141593 
5.19 	 3.141593 
5.20 	 3.141593 
5.21 	 3.141593 
5.22 	 3.141593 
5.23 	 3.141593 
5.24 	 3.141593 
5.25 	 3.141593 
5.26 	 3.141593 
5.27 	 3.141593 
5.28 	 3.141593 
5.29 	 3.141593 
5.30 	 3.141593 
5.31 	 3.141593 
5.32 	 3.141593 
5.33 	 3.141593 
5.34 	 3.141593 
5.35 	 3.141593 
5.36 	 3.141593 
5.37 	 3.141593 
5.38 	 3.141593 
5.39 	 3.141593 
5.40 	 3.141593 
5.41 	 3.141593 
5.42 	 3.141593 
5.43 	 3.141593 
5.44 	 3.141593 
5.45 	 3.141593 
5.46 	 3.141593 
5.47 	 3.141593 
5.48 	 3.141593 
5.49 	 3.141593 
5.50 	 3.141593 
5.51 	 3.141593 
5.52 	 3.141593 
5.53 	 3.141593 
5.54 	 3.141593 
5.55 	 3.141593 
5.56 	 3.141593 
5.57 	 3.141593 
5.58 	 3.141593 
5.59 	 3.141593 
5.60 	 3.141593 
5.61 	 3.141593 
5.62 	 3.141593 
5.63 	 3.141593 
5.64 	 3.141593 
5.65 	 3.141593 
5.66 	 3.141593 
5.67 	 3.141593 
5.68 	 3.141593 
5.69 	 3.141593 
5.70 	 3.141593 
5.71 	 3.141593 
5.72 	 3.141593 
5.73 	 3.141593 
5.74 	 3.141593 
5.75 	 3.141593 
5.76 	 3.141593 
5.77 	 3.141593 
5.78 	 3.141593 
5.79 	 3.141593 
5.80 	 3.141593 
5.81 	 3.141593 
5.82 	 3.141593 
5.83 	 3.141593 
5.84 	 3.141593 
5.85 	 3.141593 
5.86 	 3.141593 
5.87 	 3.141593 
5.88 	 3.141593 
5.89 	 3.141593 
5.90 	 3.141593 
5.91 	 3.141593 
5.92 	 3.141593 
5.93 	 3.141593 
5.94 	 3.141593 
5.95 	 3.141593 
5.96 	 3.141593 
5.97 	 3.141593 
5.98 	 3.141593 
5.99 	 3.141593 
6.00 	 3.141593 
6.01 	 3.141593 
6.02 	 3.141593 
6.03 	 3.141593 
6.04 	 3.141593 
6.05 	 3.141593 
6.06 	 3.141593 
6.07 	 3.141593 
6.08 	 3.141593 
6.09 	 3.141593 
6.10 	 3.141593 
6.11 	 3.141593 
6.12 	 3.141593 
6.13 	 3.141593 
6.14 	 3.141593 
6.15 	 3.141593 
6.16 	 3.141593 
6.17 	 3.141593 
6.18 	 3.141593 
6.19 	 3.141593 
6.20 	 3.141593 
6.21 	 3.141593 
6.22 	 3.141593 
6.23 	 3.141593 
6.24 	 3.141593 
6.25 	 3.141593 
6.26 	 3.141593 
6.27 	 3.141593 
6.28 	 3.141593 
6.29 	 3.141593 
6.30 	 3.141593 
6.31 	 3.141593 
6.32 	 3.141593 
6.33 	 3.141593 
6.34 	 3.141593 
6.35 	 3.141593 
6.36 	 3.141593 
6.37 	 3.141593 
6.38 	 3.141593 
6.39 	 3.141593 
6.40 	 3.141593 
6.41 	 3.141593 
6.42 	 3.141593 
6.43 	 3.141593 
6.44 	 3.141593 
6.45 	 3.141593 
6.46 	 3.141593 
6.47 	 3.141593 
6.48 	 3.141593 
6.49 	 3.141593 
6.50 	 3.141593 
6.51 	 3.141593 
6.52 	 3.141593 
6.53 	 3.141593 
6.54 	 3.141593 
6.55 	 3.141593 
6.56 	 3.141593 
6.57 	 3.141593 
6.58 	 3.141593 
6.59 	 3.141593 
6.60 	 3.141593 
6.61 	 3.141593 
6.62 	 3.141593 
6.63 	 3.141593 
6.64 	 3.141593 
6.65 	 3.141593 
6.66 	 3.141593 
6.67 	 3.141593 
6.68 	 3.141593 
6.69 	 3.141593 
6.70 	 3.141593 
6.71 	 3.141593 
6.72 	 3.141593 
6.73 	 3.141593 
6.74 	 3.141593 
6.75 	 3.141593 
6.76 	 3.141593 
6.77 	 3.141593 
6.78 	 3.141593 
6.79 	 3.141593 
6.80 	 3.141593 
6.81 	 3.141593 
6.82 	 3.141593 
6.83 	 3.141593 
6.84 	 3.141593 
6.85 	 3.141593 
6.86 	 3.141593 
6.87 	 3.141593 
6.88 	 3.141593 
6.89 	 3.141593 
6.90 	 3.141593 
6.91 	 3.141593 
6.92 	 3.141593 
6.93 	 3.141593 
6.94 	 3.141593 
6.95 	 3.141593 
6.96 	 3.141593 
6.97 	 3.141593 
6.98 	 3.141593 
6.99 	 3.141593 
7.00 	 3.141593 
7.01 	 3.141593 
7.02 	 3.141593 
7.03 	 3.141593 
7.04 	 3.141593 
7.05 	 3.141593 
7.06 	 3.141593 
7.07 	 3.141593 
7.08 	 3.141593 
7.09 	 3.141593 
7.10 	 3.141593 
7.11 	 3.141593 
7.12 	 3.141593 
7.13 	 3.141593 
7.14 	 3.141593 
7.15 	 3.141593 
7.16 	 3.141593 
7.17 	 3.141593 
7.18 	 3.141593 
7.19 	 3.141593 
7.20 	 3.141593 
7.21 	 3.141593 
7.22 	 3.141593 
7.23 	 3.141593 
7.24 	 3.141593 
7.25 	 3.141593 
7.26 	 3.141593 
7.27 	 3.141593 
7.28 	 3.141593 
7.29 	 3.141593 
7.30 	 3.141593 
7.31 	 3.141593 
7.32 	 3.141593 
7.33 	 3.141593 
7.34 	 3.141593 
7.35 	 3.141593 
7.36 	 3.141593 
7.37 	 3.141593 
7.38 	 3.141593 
7.39 	 3.141593 
7.40 	 3.141593 
7.41 	 3.141593 
7.42 	 3.141593 
7.43 	 3.141593 
7.44 	 3.141593 
7.45 	 3.141593 
7.46 	 3.141593 
7.47 	 3.141593 
7.48 	 3.141593 
7.49 	 3.141593 
7.50 	 3.141593 
7.51 	 3.141593 
7.52 	 3.141593 
7.53 	 3.141593 
7.54 	 3.141593 
7.55 	 3.141593 
7.56 	 3.141593 
7.57 	 3.141593 
7.58 	 3.141593 
7.59 	 3.141593 
7.60 	 3.141593 
7.61 	 3.141593 
7.62 	 3.141593 
7.63 	 3.141593 
7.64 	 3.141593 
7.65 	 3.141593 
7.66 	 3.141593 
7.67 	 3.141593 
7.68 	 3.141593 
7.69 	 3.141593 
7.70 	 3.141593 
7.71 	 3.141593 
7.72 	 3.141593 
7.73 	 3.141593 
7.74 	 3.141593 
7.75 	 3.141593 
7.76 	 3.141593 
7.77 	 3.141593 
7.78 	 3.141593 
7.79 	 3.141593 
7.80 	 3.141593 
7.81 	 3.141593 
7.82 	 3.141593 
7.83 	 3.141593 
7.84 	 3.141593 
7.85 	 3.141593 
7.86 	 3.141593 
7.87 	 3.141593 
7.88 	 3.141593 
7.89 	 3.141593 
7.90 	 3.141593 
7.91 	 3.141593 
7.92 	 3.141593 
7.93 	 3.141593 
7.94 	 3.141593 
7.95 	 3.141593 
7.96 	 3.141593 
7.97 	 3.141593 
7.98 	 3.141593 
7.99 	 3.141593 
8.00 	 3.141593 
8.01 	 3.141593 
8.02 	 3.141593 
8.03 	 3.141593 
8.04 	 3.141593 
8.05 	 3.141593 
8.06 	 3.141593 
8.07 	 3.141593 
8.08 	 3.141593 
8.09 	 3.141593 
8.10 	 3.141593 
8.11 	 3.141593 
8.12 	 3.141593 
8.13 	 3.141593 
8.14 	 3.141593 
8.15 	 3.141593 
8.16 	 3.141593 
8.17 	 3.141593 
8.18 	 3.141593 
8.19 	 3.141593 
8.20 	 3.141593 
8.21 	 3.141593 
8.22 	 3.141593 
8.23 	 3.141593 
8.24 	 3.141593 
8.25 	 3.141593 
8.26 	 3.141593 
8.27 	 3.141593 
8.28 	 3.141593 
8.29 	 3.141593 
8.30 	 3.141593 
8.31 	 3.141593 
8.32 	 3.141593 
8.33 	 3.141593 
8.34 	 3.141593 
8.35 	 3.141593 
8.36 	 3.141593 
8.37 	 3.141593 
8.38 	 3.141593 
8.39 	 3.141593 
8.40 	 3.141593 
8.41 	 3.141593 
8.42 	 3.141593 
8.43 	 3.141593 
8.44 	 3.141593 
8.45 	 3.141593 
8.46 	 3.141593 
8.47 	 3.141593 
8.48 	 3.141593 
8.49 	 3.141593 
8.50 	 3.141593 
8.51 	 3.141593 
8.52 	 3.141593 
8.53 	 3.141593 
8.54 	 3.141593 
8.55 	 3.141593 
8.56 	 3.141593 
8.57 	 3.141593 
8.58 	 3.141593 
8.59 	 3.141593 
8.60 	 3.141593 
8.61 	 3.141593 
8.62 	 3.141593 
8.63 	 3.141593 
8.64 	 3.141593 
8.65 	 3.141593 
8.66 	 3.141593 
8.67 	 3.141593 
8.68 	 3.141593 
8.69 	 3.141593 
8.70 	 3.141593 
8.71 	 3.141593 
8.72 	 3.141593 
8.73 	 3.141593 
8.74 	 3.141593 
8.75 	 3.141593 
8.76 	 3.141593 
8.77 	 3.141593 
8.78 	 3.141593 
8.79 	 3.141593 
8.80 	 3.141593 
8.81 	 3.141593 
8.82 	 3.141593 
8.83 	 3.141593 
8.84 	 3.141593 
8.85 	 3.141593 
8.86 	 3.141593 
8.87 	 3.141593 
8.88 	 3.141593 
8.89 	 3.141593 
8.90 	 3.141593 
8.91 	 3.141593 
8.92 	 3.141593 
8.93 	 3.141593 
8.94 	 3.141593 
8.95 	 3.141593 
8.96 	 3.141593 
8.97 	 3.141593 
8.98 	 3.141593 
8.99 	 3.141593 
9.00 	 3.141593 
9.01 	 3.141593 
9.02 	 3.141593 
9.03 	 3.141593 
9.04 	 3.141593 
9.05 	 3.141593 
9.06 	 3.141593 
9.07 	 3.141593 
9.08 	 3.141593 
9.09 	 3.141593 
9.10 	 3.141593 
9.11 	 3.141593 
9.12 	 3.141593 
9.13 	 3.141593 
9.14 	 3.141593 
9.15 	 3.141593 
9.16 	 3.141593 
9.17 	 3.141593 
9.18 	 3.141593 
9.19 	 3.141593 
9.20 	 3.141593 
9.21 	 3.141593 
9.22 	 3.141593 
9.23 	 3.141593 
9.24 	 3.141593 
9.25 	 3.141593 
9.26 	 3.141593 
9.27 	 3.141593 
9.28 	 3.141593 
9.29 	 3.141593 
9.30 	 3.141593 
9.31 	 3.141593 
9.32 	 3.141593 
9.33 	 3.141593 
9.34 	 3.141593 
9.35 	 3.141593 
9.36 	 3.141593 
9.37 	 3.141593 
9.38 	 3.141593 
9.39 	 3.141593 
9.40 	 3.141593 
9.41 	 3.141593 
9.42 	 3.141593 
9.43 	 3.141593 
9.44 	 3.141593 
9.45 	 3.141593 
9.46 	 3.141593 
9.47 	 3.141593 
9.48 	 3.141593 
9.49 	 3.141593 
9.50 	 3.141593 
9.51 	 3.141593 
9.52 	 3.141593 
9.53 	 3.141593 
9.54 	 3.141593 
9.55 	 3.141593 
9.56 	 3.141593 
9.57 	 3.141593 
9.58 	 3.141593 
9.59 	 3.141593 
9.60 	 3.141593 
9.61 	 3.141593 
9.62 	 3.141593 
9.63 	 3.141593 
9.64 	 3.141593 
9.65 	 3.141593 
9.66 	 3.141593 
9.67 	 3.141593 
9.68 	 3.141593 
9.69 	 3.141593 
9.70 	 3.141593 
9.71 	 3.141593 
9.72 	 3.141593 
9.73 	 3.141593 
9.74 	 3.141593 
9.75 	 3.141593 
9.76 	 3.141593 
9.77 	 3.141593 
9.78 	 3.141593 
9.79 	 3.141593 
9.80 	 3.141593 
9.81 	 3.141593 
9.82 	 3.141593 
9.83 	 3.141593 
9.84 	 3.141593 
9.85 	 3.141593 
9.86 	 3.141593 
9.87 	 3.141593 
9.88 	 3.141593 
9.89 	 3.141593 
9.90 	 3.141593 
9.91 	 3.141593 
9.92 	 3.141593 
9.93 	 3.141593 
9.94 	 3.141593 
9.95 	 3.141593 
9.96 	 3.141593 
9.97 	 3.141593 
9.98 	 3.141593 
9.99 	 3.141593 
10.00 	 3.141593 
10.02 	 3.151593 
10.03 	 3.151407 
10.04 	 3.151225 
10.05 	 3.151046 
10.06 	 3.150871 
10.07 	 3.150698 
10.08 	 3.150529 
10.09 	 3.150364 
10.10 	 3.150201 
10.11 	 3.150041 
10.12 	 3.149884 
10.13 	 3.149730 
10.14 	 3.149579 
10.15 	 3.149431 
10.16 	 3.149286 
10.17 	 3.149143 
10.18 	 3.149003 
10.19 	 3.148865 
10.20 	 3.148730 
10.21 	 3.148598 
10.22 	 3.148468 
10.23 	 3.148340 
10.24 	 3.148215 
10.25 	 3.148092 
10.26 	 3.147971 
10.27 	 3.147853 
10.28 	 3.147737 
10.29 	 3.147623 
10.30 	 3.147511 
10.31 	 3.147401 
10.32 	 3.147293 
10.33 	 3.147187 
10.34 	 3.147083 
10.35 	 3.146981 
10.36 	 3.146881 
10.37 	 3.146783 
10.38 	 3.146687 
10.39 	 3.146592 
10.40 	 3.146500 
10.41 	 3.146409 
10.42 	 3.146319 
10.43 	 3.146231 
10.44 	 3.146145 
10.45 	 3.146061 
10.46 	 3.145978 
10.47 	 3.145896 
10.48 	 3.145817 
10.49 	 3.145738 
10.50 	 3.145661 
10.51 	 3.145586 
10.52 	 3.145512 
10.53 	 3.145439 
10.54 	 3.145367 
10.55 	 3.145297 
10.56 	 3.145229 
10.57 	 3.145161 
10.58 	 3.145095 
10.59 	 3.145030 
10.60 	 3.144966 
10.61 	 3.144904 
10.62 	 3.144842 
10.63 	 3.144782 
10.64 	 3.144723 
10.65 	 3.144664 
10.66 	 3.144607 
10.67 	 3.144552 
10.68 	 3.144497 
10.69 	 3.144443 
10.70 	 3.144390 
10.71 	 3.144338 
10.72 	 3.144287 
10.73 	 3.144237 
10.74 	 3.144188 
10.75 	 3.144140 
10.76 	 3.144092 
10.77 	 3.144046 
10.78 	 3.144000 
10.79 	 3.143956 
10.80 	 3.143912 
10.81 	 3.143869 
10.82 	 3.143827 
10.83 	 3.143785 
10.84 	 3.143744 
10.85 	 3.143705 
10.86 	 3.143665 
10.87 	 3.143627 
10.88 	 3.143589 
10.89 	 3.143552 
10.90 	 3.143516 
10.91 	 3.143480 
10.92 	 3.143445 
10.93 	 3.143411 
10.94 	 3.143377 
10.95 	 3.143344 
10.96 	 3.143311 
10.97 	 3.143279 
10.98 	 3.143248 
10.99 	 3.143217 
11.00 	 3.143187 
11.01 	 3.143158 
11.02 	 3.143128 
11.03 	 3.143100 
11.04 	 3.143072 
11.05 	 3.143045 
11.06 	 3.143018 
11.07 	 3.142991 
11.08 	 3.142965 
11.09 	 3.142940 
11.10 	 3.142915 
11.11 	 3.142890 
11.12 	 3.142866 
11.13 	 3.142842 
11.14 	 3.142819 
11.15 	 3.142796 
11.16 	 3.142774 
11.17 	 3.142752 
11.18 	 3.142731 
11.19 	 3.142710 
11.20 	 3.142689 
11.21 	 3.142668 
11.22 	 3.142649 
11.23 	 3.142629 
11.24 	 3.142610 
11.25 	 3.142591 
11.26 	 3.142572 
11.27 	 3.142554 
11.28 	 3.142536 
11.29 	 3.142519 
11.30 	 3.142502 
11.31 	 3.142485 
11.32 	 3.142468 
11.33 	 3.142452 
11.34 	 3.142436 
11.35 	 3.142420 
11.36 	 3.142405 
11.37 	 3.142390 
11.38 	 3.142375 
11.39 	 3.142361 
11.40 	 3.142346 
11.41 	 3.142332 
11.42 	 3.142319 
11.43 	 3.142305 
11.44 	 3.142292 
11.45 	 3.142279 
11.46 	 3.142266 
11.47 	 3.142254 
11.48 	 3.142241 
11.49 	 3.142229 
11.50 	 3.142218 
11.51 	 3.142206 
11.52 	 3.142195 
11.53 	 3.142183 
11.54 	 3.142172 
11.55 	 3.142162 
11.56 	 3.142151 
11.57 	 3.142141 
11.58 	 3.142131 
11.59 	 3.142121 
11.60 	 3.142111 
11.61 	 3.142101 
11.62 	 3.142092 
11.63 	 3.142082 
11.64 	 3.142073 
11.65 	 3.142064 
11.66 	 3.142056 
11.67 	 3.142047 
11.68 	 3.142039 
11.69 	 3.142030 
11.70 	 3.142022 
11.71 	 3.142014 
11.72 	 3.142006 
11.73 	 3.141999 
11.74 	 3.141991 
11.75 	 3.141984 
11.76 	 3.141977 
11.77 	 3.141969 
11.78 	 3.141962 
11.79 	 3.141956 
11.80 	 3.141949 
11.81 	 3.141942 
11.82 	 3.141936 
11.83 	 3.141929 
11.84 	 3.141923 
11.85 	 3.141917 
11.86 	 3.141911 
11.87 	 3.141905 
11.88 	 3.141899 
11.89 	 3.141894 
11.90 	 3.141888 
11.91 	 3.141883 
11.92 	 3.141877 
11.93 	 3.141872 
11.94 	 3.141867 
11.95 	 3.141862 
11.96 	 3.141857 
11.97 	 3.141852 
11.98 	 3.141847 
11.99 	 3.141842 
12.00 	 3.141838 
12.01 	 3.141833 
12.02 	 3.141829 
12.03 	 3.141824 
12.04 	 3.141820 
12.05 	 3.141816 
12.06 	 3.141811 
12.07 	 3.141807 
12.08 	 3.141803 
12.09 	 3.141800 
12.10 	 3.141796 
12.11 	 3.141792 
12.12 	 3.141788 
12.13 	 3.141785 
12.14 	 3.141781 
12.15 	 3.141778 
12.16 	 3.141774 
12.17 	 3.141771 
12.18 	 3.141767 
12.19 	 3.141764 
12.20 	 3.141761 
12.21 	 3.141758 
12.22 	 3.141755 
12.23 	 3.141752 
12.24 	 3.141749 
12.25 	 3.141746 
12.26 	 3.141743 
12.27 	 3.141740 
12.28 	 3.141738 
12.29 	 3.141735 
12.30 	 3.141732 
12.31 	 3.141730 
12.32 	 3.141727 
12.33 	 3.141725 
12.34 	 3.141722 
12.35 	 3.141720 
12.36 	 3.141717 
12.37 	 3.141715 
12.38 	 3.141713 
12.39 	 3.141711 
12.40 	 3.141708 
12.41 	 3.141706 
12.42 	 3.141704 
12.43 	 3.141702 
12.44 	 3.141700 
12.45 	 3.141698 
12.46 	 3.141696 
12.47 	 3.141694 
12.48 	 3.141692 
12.49 	 3.141690 
12.50 	 3.141689 
12.51 	 3.141687 
12.52 	 3.141685 
12.53 	 3.141683 
12.54 	 3.141682 
12.55 	 3.141680 
12.56 	 3.141678 
12.57 	 3.141677 
12.58 	 3.141675 
12.59 	 3.141674 
12.60 	 3.141672 
12.61 	 3.141671 
12.62 	 3.141669 
12.63 	 3.141668 
12.64 	 3.141666 
12.65 	 3.141665 
12.66 	 3.141664 
12.67 	 3.141662 
12.68 	 3.141661 
12.69 	 3.141660 
12.70 	 3.141659 
12.71 	 3.141657 
12.72 	 3.141656 
12.73 	 3.141655 
12.74 	 3.141654 
12.75 	 3.141653 
12.76 	 3.141652 
12.77 	 3.141651 
12.78 	 3.141649 
12.79 	 3.141648 
12.80 	 3.141647 
12.81 	 3.141646 
12.82 	 3.141645 
12.83 	 3.141644 
12.84 	 3.141643 
12.85 	 3.141642 
12.86 	 3.141642 
12.87 	 3.141641 
12.88 	 3.141640 
12.89 	 3.141639 
12.90 	 3.141638 
12.91 	 3.141637 
12.92 	 3.141636 
12.93 	 3.141636 
12.94 	 3.141635 
12.95 	 3.141634 
12.96 	 3.141633 
12.97 	 3.141632 
12.98 	 3.141632 
12.99 	 3.141631 
13.00 	 3.141630 
13.01 	 3.141630 
13.02 	 3.141629 
13.03 	 3.141628 
13.04 	 3.141628 
13.05 	 3.141627 
13.06 	 3.141626 
13.07 	 3.141626 
13.08 	 3.141625 
13.09 	 3.141624 
13.10 	 3.141624 
13.11 	 3.141623 
13.12 	 3.141623 
13.13 	 3.141622 
13.14 	 3.141622 
13.15 	 3.141621 
13.16 	 3.141621 
13.17 	 3.141620 
13.18 	 3.141619 
13.19 	 3.141619 
13.20 	 3.141619 
13.21 	 3.141618 
13.22 	 3.141618 
13.23 	 3.141617 
13.24 	 3.141617 
13.25 	 3.141616 
13.26 	 3.141616 
13.27 	 3.141615 
13.28 	 3.141615 
13.29 	 3.141614 
13.30 	 3.141614 
13.31 	 3.141614 
13.32 	 3.141613 
13.33 	 3.141613 
13.34 	 3.141613 
13.35 	 3.141612 
13.36 	 3.141612 
13.37 	 3.141611 
13.38 	 3.141611 
13.39 	 3.141611 
13.40 	 3.141610 
13.41 	 3.141610 
13.42 	 3.141610 
13.43 	 3.141609 
13.44 	 3.141609 
13.45 	 3.141609 
13.46 	 3.141609 
13.47 	 3.141608 
13.48 	 3.141608 
13.49 	 3.141608 
13.50 	 3.141607 
13.51 	 3.141607 
13.52 	 3.141607 
13.53 	 3.141607 
13.54 	 3.141606 
13.55 	 3.141606 
13.56 	 3.141606 
13.57 	 3.141606 
13.58 	 3.141605 
13.59 	 3.141605 
13.60 	 3.141605 
13.61 	 3.141605 
13.62 	 3.141604 
13.63 	 3.141604 
13.64 	 3.141604 
13.65 	 3.141604 
13.66 	 3.141604 
13.67 	 3.141603 
13.68 	 3.141603 
13.69 	 3.141603 
13.70 	 3.141603 
13.71 	 3.141603 
13.72 	 3.141602 
13.73 	 3.141602 
13.74 	 3.141602 
13.75 	 3.141602 
13.76 	 3.141602 
13.77 	 3.141602 
13.78 	 3.141601 
13.79 	 3.141601 
13.80 	 3.141601 
13.81 	 3.141601 
13.82 	 3.141601 
13.83 	 3.141601 
13.84 	 3.141600 
13.85 	 3.141600 
13.86 	 3.141600 
13.87 	 3.141600 
13.88 	 3.141600 
13.89 	 3.141600 
13.90 	 3.141600 
13.91 	 3.141599 
13.92 	 3.141599 
13.93 	 3.141599 
13.94 	 3.141599 
13.95 	 3.141599 
13.96 	 3.141599 
13.97 	 3.141599 
13.98 	 3.141599 
13.99 	 3.141599 
14.00 	 3.141598 
14.01 	 3.141598 
14.02 	 3.141598 
14.03 	 3.141598 
14.04 	 3.141598 
14.05 	 3.141598 
14.06 	 3.141598 
14.07 	 3.141598 
14.08 	 3.141598 
14.09 	 3.141598 
14.10 	 3.141597 
14.11 	 3.141597 
14.12 	 3.141597 
14.13 	 3.141597 
14.14 	 3.141597 
14.15 	 3.141597 
14.16 	 3.141597 
14.17 	 3.141597 
14.18 	 3.141597 
14.19 	 3.141597 
14.20 	 3.141597 
14.21 	 3.141597 
14.22 	 3.141596 
14.23 	 3.141596 
14.24 	 3.141596 
14.25 	 3.141596 
14.26 	 3.141596 
14.27 	 3.141596 
14.28 	 3.141596 
14.29 	 3.141596 
14.30 	 3.141596 
14.31 	 3.141596 
14.32 	 3.141596 
14.33 	 3.141596 
14.34 	 3.141596 
14.35 	 3.141596 
14.36 	 3.141596 
14.37 	 3.141596 
14.38 	 3.141595 
14.39 	 3.141595 
14.40 	 3.141595 
14.41 	 3.141595 
14.42 	 3.141595 
14.43 	 3.141595 
14.44 	 3.141595 
14.45 	 3.141595 
14.46 	 3.141595 
14.47 	 3.141595 
14.48 	 3.141595 
14.49 	 3.141595 
14.50 	 3.141595 
14.51 	 3.141595 
14.52 	 3.141595 
14.53 	 3.141595 
14.54 	 3.141595 
14.55 	 3.141595 
14.56 	 3.141595 
14.57 	 3.141595 
14.58 	 3.141595 
14.59 	 3.141595 
14.60 	 3.141595 
14.61 	 3.141594 
14.62 	 3.141594 
14.63 	 3.141594 
14.64 	 3.141594 
14.65 	 3.141594 
14.66 	 3.141594 
14.67 	 3.141594 
14.68 	 3.141594 
14.69 	 3.141594 
14.70 	 3.141594 
14.71 	 3.141594 
14.72 	 3.141594 
14.73 	 3.141594 
14.74 	 3.141594 
14.75 	 3.141594 
14.76 	 3.141594 
14.77 	 3.141594 
14.78 	 3.141594 
14.79 	 3.141594 
14.80 	 3.141594 
14.81 	 3.141594 
14.82 	 3.141594 
14.83 	 3.141594 
14.84 	 3.141594 
14.85 	 3.141594 
14.86 	 3.141594 
14.87 	 3.141594 
14.88 	 3.141594 
14.89 	 3.141594 
14.90 	 3.141594 
14.91 	 3.141594 
14.92 	 3.141594 
14.93 	 3.141594 
14.94 	 3.141594 
14.95 	 3.141594 
14.96 	 3.141594 
14.97 	 3.141594 
14.98 	 3.141594 
14.99 	 3.141594 
15.00 	 3.141594 
15.01 	 3.141594 
15.02 	 3.141594 
15.03 	 3.141593 
15.04 	 3.141593 
15.05 	 3.141593 
15.06 	 3.141593 
15.07 	 3.141593 
15.08 	 3.141593 
15.09 	 3.141593 
15.10 	 3.141593 
15.11 	 3.141593 
15.12 	 3.141593 
15.13 	 3.141593 
15.14 	 3.141593 
15.15 	 3.141593 
15.16 	 3.141593 
15.17 	 3.141593 
15.18 	 3.141593 
15.19 	 3.141593 
15.20 	 3.141593 
15.21 	 3.141593 
15.22 	 3.141593 
15.23 	 3.141593 
15.24 	 3.141593 
15.25 	 3.141593 
15.26 	 3.141593 
15.27 	 3.141593 
15.28 	 3.141593 
15.29 	 3.141593 
15.30 	 3.141593 
15.31 	 3.141593 
15.32 	 3.141593 
15.33 	 3.141593 
15.34 	 3.141593 
15.35 	 3.141593 
15.36 	 3.141593 
15.37 	 3.141593 
15.38 	 3.141593 
15.39 	 3.141593 
15.40 	 3.141593 
15.41 	 3.141593 
15.42 	 3.141593 
15.43 	 3.141593 
15.44 	 3.141593 
15.45 	 3.141593 
15.46 	 3.141593 
15.47 	 3.141593 
15.48 	 3.141593 
15.49 	 3.141593 
15.50 	 3.141593 
15.51 	 3.141593 
15.52 	 3.141593 
15.53 	 3.141593 
15.54 	 3.141593 
15.55 	 3.141593 
15.56 	 3.141593 
15.57 	 3.141593 
15.58 	 3.141593 
15.59 	 3.141593 
15.60 	 3.141593 
15.61 	 3.141593 
15.62 	 3.141593 
15.63 	 3.141593 
15.64 	 3.141593 
15.65 	 3.141593 
15.66 	 3.141593 
15.67 	 3.141593 
15.68 	 3.141593 
15.69 	 3.141593 
15.70 	 3.141593 
15.71 	 3.141593 
15.72 	 3.141593 
15.73 	 3.141593 
15.74 	 3.141593 
15.75 	 3.141593 
15.76 	 3.141593 
15.77 	 3.141593 
15.78 	 3.141593 
15.79 	 3.141593 
15.80 	 3.141593 
15.81 	 3.141593 
15.82 	 3.141593 
15.83 	 3.141593 
15.84 	 3.141593 
15.85 	 3.141593 
15.86 	 3.141593 
15.87 	 3.141593 
15.88 	 3.141593 
15.89 	 3.141593 
15.90 	 3.141593 
15.91 	 3.141593 
15.92 	 3.141593 
15.93 	 3.141593 
15.94 	 3.141593 
15.95 	 3.141593 
15.96 	 3.141593 
15.97 	 3.141593 
15.98 	 3.141593 
15.99 	 3.141593 
16.00 	 3.141593 
16.01 	 3.141593 
16.02 	 3.141593 
16.03 	 3.141593 
16.04 	 3.141593 
16.05 	 3.141593 
16.06 	 3.141593 
16.07 	 3.141593 
16.08 	 3.141593 
16.09 	 3.141593 
16.10 	 3.141593 
16.11 	 3.141593 
16.12 	 3.141593 
16.13 	 3.141593 
16.14 	 3.141593 
16.15 	 3.141593 
16.16 	 3.141593 
16.17 	 3.141593 
16.18 	 3.141593 
16.19 	 3.141593 
16.20 	 3.141593 
16.21 	 3.141593 
16.22 	 3.141593 
16.23 	 3.141593 
16.24 	 3.141593 
16.25 	 3.141593 
16.26 	 3.141593 
16.27 	 3.141593 
16.28 	 3.141593 
16.29 	 3.141593 
16.30 	 3.141593 
16.31 	 3.141593 
16.32 	 3.141593 
16.33 	 3.141593 
16.34 	 3.141593 
16.35 	 3.141593 
16.36 	 3.141593 
16.37 	 3.141593 
16.38 	 3.141593 
16.39 	 3.141593 
16.40 	 3.141593 
16.41 	 3.141593 
16.42 	 3.141593 
16.43 	 3.141593 
16.44 	 3.141593 
16.45 	 3.141593 
16.46 	 3.141593 
16.47 	 3.141593 
16.48 	 3.141593 
16.49 	 3.141593 
16.50 	 3.141593 
16.51 	 3.141593 
16.52 	 3.141593 
16.53 	 3.141593 
16.54 	 3.141593 
16.55 	 3.141593 
16.56 	 3.141593 
16.57 	 3.141593 
16.58 	 3.141593 
16.59 	 3.141593 
16.60 	 3.141593 
16.61 	 3.141593 
16.62 	 3.141593 
16.63 	 3.141593 
16.64 	 3.141593 
16.65 	 3.141593 
16.66 	 3.141593 
16.67 	 3.141593 
16.68 	 3.141593 
16.69 	 3.141593 
16.70 	 3.141593 
16.71 	 3.141593 
16.72 	 3.141593 
16.73 	 3.141593 
16.74 	 3.141593 
16.75 	 3.141593 
16.76 	 3.141593 
16.77 	 3.141593 
16.78 	 3.141593 
16.79 	 3.141593 
16.80 	 3.141593 
16.81 	 3.141593 
16.82 	 3.141593 
16.83 	 3.141593 
16.84 	 3.141593 
16.85 	 3.141593 
16.86 	 3.141593 
16.87 	 3.141593 
16.88 	 3.141593 
16.89 	 3.141593 
16.90 	 3.141593 
16.91 	 3.141593 
16.92 	 3.141593 
16.93 	 3.141593 
16.94 	 3.141593 
16.95 	 3.141593 
16.96 	 3.141593 
16.97 	 3.141593 
16.98 	 3.141593 
16.99 	 3.141593 
17.00 	 3.141593 
17.01 	 3.141593 
17.02 	 3.141593 
17.03 	 3.141593 
17.04 	 3.141593 
17.05 	 3.141593 
17.06 	 3.141593 
17.07 	 3.141593 
17.08 	 3.141593 
17.09 	 3.141593 
17.10 	 3.141593 
17.11 	 3.141593 
17.12 	 3.141593 
17.13 	 3.141593 
17.14 	 3.141593 
17.15 	 3.141593 
17.16 	 3.141593 
17.17 	 3.141593 
17.18 	 3.141593 
17.19 	 3.141593 
17.20 	 3.141593 
17.21 	 3.141593 
17.22 	 3.141593 
17.23 	 3.141593 
17.24 	 3.141593 
17.25 	 3.141593 
17.26 	 3.141593 
17.27 	 3.141593 
17.28 	 3.141593 
17.29 	 3.141593 
17.30 	 3.141593 
17.31 	 3.141593 
17.32 	 3.141593 
17.33 	 3.141593 
17.34 	 3.141593 
17.35 	 3.141593 
17.36 	 3.141593 
17.37 	 3.141593 
17.38 	 3.141593 
17.39 	 3.141593 
17.40 	 3.141593 
17.41 	 3.141593 
17.42 	 3.141593 
17.43 	 3.141593 
17.44 	 3.141593 
17.45 	 3.141593 
17.46 	 3.141593 
17.47 	 3.141593 
17.48 	 3.141593 
17.49 	 3.141593 
17.50 	 3.141593 
17.51 	 3.141593 
17.52 	 3.141593 
17.53 	 3.141593 
17.54 	 3.141593 
17.55 	 3.141593 
17.56 	 3.141593 
17.57 	 3.141593 
17.58 	 3.141593 
17.59 	 3.141593 
17.60 	 3.141593 
17.61 	 3.141593 
17.62 	 3.141593 
17.63 	 3.141593 
17.64 	 3.141593 
17.65 	 3.141593 
17.66 	 3.141593 
17.67 	 3.141593 
17.68 	 3.141593 
17.69 	 3.141593 
17.70 	 3.141593 
17.71 	 3.141593 
17.72 	 3.141593 
17.73 	 3.141593 
17.74 	 3.141593 
17.75 	 3.141593 
17.76 	 3.141593 
17.77 	 3.141593 
17.78 	 3.141593 
17.79 	 3.141593 
17.80 	 3.141593 
17.81 	 3.141593 
17.82 	 3.141593 
17.83 	 3.141593 
17.84 	 3.141593 
17.85 	 3.141593 
17.86 	 3.141593 
17.87 	 3.141593 
17.88 	 3.141593 
17.89 	 3.141593 
17.90 	 3.141593 
17.91 	 3.141593 
17.92 	 3.141593 
17.93 	 3.141593 
17.94 	 3.141593 
17.95 	 3.141593 
17.96 	 3.141593 
17.97 	 3.141593 
17.98 	 3.141593 
17.99 	 3.141593 
18.00 	 3.141593 
18.01 	 3.141593 
18.02 	 3.141593 
18.03 	 3.141593 
18.04 	 3.141593 
18.05 	 3.141593 
18.06 	 3.141593 
18.07 	 3.141593 
18.08 	 3.141593 
18.09 	 3.141593 
18.10 	 3.141593 
18.11 	 3.141593 
18.12 	 3.141593 
18.13 	 3.141593 
18.14 	 3.141593 
18.15 	 3.141593 
18.16 	 3.141593 
18.17 	 3.141593 
18.18 	 3.141593 
18.19 	 3.141593 
18.20 	 3.141593 
18.21 	 3.141593 
18.22 	 3.141593 
18.23 	 3.141593 
18.24 	 3.141593 
18.25 	 3.141593 
18.26 	 3.141593 
18.27 	 3.141593 
18.28 	 3.141593 
18.29 	 3.141593 
18.30 	 3.141593 
18.31 	 3.141593 
18.32 	 3.141593 
18.33 	 3.141593 
18.34 	 3.141593 
18.35 	 3.141593 
18.36 	 3.141593 
18.37 	 3.141593 
18.38 	 3.141593 
18.39 	 3.141593 
18.40 	 3.141593 
18.41 	 3.141593 
18.42 	 3.141593 
18.43 	 3.141593 
18.44 	 3.141593 
18.45 	 3.141593 
18.46 	 3.141593 
18.47 	 3.141593 
18.48 	 3.141593 
18.49 	 3.141593 
18.50 	 3.141593 
18.51 	 3.141593 
18.52 	 3.141593 
18.53 	 3.141593 
18.54 	 3.141593 
18.55 	 3.141593 
18.56 	 3.141593 
18.57 	 3.141593 
18.58 	 3.141593 
18.59 	 3.141593 
18.60 	 3.141593 
18.61 	 3.141593 
18.62 	 3.141593 
18.63 	 3.141593 
18.64 	 3.141593 
18.65 	 3.141593 
18.66 	 3.141593 
18.67 	 3.141593 
18.68 	 3.141593 
18.69 	 3.141593 
18.70 	 3.141593 
18.71 	 3.141593 
18.72 	 3.141593 
18.73 	 3.141593 
18.74 	 3.141593 
18.75 	 3.141593 
18.76 	 3.141593 
18.77 	 3.141593 
18.78 	 3.141593 
18.79 	 3.141593 
18.80 	 3.141593 
18.81 	 3.141593 
18.82 	 3.141593 
18.83 	 3.141593 
18.84 	 3.141593 
18.85 	 3.141593 
18.86 	 3.141593 
18.87 	 3.141593 
18.88 	 3.141593 
18.89 	 3.141593 
18.90 	 3.141593 
18.91 	 3.141593 
18.92 	 3.141593 
18.93 	 3.141593 
18.94 	 3.141593 
18.95 	 3.141593 
18.96 	 3.141593 
18.97 	 3.141593 
18.98 	 3.141593 
18.99 	 3.141593 
19.00 	 3.141593 
19.01 	 3.141593 
19.02 	 3.141593 
19.03 	 3.141593 
19.04 	 3.141593 
19.05 	 3.141593 
19.06 	 3.141593 
19.07 	 3.141593 
19.08 	 3.141593 
19.09 	 3.141593 
19.10 	 3.141593 
19.11 	 3.141593 
19.12 	 3.141593 
19.13 	 3.141593 
19.14 	 3.141593 
19.15 	 3.141593 
19.16 	 3.141593 
19.17 	 3.141593 
19.18 	 3.141593 
19.19 	 3.141593 
19.20 	 3.141593 
19.21 	 3.141593 
19.22 	 3.141593 
19.23 	 3.141593 
19.24 	 3.141593 
19.25 	 3.141593 
19.26 	 3.141593 
19.27 	 3.141593 
19.28 	 3.141593 
19.29 	 3.141593 
19.30 	 3.141593 
19.31 	 3.141593 
19.32 	 3.141593 
19.33 	 3.141593 
19.34 	 3.141593 
19.35 	 3.141593 
19.36 	 3.141593 
19.37 	 3.141593 
19.38 	 3.141593 
19.39 	 3.141593 
19.40 	 3.141593 
19.41 	 3.141593 
19.42 	 3.141593 
19.43 	 3.141593 
19.44 	 3.141593 
19.45 	 3.141593 
19.46 	 3.141593 
19.47 	 3.141593 
19.48 	 3.141593 
19.49 	 3.141593 
19.50 	 3.141593 
19.51 	 3.141593 
19.52 	 3.141593 
19.53 	 3.141593 
19.54 	 3.141593 
19.55 	 3.141593 
19.56 	 3.141593 
19.57 	 3.141593 
19.58 	 3.141593 
19.59 	 3.141593 
19.60 	 3.141593 
19.61 	 3.141593 
19.62 	 3.141593 
19.63 	 3.141593 
19.64 	 3.141593 
19.65 	 3.141593 
19.66 	 3.141593 
19.67 	 3.141593 
19.68 	 3.141593 
19.69 	 3.141593 
19.70 	 3.141593 
19.71 	 3.141593 
19.72 	 3.141593 
19.73 	 3.141593 
19.74 	 3.141593 
19.75 	 3.141593 
19.76 	 3.141593 
19.77 	 3.141593 
19.78 	 3.141593 
19.79 	 3.141593 
19.80 	 3.141593 
19.81 	 3.141593 
19.82 	 3.141593 
19.83 	 3.141593 
19.84 	 3.141593 
19.85 	 3.141593 
19.86 	 3.141593 
19.87 	 3.141593 
19.88 	 3.141593 
19.89 	 3.141593 
19.90 	 3.141593 
19.91 	 3.141593 
19.92 	 3.141593 
19.93 	 3.141593 
19.94 	 3.141593 
19.95 	 3.141593 
19.96 	 3.141593 
19.97 	 3.141593 
19.98 	 3.141593 
19.99 	 3.141593 
20.00 	 3.141593 
20.01 	 3.141593 
20.02 	 3.141593 
20.03 	 3.141593 
20.04 	 3.141593 
20.05 	 3.141593 
20.06 	 3.141593 
20.07 	 3.141593 
20.08 	 3.141593 
20.09 	 3.141593 
20.10 	 3.141593 
20.11 	 3.141593 
20.12 	 3.141593 
20.13 	 3.141593 
20.14 	 3.141593 
20.15 	 3.141593 
20.16 	 3.141593 
20.17 	 3.141593 
20.18 	 3.141593 
20.19 	 3.141593 
20.20 	 3.141593 
20.21 	 3.141593 
20.22 	 3.141593 
20.23 	 3.141593 
20.24 	 3.141593 
20.25 	 3.141593 
20.26 	 3.141593 
20.27 	 3.141593 
20.28 	 3.141593 
20.29 	 3.141593 
20.30 	 3.141593 
20.31 	 3.141593 
20.32 	 3.141593 
20.33 	 3.141593 
20.34 	 3.141593 
20.35 	 3.141593 
20.36 	 3.141593 
20.37 	 3.141593 
20.38 	 3.141593 
20.39 	 3.141593 
20.40 	 3.141593 
20.41 	 3.141593 
20.42 	 3.141593 
20.43 	 3.141593 
20.44 	 3.141593 
20.45 	 3.141593 
20.46 	 3.141593 
20.47 	 3.141593 
20.48 	 3.141593 
20.49 	 3.141593 
20.50 	 3.141593 
20.51 	 3.141593 
20.52 	 3.141593 
20.53 	 3.141593 
20.54 	 3.141593 
20.55 	 3.141593 
20.56 	 3.141593 
20.57 	 3.141593 
20.58 	 3.141593 
20.59 	 3.141593 
20.60 	 3.141593 
20.61 	 3.141593 
20.62 	 3.141593 
20.63 	 3.141593 
20.64 	 3.141593 
20.65 	 3.141593 
20.66 	 3.141593 
20.67 	 3.141593 
20.68 	 3.141593 
20.69 	 3.141593 
20.70 	 3.141593 
20.71 	 3.141593 
20.72 	 3.141593 
20.73 	 3.141593 
20.74 	 3.141593 
20.75 	 3.141593 
20.76 	 3.141593 
20.77 	 3.141593 
20.78 	 3.141593 
20.79 	 3.141593 
20.80 	 3.141593 
20.81 	 3.141593 
20.82 	 3.141593 
20.83 	 3.141593 
20.84 	 3.141593 
20.85 	 3.141593 
20.86 	 3.141593 
20.87 	 3.141593 
20.88 	 3.141593 
20.89 	 3.141593 
20.90 	 3.141593 
20.91 	 3.141593 
20.92 	 3.141593 
20.93 	 3.141593 
20.94 	 3.141593 
20.95 	 3.141593 
20.96 	 3.141593 
20.97 	 3.141593 
20.98 	 3.141593 
20.99 	 3.141593 
21.00 	 3.141593 
21.01 	 3.141593 
21.02 	 3.141593 
21.03 	 3.141593 
21.04 	 3.141593 
21.05 	 3.141593 
21.06 	 3.141593 
21.07 	 3.141593 
21.08 	 3.141593 
21.09 	 3.141593 
21.10 	 3.141593 
21.11 	 3.141593 
21.12 	 3.141593 
21.13 	 3.141593 
21.14 	 3.141593 
21.15 	 3.141593 
21.16 	 3.141593 
21.17 	 3.141593 
21.18 	 3.141593 
21.19 	 3.141593 
21.20 	 3.141593 
21.21 	 3.141593 
21.22 	 3.141593 
21.23 	 3.141593 
21.24 	 3.141593 
21.25 	 3.141593 
21.26 	 3.141593 
21.27 	 3.141593 
21.28 	 3.141593 
21.29 	 3.141593 
21.30 	 3.141593 
21.31 	 3.141593 
21.32 	 3.141593 
21.33 	 3.141593 
21.34 	 3.141593 
21.35 	 3.141593 
21.36 	 3.141593 
21.37 	 3.141593 
21.38 	 3.141593 
21.39 	 3.141593 
21.40 	 3.141593 
21.41 	 3.141593 
21.42 	 3.141593 
21.43 	 3.141593 
21.44 	 3.141593 
21.45 	 3.141593 
21.46 	 3.141593 
21.47 	 3.141593 
21.48 	 3.141593 
21.49 	 3.141593 
21.50 	 3.141593 
21.51 	 3.141593 
21.52 	 3.141593 
21.53 	 3.141593 
21.54 	 3.141593 
21.55 	 3.141593 
21.56 	 3.141593 
21.57 	 3.141593 
21.58 	 3.141593 
21.59 	 3.141593 
21.60 	 3.141593 
21.61 	 3.141593 
21.62 	 3.141593 
21.63 	 3.141593 
21.64 	 3.141593 
21.65 	 3.141593 
21.66 	 3.141593 
21.67 	 3.141593 
21.68 	 3.141593 
21.69 	 3.141593 
21.70 	 3.141593 
21.71 	 3.141593 
21.72 	 3.141593 
21.73 	 3.141593 
21.74 	 3.141593 
21.75 	 3.141593 
21.76 	 3.141593 
21.77 	 3.141593 
21.78 	 3.141593 
21.79 	 3.141593 
21.80 	 3.141593 
21.81 	 3.141593 
21.82 	 3.141593 
21.83 	 3.141593 
21.84 	 3.141593 
21.85 	 3.141593 
21.86 	 3.141593 
21.87 	 3.141593 
21.88 	 3.141593 
21.89 	 3.141593 
21.90 	 3.141593 
21.91 	 3.141593 
21.92 	 3.141593 
21.93 	 3.141593 
21.94 	 3.141593 
21.95 	 3.141593 
21.96 	 3.141593 
21.97 	 3.141593 
21.98 	 3.141593 
21.99 	 3.141593 
22.00 	 3.141593 
22.01 	 3.141593 
22.02 	 3.141593 
22.03 	 3.141593 
22.04 	 3.141593 
22.05 	 3.141593 
22.06 	 3.141593 
22.07 	 3.141593 
22.08 	 3.141593 
22.09 	 3.141593 
22.10 	 3.141593 
22.11 	 3.141593 
22.12 	 3.141593 
22.13 	 3.141593 
22.14 	 3.141593 
22.15 	 3.141593 
22.16 	 3.141593 
22.17 	 3.141593 
22.18 	 3.141593 
22.19 	 3.141593 
22.20 	 3.141593 
22.21 	 3.141593 
22.22 	 3.141593 
22.23 	 3.141593 
22.24 	 3.141593 
22.25 	 3.141593 
22.26 	 3.141593 
22.27 	 3.141593 
22.28 	 3.141593 
22.29 	 3.141593 
22.30 	 3.141593 
22.31 	 3.141593 
22.32 	 3.141593 
22.33 	 3.141593 
22.34 	 3.141593 
22.35 	 3.141593 
22.36 	 3.141593 
22.37 	 3.141593 
22.38 	 3.141593 
22.39 	 3.141593 
22.40 	 3.141593 
22.41 	 3.141593 
22.42 	 3.141593 
22.43 	 3.141593 
22.44 	 3.141593 
22.45 	 3.141593 
22.46 	 3.141593 
22.47 	 3.141593 
22.48 	 3.141593 
22.49 	 3.141593 
22.50 	 3.141593 
22.51 	 3.141593 
22.52 	 3.141593 
22.53 	 3.141593 
22.54 	 3.141593 
22.55 	 3.141593 
22.56 	 3.141593 
22.57 	 3.141593 
22.58 	 3.141593 
22.59 	 3.141593 
22.60 	 3.141593 
22.61 	 3.141593 
22.62 	 3.141593 
22.63 	 3.141593 
22.64 	 3.141593 
22.65 	 3.141593 
22.66 	 3.141593 
22.67 	 3.141593 
22.68 	 3.141593 
22.69 	 3.141593 
22.70 	 3.141593 
22.71 	 3.141593 
22.72 	 3.141593 
22.73 	 3.141593 
22.74 	 3.141593 
22.75 	 3.141593 
22.76 	 3.141593 
22.77 	 3.141593 
22.78 	 3.141593 
22.79 	 3.141593 
22.80 	 3.141593 
22.81 	 3.141593 
22.82 	 3.141593 
22.83 	 3.141593 
22.84 	 3.141593 
22.85 	 3.141593 
22.86 	 3.141593 
22.87 	 3.141593 
22.88 	 3.141593 
22.89 	 3.141593 
22.90 	 3.141593 
22.91 	 3.141593 
22.92 	 3.141593 
22.93 	 3.141593 
22.94 	 3.141593 
22.95 	 3.141593 
22.96 	 3.141593 
22.97 	 3.141593 
22.98 	 3.141593 
22.99 	 3.141593 
23.00 	 3.141593 
23.01 	 3.141593 
23.02 	 3.141593 
23.03 	 3.141593 
23.04 	 3.141593 
23.05 	 3.141593 
23.06 	 3.141593 
23.07 	 3.141593 
23.08 	 3.141593 
23.09 	 3.141593 
23.10 	 3.141593 
23.11 	 3.141593 
23.12 	 3.141593 
23.13 	 3.141593 
23.14 	 3.141593 
23.15 	 3.141593 
23.16 	 3.141593 
23.17 	 3.141593 
23.18 	 3.141593 
23.19 	 3.141593 
23.20 	 3.141593 
23.21 	 3.141593 
23.22 	 3.141593 
23.23 	 3.141593 
23.24 	 3.141593 
23.25 	 3.141593 
23.26 	 3.141593 
23.27 	 3.141593 
23.28 	 3.141593 
23.29 	 3.141593 
23.30 	 3.141593 
23.31 	 3.141593 
23.32 	 3.141593 
23.33 	 3.141593 
23.34 	 3.141593 
23.35 	 3.141593 
23.36 	 3.141593 
23.37 	 3.141593 
23.38 	 3.141593 
23.39 	 3.141593 
23.40 	 3.141593 
23.41 	 3.141593 
23.42 	 3.141593 
23.43 	 3.141593 
23.44 	 3.141593 
23.45 	 3.141593 
23.46 	 3.141593 
23.47 	 3.141593 
23.48 	 3.141593 
23.49 	 3.141593 
23.50 	 3.141593 
23.51 	 3.141593 
23.52 	 3.141593 
23.53 	 3.141593 
23.54 	 3.141593 
23.55 	 3.141593 
23.56 	 3.141593 
23.57 	 3.141593 
23.58 	 3.141593 
23.59 	 3.141593 
23.60 	 3.141593 
23.61 	 3.141593 
23.62 	 3.141593 
23.63 	 3.141593 
23.64 	 3.141593 
23.65 	 3.141593 
23.66 	 3.141593 
23.67 	 3.141593 
23.68 	 3.141593 
23.69 	 3.141593 
23.70 	 3.141593 
23.71 	 3.141593 
23.72 	 3.141593 
23.73 	 3.141593 
23.74 	 3.141593 
23.75 	 3.141593 
23.76 	 3.141593 
23.77 	 3.141593 
23.78 	 3.141593 
23.79 	 3.141593 
23.80 	 3.141593 
23.81 	 3.141593 
23.82 	 3.141593 
23.83 	 3.141593 
23.84 	 3.141593 
23.85 	 3.141593 
23.86 	 3.141593 
23.87 	 3.141593 
23.88 	 3.141593 
23.89 	 3.141593 
23.90 	 3.141593 
23.91 	 3.141593 
23.92 	 3.141593 
23.93 	 3.141593 
23.94 	 3.141593 
23.95 	 3.141593 
23.96 	 3.141593 
23.97 	 3.141593 
23.98 	 3.141593 
23.99 	 3.141593 
24.00 	 3.141593 
24.01 	 3.141593 
24.02 	 3.141593 
24.03 	 3.141593 
24.04 	 3.141593 
24.05 	 3.141593 
24.06 	 3.141593 
24.07 	 3.141593 
24.08 	 3.141593 
24.09 	 3.141593 
24.10 	 3.141593 
24.11 	 3.141593 
24.12 	 3.141593 
24.13 	 3.141593 
24.14 	 3.141593 
24.15 	 3.141593 
24.16 	 3.141593 
24.17 	 3.141593 
24.18 	 3.141593 
24.19 	 3.141593 
24.20 	 3.141593 
24.21 	 3.141593 
24.22 	 3.141593 
24.23 	 3.141593 
24.24 	 3.141593 
24.25 	 3.141593 
24.26 	 3.141593 
24.27 	 3.141593 
24.28 	 3.141593 
24.29 	 3.141593 
24.30 	 3.141593 
24.31 	 3.141593 
24.32 	 3.141593 
24.33 	 3.141593 
24.34 	 3.141593 
24.35 	 3.141593 
24.36 	 3.141593 
24.37 	 3.141593 
24.38 	 3.141593 
24.39 	 3.141593 
24.40 	 3.141593 
24.41 	 3.141593 
24.42 	 3.141593 
24.43 	 3.141593 
24.44 	 3.141593 
24.45 	 3.141593 
24.46 	 3.141593 
24.47 	 3.141593 
24.48 	 3.141593 
24.49 	 3.141593 
24.50 	 3.141593 
24.51 	 3.141593 
24.52 	 3.141593 
24.53 	 3.141593 
24.54 	 3.141593 
24.55 	 3.141593 
24.56 	 3.141593 
24.57 	 3.141593 
24.58 	 3.141593 
24.59 	 3.141593 
24.60 	 3.141593 
24.61 	 3.141593 
24.62 	 3.141593 
24.63 	 3.141593 
24.64 	 3.141593 
24.65 	 3.141593 
24.66 	 3.141593 
24.67 	 3.141593 
24.68 	 3.141593 
24.69 	 3.141593 
24.70 	 3.141593 
24.71 	 3.141593 
24.72 	 3.141593 
24.73 	 3.141593 
24.74 	 3.141593 
24.75 	 3.141593 
24.76 	 3.141593 
24.77 	 3.141593 
24.78 	 3.141593 
24.79 	 3.141593 
24.80 	 3.141593 
24.81 	 3.141593 
24.82 	 3.141593 
24.83 	 3.141593 
24.84 	 3.141593 
24.85 	 3.141593 
24.86 	 3.141593 
24.87 	 3.141593 
24.88 	 3.141593 
24.89 	 3.141593 
24.90 	 3.141593 
24.91 	 3.141593 
24.92 	 3.141593 
24.93 	 3.141593 
24.94 	 3.141593 
24.95 	 3.141593 
24.96 	 3.141593 
24.97 	 3.141593 
24.98 	 3.141593 
24.99 	 3.141593 
25.00 	 3.141593 
25.01 	 3.141593 
25.02 	 3.141593 
25.03 	 3.141593 
25.04 	 3.141593 
25.05 	 3.141593 
25.06 	 3.141593 
25.07 	 3.141593 
25.08 	 3.141593 
25.09 	 3.141593 
25.10 	 3.141593 
25.11 	 3.141593 
25.12 	 3.141593 
25.13 	 3.141593 
25.14 	 3.141593 
25.15 	 3.141593 
25.16 	 3.141593 
25.17 	 3.141593 
25.18 	 3.141593 
25.19 	 3.141593 
25.20 	 3.141593 
25.21 	 3.141593 
25.22 	 3.141593 
25.23 	 3.141593 
25.24 	 3.141593 
25.25 	 3.141593 
25.26 	 3.141593 
25.27 	 3.141593 
25.28 	 3.141593 
25.29 	 3.141593 
25.30 	 3.141593 
25.31 	 3.141593 
25.32 	 3.141593 
25.33 	 3.141593 
25.34 	 3.141593 
25.35 	 3.141593 
25.36 	 3.141593 
25.37 	 3.141593 
25.38 	 3.141593 
25.39 	 3.141593 
25.40 	 3.141593 
25.41 	 3.141593 
25.42 	 3.141593 
25.43 	 3.141593 
25.44 	 3.141593 
25.45 	 3.141593 
25.46 	 3.141593 
25.47 	 3.141593 
25.48 	 3.141593 
25.49 	 3.141593 
25.50 	 3.141593 
25.51 	 3.141593 
25.52 	 3.141593 
25.53 	 3.141593 
25.54 	 3.141593 
25.55 	 3.141593 
25.56 	 3.141593 
25.57 	 3.141593 
25.58 	 3.141593 
25.59 	 3.141593 
25.60 	 3.141593 
25.61 	 3.141593 
25.62 	 3.141593 
25.63 	 3.141593 
25.64 	 3.141593 
25.65 	 3.141593 
25.66 	 3.141593 
25.67 	 3.141593 
25.68 	 3.141593 
25.69 	 3.141593 
25.70 	 3.141593 
25.71 	 3.141593 
25.72 	 3.141593 
25.73 	 3.141593 
25.74 	 3.141593 
25.75 	 3.141593 
25.76 	 3.141593 
25.77 	 3.141593 
25.78 	 3.141593 
25.79 	 3.141593 
25.80 	 3.141593 
25.81 	 3.141593 
25.82 	 3.141593 
25.83 	 3.141593 
25.84 	 3.141593 
25.85 	 3.141593 
25.86 	 3.141593 
25.87 	 3.141593 
25.88 	 3.141593 
25.89 	 3.141593 
25.90 	 3.141593 
25.91 	 3.141593 
25.92 	 3.141593 
25.93 	 3.141593 
25.94 	 3.141593 
25.95 	 3.141593 
25.96 	 3.141593 
25.97 	 3.141593 
25.98 	 3.141593 
25.99 	 3.141593 
26.00 	 3.141593 
26.01 	 3.141593 
26.02 	 3.141593 
26.03 	 3.141593 
26.04 	 3.141593 
26.05 	 3.141593 
26.06 	 3.141593 
26.07 	 3.141593 
26.08 	 3.141593 
26.09 	 3.141593 
26.10 	 3.141593 
26.11 	 3.141593 
26.12 	 3.141593 
26.13 	 3.141593 
26.14 	 3.141593 
26.15 	 3.141593 
26.16 	 3.141593 
26.17 	 3.141593 
26.18 	 3.141593 
26.19 	 3.141593 
26.20 	 3.141593 
26.21 	 3.141593 
26.22 	 3.141593 
26.23 	 3.141593 
26.24 	 3.141593 
26.25 	 3.141593 
26.26 	 3.141593 
26.27 	 3.141593 
26.28 	 3.141593 
26.29 	 3.141593 
26.30 	 3.141593 
26.31 	 3.141593 
26.32 	 3.141593 
26.33 	 3.141593 
26.34 	 3.141593 
26.35 	 3.141593 
26.36 	 3.141593 
26.37 	 3.141593 
26.38 	 3.141593 
26.39 	 3.141593 
26.40 	 3.141593 
26.41 	 3.141593 
26.42 	 3.141593 
26.43 	 3.141593 
26.44 	 3.141593 
26.45 	 3.141593 
26.46 	 3.141593 
26.47 	 3.141593 
26.48 	 3.141593 
26.49 	 3.141593 
26.50 	 3.141593 
26.51 	 3.141593 
26.52 	 3.141593 
26.53 	 3.141593 
26.54 	 3.141593 
26.55 	 3.141593 
26.56 	 3.141593 
26.57 	 3.141593 
26.58 	 3.141593 
26.59 	 3.141593 
26.60 	 3.141593 
26.61 	 3.141593 
26.62 	 3.141593 
26.63 	 3.141593 
26.64 	 3.141593 
26.65 	 3.141593 
26.66 	 3.141593 
26.67 	 3.141593 
26.68 	 3.141593 
26.69 	 3.141593 
26.70 	 3.141593 
26.71 	 3.141593 
26.72 	 3.141593 
26.73 	 3.141593 
26.74 	 3.141593 
26.75 	 3.141593 
26.76 	 3.141593 
26.77 	 3.141593 
26.78 	 3.141593 
26.79 	 3.141593 
26.80 	 3.141593 
26.81 	 3.141593 
26.82 	 3.141593 
26.83 	 3.141593 
26.84 	 3.141593 
26.85 	 3.141593 
26.86 	 3.141593 
26.87 	 3.141593 
26.88 	 3.141593 
26.89 	 3.141593 
26.90 	 3.141593 
26.91 	 3.141593 
26.92 	 3.141593 
26.93 	 3.141593 
26.94 	 3.141593 
26.95 	 3.141593 
26.96 	 3.141593 
26.97 	 3.141593 
26.98 	 3.141593 
26.99 	 3.141593 
27.00 	 3.141593 
27.01 	 3.141593 
27.02 	 3.141593 
27.03 	 3.141593 
27.04 	 3.141593 
27.05 	 3.141593 
27.06 	 3.141593 
27.07 	 3.141593 
27.08 	 3.141593 
27.09 	 3.141593 
27.10 	 3.141593 
27.11 	 3.141593 
27.12 	 3.141593 
27.13 	 3.141593 
27.14 	 3.141593 
27.15 	 3.141593 
27.16 	 3.141593 
27.17 	 3.141593 
27.18 	 3.141593 
27.19 	 3.141593 
27.20 	 3.141593 
27.21 	 3.141593 
27.22 	 3.141593 
27.23 	 3.141593 
27.24 	 3.141593 
27.25 	 3.141593 
27.26 	 3.141593 
27.27 	 3.141593 
27.28 	 3.141593 
27.29 	 3.141593 
27.30 	 3.141593 
27.31 	 3.141593 
27.32 	 3.141593 
27.33 	 3.141593 
27.34 	 3.141593 
27.35 	 3.141593 
27.36 	 3.141593 
27.37 	 3.141593 
27.38 	 3.141593 
27.39 	 3.141593 
27.40 	 3.141593 
27.41 	 3.141593 
27.42 	 3.141593 
27.43 	 3.141593 
27.44 	 3.141593 
27.45 	 3.141593 
27.46 	 3.141593 
27.47 	 3.141593 
27.48 	 3.141593 
27.49 	 3.141593 
27.50 	 3.141593 
27.51 	 3.141593 
27.52 	 3.141593 
27.53 	 3.141593 
27.54 	 3.141593 
27.55 	 3.141593 
27.56 	 3.141593 
27.57 	 3.141593 
27.58 	 3.141593 
27.59 	 3.141593 
27.60 	 3.141593 
27.61 	 3.141593 
27.62 	 3.141593 
27.63 	 3.141593 
27.64 	 3.141593 
27.65 	 3.141593 
27.66 	 3.141593 
27.67 	 3.141593 
27.68 	 3.141593 
27.69 	 3.141593 
27.70 	 3.141593 
27.71 	 3.141593 
27.72 	 3.141593 
27.73 	 3.141593 
27.74 	 3.141593 
27.75 	 3.141593 
27.76 	 3.141593 
27.77 	 3.141593 
27.78 	 3.141593 
27.79 	 3.141593 
27.80 	 3.141593 
27.81 	 3.141593 
27.82 	 3.141593 
27.83 	 3.141593 
27.84 	 3.141593 
27.85 	 3.141593 
27.86 	 3.141593 
27.87 	 3.141593 
27.88 	 3.141593 
27.89 	 3.141593 
27.90 	 3.141593 
27.91 	 3.141593 
27.92 	 3.141593 
27.93 	 3.141593 
27.94 	 3.141593 
27.95 	 3.141593 
27.96 	 3.141593 
27.97 	 3.141593 
27.98 	 3.141593 
27.99 	 3.141593 
28.00 	 3.141593 
28.01 	 3.141593 
28.02 	 3.141593 
28.03 	 3.141593 
28.04 	 3.141593 
28.05 	 3.141593 
28.06 	 3.141593 
28.07 	 3.141593 
28.08 	 3.141593 
28.09 	 3.141593 
28.10 	 3.141593 
28.11 	 3.141593 
28.12 	 3.141593 
28.13 	 3.141593 
28.14 	 3.141593 
28.15 	 3.141593 
28.16 	 3.141593 
28.17 	 3.141593 
28.18 	 3.141593 
28.19 	 3.141593 
28.20 	 3.141593 
28.21 	 3.141593 
28.22 	 3.141593 
28.23 	 3.141593 
28.24 	 3.141593 
28.25 	 3.141593 
28.26 	 3.141593 
28.27 	 3.141593 
28.28 	 3.141593 
28.29 	 3.141593 
28.30 	 3.141593 
28.31 	 3.141593 
28.32 	 3.141593 
28.33 	 3.141593 
28.34 	 3.141593 
28.35 	 3.141593 
28.36 	 3.141593 
28.37 	 3.141593 
28.38 	 3.141593 
28.39 	 3.141593 
28.40 	 3.141593 
28.41 	 3.141593 
28.42 	 3.141593 
28.43 	 3.141593 
28.44 	 3.141593 
28.45 	 3.141593 
28.46 	 3.141593 
28.47 	 3.141593 
28.48 	 3.141593 
28.49 	 3.141593 
28.50 	 3.141593 
28.51 	 3.141593 
28.52 	 3.141593 
28.53 	 3.141593 
28.54 	 3.141593 
28.55 	 3.141593 
28.56 	 3.141593 
28.57 	 3.141593 
28.58 	 3.141593 
28.59 	 3.141593 
28.60 	 3.141593 
28.61 	 3.141593 
28.62 	 3.141593 
28.63 	 3.141593 
28.64 	 3.141593 
28.65 	 3.141593 
28.66 	 3.141593 
28.67 	 3.141593 
28.68 	 3.141593 
28.69 	 3.141593 
28.70 	 3.141593 
28.71 	 3.141593 
28.72 	 3.141593 
28.73 	 3.141593 
28.74 	 3.141593 
28.75 	 3.141593 
28.76 	 3.141593 
28.77 	 3.141593 
28.78 	 3.141593 
28.79 	 3.141593 
28.80 	 3.141593 
28.81 	 3.141593 
28.82 	 3.141593 
28.83 	 3.141593 
28.84 	 3.141593 
28.85 	 3.141593 
28.86 	 3.141593 
28.87 	 3.141593 
28.88 	 3.141593 
28.89 	 3.141593 
28.90 	 3.141593 
28.91 	 3.141593 
28.92 	 3.141593 
28.93 	 3.141593 
28.94 	 3.141593 
28.95 	 3.141593 
28.96 	 3.141593 
28.97 	 3.141593 
28.98 	 3.141593 
28.99 	 3.141593 
29.00 	 3.141593 
29.01 	 3.141593 
29.02 	 3.141593 
29.03 	 3.141593 
29.04 	 3.141593 
29.05 	 3.141593 
29.06 	 3.141593 
29.07 	 3.141593 
29.08 	 3.141593 
29.09 	 3.141593 
29.10 	 3.141593 
29.11 	 3.141593 
29.12 	 3.141593 
29.13 	 3.141593 
29.14 	 3.141593 
29.15 	 3.141593 
29.16 	 3.141593 
29.17 	 3.141593 
29.18 	 3.141593 
29.19 	 3.141593 
29.20 	 3.141593 
29.21 	 3.141593 
29.22 	 3.141593 
29.23 	 3.141593 
29.24 	 3.141593 
29.25 	 3.141593 
29.26 	 3.141593 
29.27 	 3.141593 
29.28 	 3.141593 
29.29 	 3.141593 
29.30 	 3.141593 
29.31 	 3.141593 
29.32 	 3.141593 
29.33 	 3.141593 
29.34 	 3.141593 
29.35 	 3.141593 
29.36 	 3.141593 
29.37 	 3.141593 
29.38 	 3.141593 
29.39 	 3.141593 
29.40 	 3.141593 
29.41 	 3.141593 
29.42 	 3.141593 
29.43 	 3.141593 
29.44 	 3.141593 
29.45 	 3.141593 
29.46 	 3.141593 
29.47 	 3.141593 
29.48 	 3.141593 
29.49 	 3.141593 
29.50 	 3.141593 
29.51 	 3.141593 
29.52 	 3.141593 
29.53 	 3.141593 
29.54 	 3.141593 
29.55 	 3.141593 
29.56 	 3.141593 
29.57 	 3.141593 
29.58 	 3.141593 
29.59 	 3.141593 
29.60 	 3.141593 
29.61 	 3.141593 
29.62 	 3.141593 
29.63 	 3.141593 
29.64 	 3.141593 
29.65 	 3.141593 
29.66 	 3.141593 
29.67 	 3.141593 
29.68 	 3.141593 
29.69 	 3.141593 
29.70 	 3.141593 
29.71 	 3.141593 
29.72 	 3.141593 
29.73 	 3.141593 
29.74 	 3.141593 
29.75 	 3.141593 
29.76 	 3.141593 
29.77 	 3.141593 
29.78 	 3.141593 
29.79 	 3.141593 
29.80 	 3.141593 
29.81 	 3.141593 
29.82 	 3.141593 
29.83 	 3.141593 
29.84 	 3.141593 
29.85 	 3.141593 
29.86 	 3.141593 
29.87 	 3.141593 
29.88 	 3.141593 
29.89 	 3.141593 
29.90 	 3.141593 
29.91 	 3.141593 
29.92 	 3.141593 
29.93 	 3.141593 
29.94 	 3.141593 
29.95 	 3.141593 
29.96 	 3.141593 
29.97 	 3.141593 
29.98 	 3.141593 
29.99 	 3.141593 
30.00 	 3.141593 
30.01 	 3.141593 
30.02 	 3.141593 
30.03 	 3.141593 
30.04 	 3.141593 
30.05 	 3.141593 
30.06 	 3.141593 
30.07 	 3.141593 
30.08 	 3.141593 
30.09 	 3.141593 
30.10 	 3.141593 
30.11 	 3.141593 
30.12 	 3.141593 
30.13 	 3.141593 
30.14 	 3.141593 
30.15 	 3.141593 
30.16 	 3.141593 
30.17 	 3.141593 
30.18 	 3.141593 
30.19 	 3.141593 
30.20 	 3.141593 
30.21 	 3.141593 
30.22 	 3.141593 
30.23 	 3.141593 
30.24 	 3.141593 
30.25 	 3.141593 
30.26 	 3.141593 
30.27 	 3.141593 
30.28 	 3.141593 
30.29 	 3.141593 
30.30 	 3.141593 
30.31 	 3.141593 
30.32 	 3.141593 
30.33 	 3.141593 
30.34 	 3.141593 
30.35 	 3.141593 
30.36 	 3.141593 
30.37 	 3.141593 
30.38 	 3.141593 
30.39 	 3.141593 
30.40 	 3.141593 
30.41 	 3.141593 
30.42 	 3.141593 
30.43 	 3.141593 
30.44 	 3.141593 
30.45 	 3.141593 
30.46 	 3.141593 
30.47 	 3.141593 
30.48 	 3.141593 
30.49 	 3.141593 
30.50 	 3.141593 
30.51 	 3.141593 
30.52 	 3.141593 
30.53 	 3.141593 
30.54 	 3.141593 
30.55 	 3.141593 
30.56 	 3.141593 
30.57 	 3.141593 
30.58 	 3.141593 
30.59 	 3.141593 
30.60 	 3.141593 
30.61 	 3.141593 
30.62 	 3.141593 
30.63 	 3.141593 
30.64 	 3.141593 
30.65 	 3.141593 
30.66 	 3.141593 
30.67 	 3.141593 
30.68 	 3.141593 
30.69 	 3.141593 
30.70 	 3.141593 
30.71 	 3.141593 
30.72 	 3.141593 
30.73 	 3.141593 
30.74 	 3.141593 
30.75 	 3.141593 
30.76 	 3.141593 
30.77 	 3.141593 
30.78 	 3.141593 
30.79 	 3.141593 
30.80 	 3.141593 
30.81 	 3.141593 
30.82 	 3.141593 
30.83 	 3.141593 
30.84 	 3.141593 
30.85 	 3.141593 
30.86 	 3.141593 
30.87 	 3.141593 
30.88 	 3.141593 
30.89 	 3.141593 
30.90 	 3.141593 
30.91 	 3.141593 
30.92 	 3.141593 
30.93 	 3.141593 
30.94 	 3.141593 
30.95 	 3.141593 
30.96 	 3.141593 
30.97 	 3.141593 
30.98 	 3.141593 
30.99 	 3.141593 
31.00 	 3.141593 
31.01 	 3.141593 
31.02 	 3.141593 
31.03 	 3.141593 
31.04 	 3.141593 
31.05 	 3.141593 
31.06 	 3.141593 
31.07 	 3.141593 
31.08 	 3.141593 
31.09 	 3.141593 
31.10 	 3.141593 
31.11 	 3.141593 
31.12 	 3.141593 
31.13 	 3.141593 
31.14 	 3.141593 
31.15 	 3.141593 
31.16 	 3.141593 
31.17 	 3.141593 
31.18 	 3.141593 
31.19 	 3.141593 
31.20 	 3.141593 
31.21 	 3.141593 
31.22 	 3.141593 
31.23 	 3.141593 
31.24 	 3.141593 
31.25 	 3.141593 
31.26 	 3.141593 
31.27 	 3.141593 
31.28 	 3.141593 
31.29 	 3.141593 
31.30 	 3.141593 
31.31 	 3.141593 
31.32 	 3.141593 
31.33 	 3.141593 
31.34 	 3.141593 
31.35 	 3.141593 
31.36 	 3.141593 
31.37 	 3.141593 
31.38 	 3.141593 
31.39 	 3.141593 
31.40 	 3.141593 
31.41 	 3.141593 
31.42 	 3.141593 
31.43 	 3.141593 
31.44 	 3.141593 
31.45 	 3.141593 
31.46 	 3.141593 
31.47 	 3.141593 
31.48 	 3.141593 
31.49 	 3.141593 
31.50 	 3.141593 
31.51 	 3.141593 
31.52 	 3.141593 
31.53 	 3.141593 
31.54 	 3.141593 
31.55 	 3.141593 
31.56 	 3.141593 
31.57 	 3.141593 
31.58 	 3.141593 
31.59 	 3.141593 
31.60 	 3.141593 
31.61 	 3.141593 
31.62 	 3.141593 
31.63 	 3.141593 
31.64 	 3.141593 
31.65 	 3.141593 
31.66 	 3.141593 
31.67 	 3.141593 
31.68 	 3.141593 
31.69 	 3.141593 
31.70 	 3.141593 
31.71 	 3.141593 
31.72 	 3.141593 
31.73 	 3.141593 
31.74 	 3.141593 
31.75 	 3.141593 
31.76 	 3.141593 
31.77 	 3.141593 
31.78 	 3.141593 
31.79 	 3.141593 
31.80 	 3.141593 
31.81 	 3.141593 
31.82 	 3.141593 
31.83 	 3.141593 
31.84 	 3.141593 
31.85 	 3.141593 
31.86 	 3.141593 
31.87 	 3.141593 
31.88 	 3.141593 
31.89 	 3.141593 
31.90 	 3.141593 
31.91 	 3.141593 
31.92 	 3.141593 
31.93 	 3.141593 
31.94 	 3.141593 
31.95 	 3.141593 
31.96 	 3.141593 
31.97 	 3.141593 
31.98 	 3.141593 
31.99 	 3.141593 
32.00 	 3.141593 
32.01 	 3.141593 
32.02 	 3.141593 
32.03 	 3.141593 
32.04 	 3.141593 
32.05 	 3.141593 
32.06 	 3.141593 
32.07 	 3.141593 
32.08 	 3.141593 
32.09 	 3.141593 
32.10 	 3.141593 
32.11 	 3.141593 
32.12 	 3.141593 
32.13 	 3.141593 
32.14 	 3.141593 
32.15 	 3.141593 
32.16 	 3.141593 
32.17 	 3.141593 
32.18 	 3.141593 
32.19 	 3.141593 
32.20 	 3.141593 
32.21 	 3.141593 
32.22 	 3.141593 
32.23 	 3.141593 
32.24 	 3.141593 
32.25 	 3.141593 
32.26 	 3.141593 
32.27 	 3.141593 
32.28 	 3.141593 
32.29 	 3.141593 
32.30 	 3.141593 
32.31 	 3.141593 
32.32 	 3.141593 
32.33 	 3.141593 
32.34 	 3.141593 
32.35 	 3.141593 
32.36 	 3.141593 
32.37 	 3.141593 
32.38 	 3.141593 
32.39 	 3.141593 
32.40 	 3.141593 
32.41 	 3.141593 
32.42 	 3.141593 
32.43 	 3.141593 
32.44 	 3.141593 
32.45 	 3.141593 
32.46 	 3.141593 
32.47 	 3.141593 
32.48 	 3.141593 
32.49 	 3.141593 
32.50 	 3.141593 
32.51 	 3.141593 
32.52 	 3.141593 
32.53 	 3.141593 
32.54 	 3.141593 
32.55 	 3.141593 
32.56 	 3.141593 
32.57 	 3.141593 
32.58 	 3.141593 
32.59 	 3.141593 
32.60 	 3.141593 
32.61 	 3.141593 
32.62 	 3.141593 
32.63 	 3.141593 
32.64 	 3.141593 
32.65 	 3.141593 
32.66 	 3.141593 
32.67 	 3.141593 
32.68 	 3.141593 
32.69 	 3.141593 
32.70 	 3.141593 
32.71 	 3.141593 
32.72 	 3.141593 
32.73 	 3.141593 
32.74 	 3.141593 
32.75 	 3.141593 
32.76 	 3.141593 
32.77 	 3.141593 
32.78 	 3.141593 
32.79 	 3.141593 
32.80 	 3.141593 
32.81 	 3.141593 
32.82 	 3.141593 
32.83 	 3.141593 
32.84 	 3.141593 
32.85 	 3.141593 
32.86 	 3.141593 
32.87 	 3.141593 
32.88 	 3.141593 
32.89 	 3.141593 
32.90 	 3.141593 
32.91 	 3.141593 
32.92 	 3.141593 
32.93 	 3.141593 
32.94 	 3.141593 
32.95 	 3.141593 
32.96 	 3.141593 
32.97 	 3.141593 
32.98 	 3.141593 
32.99 	 3.141593 
33.00 	 3.141593 
33.01 	 3.141593 
33.02 	 3.141593 
33.03 	 3.141593 
33.04 	 3.141593 
33.05 	 3.141593 
33.06 	 3.141593 
33.07 	 3.141593 
33.08 	 3.141593 
33.09 	 3.141593 
33.10 	 3.141593 
33.11 	 3.141593 
33.12 	 3.141593 
33.13 	 3.141593 
33.14 	 3.141593 
33.15 	 3.141593 
33.16 	 3.141593 
33.17 	 3.141593 
33.18 	 3.141593 
33.19 	 3.141593 
33.20 	 3.141593 
33.21 	 3.141593 
33.22 	 3.141593 
33.23 	 3.141593 
33.24 	 3.141593 
33.25 	 3.141593 
33.26 	 3.141593 
33.27 	 3.141593 
33.28 	 3.141593 
33.29 	 3.141593 
33.30 	 3.141593 
33.31 	 3.141593 
33.32 	 3.141593 
33.33 	 3.141593 
33.34 	 3.141593 
33.35 	 3.141593 
33.36 	 3.141593 
33.37 	 3.141593 
33.38 	 3.141593 
33.39 	 3.141593 
33.40 	 3.141593 
33.41 	 3.141593 
33.42 	 3.141593 
33.43 	 3.141593 
33.44 	 3.141593 
33.45 	 3.141593 
33.46 	 3.141593 
33.47 	 3.141593 
33.48 	 3.141593 
33.49 	 3.141593 
33.50 	 3.141593 
33.51 	 3.141593 
33.52 	 3.141593 
33.53 	 3.141593 
33.54 	 3.141593 
33.55 	 3.141593 
33.56 	 3.141593 
33.57 	 3.141593 
33.58 	 3.141593 
33.59 	 3.141593 
33.60 	 3.141593 
33.61 	 3.141593 
33.62 	 3.141593 
33.63 	 3.141593 
33.64 	 3.141593 
33.65 	 3.141593 
33.66 	 3.141593 
33.67 	 3.141593 
33.68 	 3.141593 
33.69 	 3.141593 
33.70 	 3.141593 
33.71 	 3.141593 
33.72 	 3.141593 
33.73 	 3.141593 
33.74 	 3.141593 
33.75 	 3.141593 
33.76 	 3.141593 
33.77 	 3.141593 
33.78 	 3.141593 
33.79 	 3.141593 
33.80 	 3.141593 
33.81 	 3.141593 
33.82 	 3.141593 
33.83 	 3.141593 
33.84 	 3.141593 
33.85 	 3.141593 
33.86 	 3.141593 
33.87 	 3.141593 
33.88 	 3.141593 
33.89 	 3.141593 
33.90 	 3.141593 
33.91 	 3.141593 
33.92 	 3.141593 
33.93 	 3.141593 
33.94 	 3.141593 
33.95 	 3.141593 
33.96 	 3.141593 
33.97 	 3.141593 
33.98 	 3.141593 
33.99 	 3.141593 
34.00 	 3.141593 
34.01 	 3.141593 
34.02 	 3.141593 
34.03 	 3.141593 
34.04 	 3.141593 
34.05 	 3.141593 
34.06 	 3.141593 
34.07 	 3.141593 
34.08 	 3.141593 
34.09 	 3.141593 
34.10 	 3.141593 
34.11 	 3.141593 
34.12 	 3.141593 
34.13 	 3.141593 
34.14 	 3.141593 
34.15 	 3.141593 
34.16 	 3.141593 
34.17 	 3.141593 
34.18 	 3.141593 
34.19 	 3.141593 
34.20 	 3.141593 
34.21 	 3.141593 
34.22 	 3.141593 
34.23 	 3.141593 
34.24 	 3.141593 
34.25 	 3.141593 
34.26 	 3.141593 
34.27 	 3.141593 
34.28 	 3.141593 
34.29 	 3.141593 
34.30 	 3.141593 
34.31 	 3.141593 
34.32 	 3.141593 
34.33 	 3.141593 
34.34 	 3.141593 
34.35 	 3.141593 
34.36 	 3.141593 
34.37 	 3.141593 
34.38 	 3.141593 
34.39 	 3.141593 
34.40 	 3.141593 
34.41 	 3.141593 
34.42 	 3.141593 
34.43 	 3.141593 
34.44 	 3.141593 
34.45 	 3.141593 
34.46 	 3.141593 
34.47 	 3.141593 
34.48 	 3.141593 
34.49 	 3.141593 
34.50 	 3.141593 
34.51 	 3.141593 
34.52 	 3.141593 
34.53 	 3.141593 
34.54 	 3.141593 
34.55 	 3.141593 
34.56 	 3.141593 
34.57 	 3.141593 
34.58 	 3.141593 
34.59 	 3.141593 
34.60 	 3.141593 
34.61 	 3.141593 
34.62 	 3.141593 
34.63 	 3.141593 
34.64 	 3.141593 
34.65 	 3.141593 
34.66 	 3.141593 
34.67 	 3.141593 
34.68 	 3.141593 
34.69 	 3.141593 
34.70 	 3.141593 
34.71 	 3.141593 
34.72 	 3.141593 
34.73 	 3.141593 
34.74 	 3.141593 
34.75 	 3.141593 
34.76 	 3.141593 
34.77 	 3.141593 
34.78 	 3.141593 
34.79 	 3.141593 
34.80 	 3.141593 
34.81 	 3.141593 
34.82 	 3.141593 
34.83 	 3.141593 
34.84 	 3.141593 
34.85 	 3.141593 
34.86 	 3.141593 
34.87 	 3.141593 
34.88 	 3.141593 
34.89 	 3.141593 
34.90 	 3.141593 
34.91 	 3.141593 
34.92 	 3.141593 
34.93 	 3.141593 
34.94 	 3.141593 
34.95 	 3.141593 
34.96 	 3.141593 
34.97 	 3.141593 
34.98 	 3.141593 
34.99 	 3.141593 
35.00 	 3.141593 
35.01 	 3.141593 
35.02 	 3.141593 
35.03 	 3.141593 
35.04 	 3.141593 
35.05 	 3.141593 
35.06 	 3.141593 
35.07 	 3.141593 
35.08 	 3.141593 
35.09 	 3.141593 
35.10 	 3.141593 
35.11 	 3.141593 
35.12 	 3.141593 
35.13 	 3.141593 
35.14 	 3.141593 
35.15 	 3.141593 
35.16 	 3.141593 
35.17 	 3.141593 
35.18 	 3.141593 
35.19 	 3.141593 
35.20 	 3.141593 
35.21 	 3.141593 
35.22 	 3.141593 
35.23 	 3.141593 
35.24 	 3.141593 
35.25 	 3.141593 
35.26 	 3.141593 
35.27 	 3.141593 
35.28 	 3.141593 
35.29 	 3.141593 
35.30 	 3.141593 
35.31 	 3.141593 
35.32 	 3.141593 
35.33 	 3.141593 
35.34 	 3.141593 
35.35 	 3.141593 
35.36 	 3.141593 
35.37 	 3.141593 
35.38 	 3.141593 
35.39 	 3.141593 
35.40 	 3.141593 
35.41 	 3.141593 
35.42 	 3.141593 
35.43 	 3.141593 
35.44 	 3.141593 
35.45 	 3.141593 
35.46 	 3.141593 
35.47 	 3.141593 
35.48 	 3.141593 
35.49 	 3.141593 
35.50 	 3.141593 
35.51 	 3.141593 
35.52 	 3.141593 
35.53 	 3.141593 
35.54 	 3.141593 
35.55 	 3.141593 
35.56 	 3.141593 
35.57 	 3.141593 
35.58 	 3.141593 
35.59 	 3.141593 
35.60 	 3.141593 
35.61 	 3.141593 
35.62 	 3.141593 
35.63 	 3.141593 
35.64 	 3.141593 
35.65 	 3.141593 
35.66 	 3.141593 
35.67 	 3.141593 
35.68 	 3.141593 
35.69 	 3.141593 
35.70 	 3.141593 
35.71 	 3.141593 
35.72 	 3.141593 
35.73 	 3.141593 
35.74 	 3.141593 
35.75 	 3.141593 
35.76 	 3.141593 
35.77 	 3.141593 
35.78 	 3.141593 
35.79 	 3.141593 
35.80 	 3.141593 
35.81 	 3.141593 
35.82 	 3.141593 
35.83 	 3.141593 
35.84 	 3.141593 
35.85 	 3.141593 
35.86 	 3.141593 
35.87 	 3.141593 
35.88 	 3.141593 
35.89 	 3.141593 
35.90 	 3.141593 
35.91 	 3.141593 
35.92 	 3.141593 
35.93 	 3.141593 
35.94 	 3.141593 
35.95 	 3.141593 
35.96 	 3.141593 
35.97 	 3.141593 
35.98 	 3.141593 
35.99 	 3.141593 
36.00 	 3.141593 
36.01 	 3.141593 
36.02 	 3.141593 
36.03 	 3.141593 
36.04 	 3.141593 
36.05 	 3.141593 
36.06 	 3.141593 
36.07 	 3.141593 
36.08 	 3.141593 
36.09 	 3.141593 
36.10 	 3.141593 
36.11 	 3.141593 
36.12 	 3.141593 
36.13 	 3.141593 
36.14 	 3.141593 
36.15 	 3.141593 
36.16 	 3.141593 
36.17 	 3.141593 
36.18 	 3.141593 
36.19 	 3.141593 
36.20 	 3.141593 
36.21 	 3.141593 
36.22 	 3.141593 
36.23 	 3.141593 
36.24 	 3.141593 
36.25 	 3.141593 
36.26 	 3.141593 
36.27 	 3.141593 
36.28 	 3.141593 
36.29 	 3.141593 
36.30 	 3.141593 
36.31 	 3.141593 
36.32 	 3.141593 
36.33 	 3.141593 
36.34 	 3.141593 
36.35 	 3.141593 
36.36 	 3.141593 
36.37 	 3.141593 
36.38 	 3.141593 
36.39 	 3.141593 
36.40 	 3.141593 
36.41 	 3.141593 
36.42 	 3.141593 
36.43 	 3.141593 
36.44 	 3.141593 
36.45 	 3.141593 
36.46 	 3.141593 
36.47 	 3.141593 
36.48 	 3.141593 
36.49 	 3.141593 
36.50 	 3.141593 
36.51 	 3.141593 
36.52 	 3.141593 
36.53 	 3.141593 
36.54 	 3.141593 
36.55 	 3.141593 
36.56 	 3.141593 
36.57 	 3.141593 
36.58 	 3.141593 
36.59 	 3.141593 
36.60 	 3.141593 
36.61 	 3.141593 
36.62 	 3.141593 
36.63 	 3.141593 
36.64 	 3.141593 
36.65 	 3.141593 
36.66 	 3.141593 
36.67 	 3.141593 
36.68 	 3.141593 
36.69 	 3.141593 
36.70 	 3.141593 
36.71 	 3.141593 
36.72 	 3.141593 
36.73 	 3.141593 
36.74 	 3.141593 
36.75 	 3.141593 
36.76 	 3.141593 
36.77 	 3.141593 
36.78 	 3.141593 
36.79 	 3.141593 
36.80 	 3.141593 
36.81 	 3.141593 
36.82 	 3.141593 
36.83 	 3.141593 
36.84 	 3.141593 
36.85 	 3.141593 
36.86 	 3.141593 
36.87 	 3.141593 
36.88 	 3.141593 
36.89 	 3.141593 
36.90 	 3.141593 
36.91 	 3.141593 
36.92 	 3.141593 
36.93 	 3.141593 
36.94 	 3.141593 
36.95 	 3.141593 
36.96 	 3.141593 
36.97 	 3.141593 
36.98 	 3.141593 
36.99 	 3.141593 
37.00 	 3.141593 
37.01 	 3.141593 
37.02 	 3.141593 
37.03 	 3.141593 
37.04 	 3.141593 
37.05 	 3.141593 
37.06 	 3.141593 
37.07 	 3.141593 
37.08 	 3.141593 
37.09 	 3.141593 
37.10 	 3.141593 
37.11 	 3.141593 
37.12 	 3.141593 
37.13 	 3.141593 
37.14 	 3.141593 
37.15 	 3.141593 
37.16 	 3.141593 
37.17 	 3.141593 
37.18 	 3.141593 
37.19 	 3.141593 
37.20 	 3.141593 
37.21 	 3.141593 
37.22 	 3.141593 
37.23 	 3.141593 
37.24 	 3.141593 
37.25 	 3.141593 
37.26 	 3.141593 
37.27 	 3.141593 
37.28 	 3.141593 
37.29 	 3.141593 
37.30 	 3.141593 
37.31 	 3.141593 
37.32 	 3.141593 
37.33 	 3.141593 
37.34 	 3.141593 
37.35 	 3.141593 
37.36 	 3.141593 
37.37 	 3.141593 
37.38 	 3.141593 
37.39 	 3.141593 
37.40 	 3.141593 
37.41 	 3.141593 
37.42 	 3.141593 
37.43 	 3.141593 
37.44 	 3.141593 
37.45 	 3.141593 
37.46 	 3.141593 
37.47 	 3.141593 
37.48 	 3.141593 
37.49 	 3.141593 
37.50 	 3.141593 
37.51 	 3.141593 
37.52 	 3.141593 
37.53 	 3.141593 
37.54 	 3.141593 
37.55 	 3.141593 
37.56 	 3.141593 
37.57 	 3.141593 
37.58 	 3.141593 
37.59 	 3.141593 
37.60 	 3.141593 
37.61 	 3.141593 
37.62 	 3.141593 
37.63 	 3.141593 
37.64 	 3.141593 
37.65 	 3.141593 
37.66 	 3.141593 
37.67 	 3.141593 
37.68 	 3.141593 
37.69 	 3.141593 
37.70 	 3.141593 
37.71 	 3.141593 
37.72 	 3.141593 
37.73 	 3.141593 
37.74 	 3.141593 
37.75 	 3.141593 
37.76 	 3.141593 
37.77 	 3.141593 
37.78 	 3.141593 
37.79 	 3.141593 
37.80 	 3.141593 
37.81 	 3.141593 
37.82 	 3.141593 
37.83 	 3.141593 
37.84 	 3.141593 
37.85 	 3.141593 
37.86 	 3.141593 
37.87 	 3.141593 
37.88 	 3.141593 
37.89 	 3.141593 
37.90 	 3.141593 
37.91 	 3.141593 
37.92 	 3.141593 
37.93 	 3.141593 
37.94 	 3.141593 
37.95 	 3.141593 
37.96 	 3.141593 
37.97 	 3.141593 
37.98 	 3.141593 
37.99 	 3.141593 
38.00 	 3.141593 
38.01 	 3.141593 
38.02 	 3.141593 
38.03 	 3.141593 
38.04 	 3.141593 
38.05 	 3.141593 
38.06 	 3.141593 
38.07 	 3.141593 
38.08 	 3.141593 
38.09 	 3.141593 
38.10 	 3.141593 
38.11 	 3.141593 
38.12 	 3.141593 
38.13 	 3.141593 
38.14 	 3.141593 
38.15 	 3.141593 
38.16 	 3.141593 
38.17 	 3.141593 
38.18 	 3.141593 
38.19 	 3.141593 
38.20 	 3.141593 
38.21 	 3.141593 
38.22 	 3.141593 
38.23 	 3.141593 
38.24 	 3.141593 
38.25 	 3.141593 
38.26 	 3.141593 
38.27 	 3.141593 
38.28 	 3.141593 
38.29 	 3.141593 
38.30 	 3.141593 
38.31 	 3.141593 
38.32 	 3.141593 
38.33 	 3.141593 
38.34 	 3.141593 
38.35 	 3.141593 
38.36 	 3.141593 
38.37 	 3.141593 
38.38 	 3.141593 
38.39 	 3.141593 
38.40 	 3.141593 
38.41 	 3.141593 
38.42 	 3.141593 
38.43 	 3.141593 
38.44 	 3.141593 
38.45 	 3.141593 
38.46 	 3.141593 
38.47 	 3.141593 
38.48 	 3.141593 
38.49 	 3.141593 
38.50 	 3.141593 
38.51 	 3.141593 
38.52 	 3.141593 
38.53 	 3.141593 
38.54 	 3.141593 
38.55 	 3.141593 
38.56 	 3.141593 
38.57 	 3.141593 
38.58 	 3.141593 
38.59 	 3.141593 
38.60 	 3.141593 
38.61 	 3.141593 
38.62 	 3.141593 
38.63 	 3.141593 
38.64 	 3.141593 
38.65 	 3.141593 
38.66 	 3.141593 
38.67 	 3.141593 
38.68 	 3.141593 
38.69 	 3.141593 
38.70 	 3.141593 
38.71 	 3.141593 
38.72 	 3.141593 
38.73 	 3.141593 
38.74 	 3.141593 
38.75 	 3.141593 
38.76 	 3.141593 
38.77 	 3.141593 
38.78 	 3.141593 
38.79 	 3.141593 
38.80 	 3.141593 
38.81 	 3.141593 
38.82 	 3.141593 
38.83 	 3.141593 
38.84 	 3.141593 
38.85 	 3.141593 
38.86 	 3.141593 
38.87 	 3.141593 
38.88 	 3.141593 
38.89 	 3.141593 
38.90 	 3.141593 
38.91 	 3.141593 
38.92 	 3.141593 
38.93 	 3.141593 
38.94 	 3.141593 
38.95 	 3.141593 
38.96 	 3.141593 
38.97 	 3.141593 
38.98 	 3.141593 
38.99 	 3.141593 
39.00 	 3.141593 
39.01 	 3.141593 
39.02 	 3.141593 
39.03 	 3.141593 
39.04 	 3.141593 
39.05 	 3.141593 
39.06 	 3.141593 
39.07 	 3.141593 
39.08 	 3.141593 
39.09 	 3.141593 
39.10 	 3.141593 
39.11 	 3.141593 
39.12 	 3.141593 
39.13 	 3.141593 
39.14 	 3.141593 
39.15 	 3.141593 
39.16 	 3.141593 
39.17 	 3.141593 
39.18 	 3.141593 
39.19 	 3.141593 
39.20 	 3.141593 
39.21 	 3.141593 
39.22 	 3.141593 
39.23 	 3.141593 
39.24 	 3.141593 
39.25 	 3.141593 
39.26 	 3.141593 
39.27 	 3.141593 
39.28 	 3.141593 
39.29 	 3.141593 
39.30 	 3.141593 
39.31 	 3.141593 
39.32 	 3.141593 
39.33 	 3.141593 
39.34 	 3.141593 
39.35 	 3.141593 
39.36 	 3.141593 
39.37 	 3.141593 
39.38 	 3.141593 
39.39 	 3.141593 
39.40 	 3.141593 
39.41 	 3.141593 
39.42 	 3.141593 
39.43 	 3.141593 
39.44 	 3.141593 
39.45 	 3.141593 
39.46 	 3.141593 
39.47 	 3.141593 
39.48 	 3.141593 
39.49 	 3.141593 
39.50 	 3.141593 
39.51 	 3.141593 
39.52 	 3.141593 
39.53 	 3.141593 
39.54 	 3.141593 
39.55 	 3.141593 
39.56 	 3.141593 
39.57 	 3.141593 
39.58 	 3.141593 
39.59 	 3.141593 
39.60 	 3.141593 
39.61 	 3.141593 
39.62 	 3.141593 
39.63 	 3.141593 
39.64 	 3.141593 
39.65 	 3.141593 
39.66 	 3.141593 
39.67 	 3.141593 
39.68 	 3.141593 
39.69 	 3.141593 
39.70 	 3.141593 
39.71 	 3.141593 
39.72 	 3.141593 
39.73 	 3.141593 
39.74 	 3.141593 
39.75 	 3.141593 
39.76 	 3.141593 
39.77 	 3.141593 
39.78 	 3.141593 
39.79 	 3.141593 
39.80 	 3.141593 
39.81 	 3.141593 
39.82 	 3.141593 
39.83 	 3.141593 
39.84 	 3.141593 
39.85 	 3.141593 
39.86 	 3.141593 
39.87 	 3.141593 
39.88 	 3.141593 
39.89 	 3.141593 
39.90 	 3.141593 
39.91 	 3.141593 
39.92 	 3.141593 
39.93 	 3.141593 
39.94 	 3.141593 
39.95 	 3.141593 
39.96 	 3.141593 
39.97 	 3.141593 
39.98 	 3.141593 
39.99 	 3.141593 
